id,hq_id,title,brand,scraped_aisle,main_category,sub_category,final_price,original_price,discount_pct,discount_label,deal_price,deal_count,unit,unit_price_description,is_bonus,discount_type,bonus_mechanism,bonus_start,bonus_end,nutriscore,available_online,shop_type,url,scraped_at,title_eng,aisle_eng
588085,33267,Boursin Plantaardig knoflook & fijne kruiden,Boursin,vegetarisch-vegan-en-plantaardig,"Vegetarisch, vegan en plantaardig",Plantaardige kaas voor de borrel,3.49,3.49,,,,,150 g,prijs per kg €23.27,False,,,,,D,True,AH,https://www.ah.nl/producten/product/wi588085,2026-08-09,Boursin Plantaardig knoflook & fijne kruiden,vegetarian-vegan-and-plant-based
412158,855694,Oatly! Haver barista edition,Oatly!,vegetarisch-vegan-en-plantaardig,"Vegetarisch, vegan en plantaardig",Haverdrink,2.89,2.89,,,,,1 l,prijs per liter €2.89,False,,,,,D,True,AH,https://www.ah.nl/producten/product/wi412158,2026-08-09,Oatly! Oat barista edition,vegetarian-vegan-and-plant-based
611232,0,Oatly! Haver barista edition 4-pack,Oatly!,vegetarisch-vegan-en-plantaardig,"Vegetarisch, vegan en plantaardig",Haverdrink,10.98,11.56,5.0,5% volume voordeel,,,4 stuks,,True,AHOO,5% volume voordeel,2026-08-09,2999-12-31,,True,AH,https://www.ah.nl/producten/product/wi611232,2026-08-09,Oatly! Oats barista edition 4-pack,vegetarian-vegan-and-plant-based
445419,707247,Kips Vega paté vol en smeuig,Kips,vegetarisch-vegan-en-plantaardig,"Vegetarisch, vegan en plantaardig",Plantaardige vleeswaren,2.49,2.49,,,,,125 g,prijs per kg €19.92,False,,,,,E,True,AH,https://www.ah.nl/producten/product/wi445419,2026-08-09,Kips Vega paté vol en smeuig,vegetarian-vegan-and-plant-based
489288,742894,AH Terra Plantaardige smeerleverworst,AH Terra,vegetarisch-vegan-en-plantaardig,"Vegetarisch, vegan en plantaardig",Plantaardige vleeswaren,1.59,1.59,,,,,125 g,prijs per kg €12.72,False,,,,,C,True,AH,https://www.ah.nl/producten/product/wi489288,2026-08-09,AH Terra Plantaardige smeerleverworst,vegetarian-vegan-and-plant-based
565765,4557,AH Terra Plantaardige sojadrink ongezoet,AH Terra,vegetarisch-vegan-en-plantaardig,"Vegetarisch, vegan en plantaardig",Sojadrink,0.89,0.89,,,,,1 l,prijs per liter €0.89,False,,,,,B,True,AH,https://www.ah.nl/producten/product/wi565765,2026-08-09,AH Terra Plantaardige sojadrink ongezoet,vegetarian-vegan-and-plant-based
565766,4558,AH Terra Amandeldrink ongezoet,AH Terra,vegetarisch-vegan-en-plantaardig,"Vegetarisch, vegan en plantaardig","Amandel, cashewdrink",1.49,1.49,,,,,1 l,prijs per liter €1.49,False,,,,,B,True,AH,https://www.ah.nl/producten/product/wi565766,2026-08-09,AH Terra Amandeldrink ongezoet,vegetarian-vegan-and-plant-based
462463,714670,AH Terra Plantaardige haverdrink ongezoet,AH Terra,vegetarisch-vegan-en-plantaardig,"Vegetarisch, vegan en plantaardig",Haverdrink,1.35,1.35,,,,,1 l,prijs per liter €1.35,False,,,,,C,True,AH,https://www.ah.nl/producten/product/wi462463,2026-08-09,AH Terra Vegetable oat drink unsweetened,vegetarian-vegan-and-plant-based
438961,70493,AH Plantaardige hummus naturel,AH,vegetarisch-vegan-en-plantaardig,"Vegetarisch, vegan en plantaardig",Hummus naturel,1.29,1.29,,,,,200 g,prijs per kg €6.45,False,,,,,C,True,AH,https://www.ah.nl/producten/product/wi438961,2026-08-09,AH Vegetable hummus natural,vegetarian-vegan-and-plant-based
461862,714665,Alpro Barista haver,Alpro,vegetarisch-vegan-en-plantaardig,"Vegetarisch, vegan en plantaardig",Haverdrink,2.79,2.79,,,,,1 l,prijs per liter €2.79,False,,,,,A,True,AH,https://www.ah.nl/producten/product/wi461862,2026-08-09,Alpro Barista haver,vegetarian-vegan-and-plant-based
568161,0,Alpro Barista haver 6-pack,Alpro,vegetarisch-vegan-en-plantaardig,"Vegetarisch, vegan en plantaardig",Haverdrink,15.07,16.74,10.0,10% volume voordeel,,,6 stuks,,True,AHOO,10% volume voordeel,2026-08-09,2999-12-31,,True,AH,https://www.ah.nl/producten/product/wi568161,2026-08-09,Alpro Barista haver 6-pack,vegetarian-vegan-and-plant-based
518423,87619,Alpro Mild & creamy zonder suikers,Alpro,vegetarisch-vegan-en-plantaardig,"Vegetarisch, vegan en plantaardig",Plantaardige yoghurt naturel,1.995,2.99,33.3,2 voor 3.99,3.99,2.0,755 g,normale prijs per kg €3.96,True,AH,2 voor 3.99,2026-08-10,2026-08-16,A,True,AH,https://www.ah.nl/producten/product/wi518423,2026-08-09,Alpro Mild & creamy without sugars,vegetarian-vegan-and-plant-based
604676,0,Alpro Mild & creamy zonder suikers 2-pack,Alpro,vegetarisch-vegan-en-plantaardig,"Vegetarisch, vegan en plantaardig",Plantaardige yoghurt naturel,5.68,5.98,5.0,5% volume voordeel,,,2 stuks,,True,AHOO,5% volume voordeel,2026-08-09,2026-08-09,,True,AH,https://www.ah.nl/producten/product/wi604676,2026-08-09,Alpro Mild & creamy without sugars 2-pack,vegetarian-vegan-and-plant-based
570848,11083,Alpro Barista kokos,Alpro,vegetarisch-vegan-en-plantaardig,"Vegetarisch, vegan en plantaardig",Kokosdrink,2.89,2.89,,,,,"0,75 l",prijs per liter €3.85,False,,,,,B,True,AH,https://www.ah.nl/producten/product/wi570848,2026-08-09,Alpro Barista kokos,vegetarian-vegan-and-plant-based
572134,0,Alpro Barista kokosnoot 6-pack,Alpro,vegetarisch-vegan-en-plantaardig,"Vegetarisch, vegan en plantaardig",Kokosdrink,15.61,17.34,10.0,10% volume voordeel,,,6 stuks,,True,AHOO,10% volume voordeel,2026-08-09,2999-12-31,,True,AH,https://www.ah.nl/producten/product/wi572134,2026-08-09,Alpro Barista coconut 6-pack,vegetarian-vegan-and-plant-based
202746,520009,Maza Hoemoes,Maza,vegetarisch-vegan-en-plantaardig,"Vegetarisch, vegan en plantaardig",Hummus naturel,2.49,2.49,,,,,200 g,prijs per kg €12.45,False,,,,,C,True,AH,https://www.ah.nl/producten/product/wi202746,2026-08-09,Maza Hoemoes,vegetarian-vegan-and-plant-based
611390,0,Maza Hoemoes 4-pack,Maza,vegetarisch-vegan-en-plantaardig,"Vegetarisch, vegan en plantaardig",Hummus naturel,9.46,9.96,5.0,5% volume voordeel,,,4 stuks,,True,AHOO,5% volume voordeel,2026-08-09,2999-12-31,,True,AH,https://www.ah.nl/producten/product/wi611390,2026-08-09,Maza Hoemoes 4-pack,vegetarian-vegan-and-plant-based
572133,0,Alpro Barista kokosnoot 4-pack,Alpro,vegetarisch-vegan-en-plantaardig,"Vegetarisch, vegan en plantaardig",Kokosdrink,10.98,11.56,5.0,5% volume voordeel,,,4 stuks,,True,AHOO,5% volume voordeel,2026-08-09,2999-12-31,,True,AH,https://www.ah.nl/producten/product/wi572133,2026-08-09,Alpro Barista coconut 4-pack,vegetarian-vegan-and-plant-based
188227,789013,Alpro Sojadrink original,Alpro,vegetarisch-vegan-en-plantaardig,"Vegetarisch, vegan en plantaardig",Sojadrink,1.99,1.99,,,,,1 l,prijs per liter €1.99,False,,,,,A,True,AH,https://www.ah.nl/producten/product/wi188227,2026-08-09,Alpro Soya drink original,vegetarian-vegan-and-plant-based
562392,0,Alpro Sojadrink original 4-pack,Alpro,vegetarisch-vegan-en-plantaardig,"Vegetarisch, vegan en plantaardig",Sojadrink,7.56,7.96,5.0,5% volume voordeel,,,4 stuks,,True,AHOO,5% volume voordeel,2026-08-09,2999-12-31,,True,AH,https://www.ah.nl/producten/product/wi562392,2026-08-09,Alpro Sojadrink original 4-pack,vegetarian-vegan-and-plant-based
565763,4555,AH Terra Plantaardige sojadrink,AH Terra,vegetarisch-vegan-en-plantaardig,"Vegetarisch, vegan en plantaardig",Sojadrink,0.65,0.65,,,,,1 l,prijs per liter €0.65,False,,,,,B,True,AH,https://www.ah.nl/producten/product/wi565763,2026-08-09,AH Terra Plantaardige sojadrink,vegetarian-vegan-and-plant-based
570842,11074,AH Terra Plantaardige barista haver,AH Terra,vegetarisch-vegan-en-plantaardig,"Vegetarisch, vegan en plantaardig",Haverdrink,1.69,1.69,,,,,1 l,prijs per liter €1.69,False,,,,,C,True,AH,https://www.ah.nl/producten/product/wi570842,2026-08-09,AH Terra Plantaardige barista haver,vegetarian-vegan-and-plant-based
486626,742126,Alpro Variatie op kwark zonder suikers,Alpro,vegetarisch-vegan-en-plantaardig,"Vegetarisch, vegan en plantaardig","Plantaardige kwark, vla",1.995,2.49,19.9,2 voor 3.99,3.99,2.0,400 g,normale prijs per kg €6.23,True,AH,2 voor 3.99,2026-08-10,2026-08-16,A,True,AH,https://www.ah.nl/producten/product/wi486626,2026-08-09,Alpro Variation on cottage cheese without sugar,vegetarian-vegan-and-plant-based
593710,0,Alpro Variatie op kwark zonder suikers 2-pack,Alpro,vegetarisch-vegan-en-plantaardig,"Vegetarisch, vegan en plantaardig","Plantaardige kwark, vla",4.73,4.98,5.0,5% volume voordeel,,,2 stuks,,True,AHOO,5% volume voordeel,2026-08-09,2026-08-09,,True,AH,https://www.ah.nl/producten/product/wi593710,2026-08-09,Alpro Variation on cottage cheese without sugars 2-pack,vegetarian-vegan-and-plant-based
570853,11080,Oatly! Biologische barista haver,Oatly!,vegetarisch-vegan-en-plantaardig,"Vegetarisch, vegan en plantaardig",Haverdrink,2.99,2.99,,,,,1 l,prijs per liter €2.99,False,,,,,D,True,AH,https://www.ah.nl/producten/product/wi570853,2026-08-09,Oatly! Biologische barista haver,vegetarian-vegan-and-plant-based
611231,0,Oatly! Bio barista haver 4-pack,Oatly!,vegetarisch-vegan-en-plantaardig,"Vegetarisch, vegan en plantaardig",Haverdrink,11.36,11.96,5.0,5% volume voordeel,,,4 stuks,,True,AHOO,5% volume voordeel,2026-08-09,2999-12-31,,True,AH,https://www.ah.nl/producten/product/wi611231,2026-08-09,Oatly! Bio barista haver 4-pack,vegetarian-vegan-and-plant-based
591341,38699,AH Terra Soja gurt,AH Terra,vegetarisch-vegan-en-plantaardig,"Vegetarisch, vegan en plantaardig",Plantaardige yoghurt naturel,1.79,1.79,,,,,1 l,prijs per liter €1.79,False,,,,,A,True,AH,https://www.ah.nl/producten/product/wi591341,2026-08-09,AH Terra Soja gurt,vegetarian-vegan-and-plant-based
413077,856340,Maza Hoemoes less salt,Maza,vegetarisch-vegan-en-plantaardig,"Vegetarisch, vegan en plantaardig",Hummus naturel,2.49,2.49,,,,,200 g,prijs per kg €12.45,False,,,,,C,True,AH,https://www.ah.nl/producten/product/wi413077,2026-08-09,Maza Hoemoes less salt,vegetarian-vegan-and-plant-based
445420,707248,Kips Vega smeerworst kleintje,Kips,vegetarisch-vegan-en-plantaardig,"Vegetarisch, vegan en plantaardig",Plantaardige vleeswaren,2.19,2.19,,,,,6 x 20 g,prijs per kg €18.25,False,,,,,D,True,AH,https://www.ah.nl/producten/product/wi445420,2026-08-09,Kips Vega sausage spread small,vegetarian-vegan-and-plant-based
611394,0,Maza Hoemoes less salt 4-pack,Maza,vegetarisch-vegan-en-plantaardig,"Vegetarisch, vegan en plantaardig",Hummus naturel,9.46,9.96,5.0,5% volume voordeel,,,4 stuks,,True,AHOO,5% volume voordeel,2026-08-09,2999-12-31,,True,AH,https://www.ah.nl/producten/product/wi611394,2026-08-09,Maza Hoemoes less salt 4-pack,vegetarian-vegan-and-plant-based
196169,794356,Alpro Mild & creamy vanille smaak,Alpro,vegetarisch-vegan-en-plantaardig,"Vegetarisch, vegan en plantaardig",Plantaardige yoghurt met smaak,1.995,2.99,33.3,2 voor 3.99,3.99,2.0,750 g,normale prijs per kg €3.99,True,AH,2 voor 3.99,2026-08-10,2026-08-16,A,True,AH,https://www.ah.nl/producten/product/wi196169,2026-08-09,Alpro Mild & creamy vanille smaak,vegetarian-vegan-and-plant-based
604675,0,Alpro Mild & creamy vanille smaak 2-pack,Alpro,vegetarisch-vegan-en-plantaardig,"Vegetarisch, vegan en plantaardig",Plantaardige yoghurt met smaak,5.68,5.98,5.0,5% volume voordeel,,,2 stuks,,True,AHOO,5% volume voordeel,2026-08-09,2026-08-09,,True,AH,https://www.ah.nl/producten/product/wi604675,2026-08-09,Alpro Mild & creamy vanille smaak 2-pack,vegetarian-vegan-and-plant-based
114698,535295,Alpro Sojadrink zonder suikers,Alpro,vegetarisch-vegan-en-plantaardig,"Vegetarisch, vegan en plantaardig",Sojadrink,1.99,1.99,,,,,1 l,prijs per liter €1.99,False,,,,,A,True,AH,https://www.ah.nl/producten/product/wi114698,2026-08-09,Alpro Sojadrink zonder suikers,vegetarian-vegan-and-plant-based
607847,0,Alpro Sojadrink zonder suikers 4-pack,Alpro,vegetarisch-vegan-en-plantaardig,"Vegetarisch, vegan en plantaardig",Sojadrink,7.56,7.96,5.0,5% volume voordeel,,,4 stuks,,True,AHOO,5% volume voordeel,2026-08-09,2999-12-31,,True,AH,https://www.ah.nl/producten/product/wi607847,2026-08-09,Alpro Sojadrink zonder suikers 4-pack,vegetarian-vegan-and-plant-based
580545,23253,AH Terra Plantaardige kipstukjes,AH Terra,vegetarisch-vegan-en-plantaardig,"Vegetarisch, vegan en plantaardig",Vegetarische stukjes,3.45,3.45,,,,,300 g,prijs per kg €11.50,False,,,,,B,True,AH,https://www.ah.nl/producten/product/wi580545,2026-08-09,AH Terra Plantaardige kipstukjes,vegetarian-vegan-and-plant-based
556299,594391,AH Terra Plantaardig kokos gurt ongezoet,AH Terra,vegetarisch-vegan-en-plantaardig,"Vegetarisch, vegan en plantaardig",Plantaardige yoghurt met smaak,1.99,1.99,,,,,500 g,prijs per kg €3.98,False,,,,,C,True,AH,https://www.ah.nl/producten/product/wi556299,2026-08-09,AH Terra Vegetable coconut gurt unsweetened,vegetarian-vegan-and-plant-based
438962,70499,AH Plantaardige hummus pikant,AH,vegetarisch-vegan-en-plantaardig,"Vegetarisch, vegan en plantaardig",Hummus met smaakje,1.39,1.39,,,,,200 g,prijs per kg €6.95,False,,,,,C,True,AH,https://www.ah.nl/producten/product/wi438962,2026-08-09,AH Vegetable hummus spicy,vegetarian-vegan-and-plant-based
564798,2454,AH Terra Terra plantaardige rulgehakt,AH Terra,vegetarisch-vegan-en-plantaardig,"Vegetarisch, vegan en plantaardig",Vegetarisch gehakt,2.85,2.85,,,,,375 g,prijs per kg €7.60,False,,,,,A,True,AH,https://www.ah.nl/producten/product/wi564798,2026-08-09,AH Terra Terra plantaardige rulgehakt,vegetarian-vegan-and-plant-based
407970,853211,Alpro Plantaardige kwark naturel,Alpro,vegetarisch-vegan-en-plantaardig,"Vegetarisch, vegan en plantaardig","Plantaardige kwark, vla",1.995,2.49,19.9,2 voor 3.99,3.99,2.0,400 g,normale prijs per kg €6.23,True,AH,2 voor 3.99,2026-08-10,2026-08-16,A,True,AH,https://www.ah.nl/producten/product/wi407970,2026-08-09,"Alpro Vegetable cottage cheese, natural",vegetarian-vegan-and-plant-based
593697,0,Alpro Plantaardige kwark naturel 2-pack,Alpro,vegetarisch-vegan-en-plantaardig,"Vegetarisch, vegan en plantaardig","Plantaardige kwark, vla",4.73,4.98,5.0,5% volume voordeel,,,2 stuks,,True,AHOO,5% volume voordeel,2026-08-09,2026-08-09,,True,AH,https://www.ah.nl/producten/product/wi593697,2026-08-09,Alpro Plantaardige kwark naturel 2-pack,vegetarian-vegan-and-plant-based
462556,715197,Kips Vega smeerworst tuinkruiden,Kips,vegetarisch-vegan-en-plantaardig,"Vegetarisch, vegan en plantaardig",Plantaardige vleeswaren,2.49,2.49,,,,,125 g,prijs per kg €19.92,False,,,,,E,True,AH,https://www.ah.nl/producten/product/wi462556,2026-08-09,Kips Vega sausage spread garden herbs,vegetarian-vegan-and-plant-based
413076,856339,Maza Hoemoes tomaat basilicum,Maza,vegetarisch-vegan-en-plantaardig,"Vegetarisch, vegan en plantaardig",Hummus met smaakje,2.59,2.59,,,,,200 g,prijs per kg €12.95,False,,,,,C,True,AH,https://www.ah.nl/producten/product/wi413076,2026-08-09,Maza Hoemoes tomaat basilicum,vegetarian-vegan-and-plant-based
611400,0,Maza Hoemoes tomaat basilicum 4-pack,Maza,vegetarisch-vegan-en-plantaardig,"Vegetarisch, vegan en plantaardig",Hummus met smaakje,9.84,10.36,5.0,5% volume voordeel,,,4 stuks,,True,AHOO,5% volume voordeel,2026-08-09,2999-12-31,,True,AH,https://www.ah.nl/producten/product/wi611400,2026-08-09,Maza Hoemoes tomaat basilicum 4-pack,vegetarian-vegan-and-plant-based
202855,798418,Maza Hoemoes rode biet,Maza,vegetarisch-vegan-en-plantaardig,"Vegetarisch, vegan en plantaardig",Hummus met smaakje,2.69,2.69,,,,,200 g,prijs per kg €13.45,False,,,,,C,True,AH,https://www.ah.nl/producten/product/wi202855,2026-08-09,Maza Hoemoes beetroot,vegetarian-vegan-and-plant-based
611397,0,Maza Hoemoes rode biet 4-pack,Maza,vegetarisch-vegan-en-plantaardig,"Vegetarisch, vegan en plantaardig",Hummus met smaakje,10.22,10.76,5.0,5% volume voordeel,,,4 stuks,,True,AHOO,5% volume voordeel,2026-08-09,2999-12-31,,True,AH,https://www.ah.nl/producten/product/wi611397,2026-08-09,Maza Hoemoes beetroot 4-pack,vegetarian-vegan-and-plant-based
604923,58790,AH Terra Hummus gegrilde groente,AH Terra,vegetarisch-vegan-en-plantaardig,"Vegetarisch, vegan en plantaardig",Hummus met smaakje,1.9967,2.69,25.8,3 voor 5.99,5.99,3.0,175 g,normale prijs per kg €15.37,True,AH,3 VOOR 5.99,2026-08-03,2026-08-09,A,True,AH,https://www.ah.nl/producten/product/wi604923,2026-08-09,AH Terra Hummus gegrilde groente,vegetarian-vegan-and-plant-based
622356,0,AH Terra Hummus gegrilde groente 2-pack,AH Terra,vegetarisch-vegan-en-plantaardig,"Vegetarisch, vegan en plantaardig",Hummus met smaakje,3.99,5.38,25.8,pakketkorting,,,2 stuks,,True,AHOO,,2026-08-10,2026-08-16,,True,AH,https://www.ah.nl/producten/product/wi622356,2026-08-09,AH Terra Hummus grilled vegetables 2-pack,vegetarian-vegan-and-plant-based
622357,0,AH Terra Hummus gegrilde groente 3-pack,AH Terra,vegetarisch-vegan-en-plantaardig,"Vegetarisch, vegan en plantaardig",Hummus met smaakje,5.99,8.07,25.8,pakketkorting,,,3 stuks,,True,AHOO,,2026-08-09,2026-08-09,,True,AH,https://www.ah.nl/producten/product/wi622357,2026-08-09,AH Terra Hummus gegrilde groente 3-pack,vegetarian-vegan-and-plant-based
220748,815559,Alpro Amandeldrink geroosterd zonder suikers,Alpro,vegetarisch-vegan-en-plantaardig,"Vegetarisch, vegan en plantaardig","Amandel, cashewdrink",3.19,3.19,,,,,1 l,prijs per liter €3.19,False,,,,,B,True,AH,https://www.ah.nl/producten/product/wi220748,2026-08-09,Alpro Amandeldrink geroosterd zonder suikers,vegetarian-vegan-and-plant-based
564600,0,Alpro Amandeldrink zonder suikers 4-pack,Alpro,vegetarisch-vegan-en-plantaardig,"Vegetarisch, vegan en plantaardig","Amandel, cashewdrink",12.12,12.76,5.0,5% volume voordeel,,,4 stuks,,True,AHOO,5% volume voordeel,2026-08-09,2999-12-31,,True,AH,https://www.ah.nl/producten/product/wi564600,2026-08-09,Alpro Almond drink without sugars 4-pack,vegetarian-vegan-and-plant-based
622358,0,AH Terra Hummus gegrilde groente 4-pack,AH Terra,vegetarisch-vegan-en-plantaardig,"Vegetarisch, vegan en plantaardig",Hummus met smaakje,8.68,10.76,19.3,pakketkorting,,,4 stuks,,True,AHOO,,2026-08-09,2026-08-09,,True,AH,https://www.ah.nl/producten/product/wi622358,2026-08-09,AH Terra Hummus grilled vegetables 4-pack,vegetarian-vegan-and-plant-based
564897,2479,AH Terra Biologische tofu,AH Terra,vegetarisch-vegan-en-plantaardig,"Vegetarisch, vegan en plantaardig",Tofu,1.25,1.25,,,,,325 g,prijs per kg €3.85,False,,,,,A,True,AH,https://www.ah.nl/producten/product/wi564897,2026-08-09,AH Terra Organic tofu,vegetarian-vegan-and-plant-based
143547,616423,Valess Vegetarische Gouda schnitzel,Valess,vegetarisch-vegan-en-plantaardig,"Vegetarisch, vegan en plantaardig",Vegetarische schnitzel,2.495,3.79,34.2,2 voor 4.99,4.99,2.0,2 x 90 g,normale prijs per kg €21.06,True,AH,2 voor 4.99,2026-08-10,2026-08-16,C,True,AH,https://www.ah.nl/producten/product/wi143547,2026-08-09,Valess Vegetarian Gouda schnitzel,vegetarian-vegan-and-plant-based
395069,846741,Alpro Mild & creamy kokosnoot,Alpro,vegetarisch-vegan-en-plantaardig,"Vegetarisch, vegan en plantaardig",Plantaardige yoghurt met smaak,1.995,2.99,33.3,2 voor 3.99,3.99,2.0,750 g,normale prijs per kg €3.99,True,AH,2 voor 3.99,2026-08-10,2026-08-16,A,True,AH,https://www.ah.nl/producten/product/wi395069,2026-08-09,Alpro Mild & creamy coconut,vegetarian-vegan-and-plant-based
604673,0,Alpro Mild & creamy kokosnoot 2-pack,Alpro,vegetarisch-vegan-en-plantaardig,"Vegetarisch, vegan en plantaardig",Plantaardige yoghurt met smaak,5.68,5.98,5.0,5% volume voordeel,,,2 stuks,,True,AHOO,5% volume voordeel,2026-08-09,2026-08-09,,True,AH,https://www.ah.nl/producten/product/wi604673,2026-08-09,Alpro Mild & creamy kokosnoot 2-pack,vegetarian-vegan-and-plant-based
604924,58791,AH Terra Hummus naturel,AH Terra,vegetarisch-vegan-en-plantaardig,"Vegetarisch, vegan en plantaardig",Hummus naturel,1.9967,2.29,12.8,3 voor 5.99,5.99,3.0,175 g,normale prijs per kg €13.09,True,AH,3 VOOR 5.99,2026-08-03,2026-08-09,A,True,AH,https://www.ah.nl/producten/product/wi604924,2026-08-09,AH Terra Hummus natural,vegetarian-vegan-and-plant-based
622362,0,AH Terra Hummus naturel 2-pack,AH Terra,vegetarisch-vegan-en-plantaardig,"Vegetarisch, vegan en plantaardig",Hummus naturel,3.99,4.58,12.9,pakketkorting,,,2 stuks,,True,AHOO,,2026-08-10,2026-08-16,,True,AH,https://www.ah.nl/producten/product/wi622362,2026-08-09,AH Terra Hummus naturel 2-pack,vegetarian-vegan-and-plant-based
622363,0,AH Terra Hummus naturel 3-pack,AH Terra,vegetarisch-vegan-en-plantaardig,"Vegetarisch, vegan en plantaardig",Hummus naturel,5.99,6.87,12.8,pakketkorting,,,3 stuks,,True,AHOO,,2026-08-09,2026-08-09,,True,AH,https://www.ah.nl/producten/product/wi622363,2026-08-09,AH Terra Hummus natural 3-pack,vegetarian-vegan-and-plant-based
622364,0,AH Terra Hummus naturel 4-pack,AH Terra,vegetarisch-vegan-en-plantaardig,"Vegetarisch, vegan en plantaardig",Hummus naturel,8.28,9.16,9.6,pakketkorting,,,4 stuks,,True,AHOO,,2026-08-09,2026-08-09,,True,AH,https://www.ah.nl/producten/product/wi622364,2026-08-09,AH Terra Hummus natural 4-pack,vegetarian-vegan-and-plant-based
598995,48325,AH Terra Biologische tofu grootverpakking,AH Terra,vegetarisch-vegan-en-plantaardig,"Vegetarisch, vegan en plantaardig",Tofu,1.89,1.89,,,,,500 g,prijs per kg €3.78,False,,,,,A,True,AH,https://www.ah.nl/producten/product/wi598995,2026-08-09,AH Terra Organic tofu bulk packaging,vegetarian-vegan-and-plant-based
518443,699387,Alpro Mild & creamy naturel,Alpro,vegetarisch-vegan-en-plantaardig,"Vegetarisch, vegan en plantaardig",Plantaardige yoghurt naturel,1.995,2.89,31.0,2 voor 3.99,3.99,2.0,755 g,normale prijs per kg €3.83,True,AH,2 voor 3.99,2026-08-10,2026-08-16,A,True,AH,https://www.ah.nl/producten/product/wi518443,2026-08-09,Alpro Mild & creamy natural,vegetarian-vegan-and-plant-based
604674,0,Alpro Mild & creamy naturel 2-pack,Alpro,vegetarisch-vegan-en-plantaardig,"Vegetarisch, vegan en plantaardig",Plantaardige yoghurt naturel,5.49,5.78,5.0,5% volume voordeel,,,2 stuks,,True,AHOO,5% volume voordeel,2026-08-09,2026-08-09,,True,AH,https://www.ah.nl/producten/product/wi604674,2026-08-09,Alpro Mild & creamy naturel 2-pack,vegetarian-vegan-and-plant-based
604928,58795,AH Hummus zongedroogde tomaat,AH,vegetarisch-vegan-en-plantaardig,"Vegetarisch, vegan en plantaardig",Hummus met smaakje,1.9967,2.49,19.8,3 voor 5.99,5.99,3.0,175 g,normale prijs per kg €14.23,True,AH,3 VOOR 5.99,2026-08-03,2026-08-09,A,True,AH,https://www.ah.nl/producten/product/wi604928,2026-08-09,AH Hummus sun-dried tomato,vegetarian-vegan-and-plant-based
622371,0,AH Terra Hummus zongedroogde tomaat 2-pack,AH Terra,vegetarisch-vegan-en-plantaardig,"Vegetarisch, vegan en plantaardig",Hummus met smaakje,3.99,4.98,19.9,pakketkorting,,,2 stuks,,True,AHOO,,2026-08-10,2026-08-16,,True,AH,https://www.ah.nl/producten/product/wi622371,2026-08-09,AH Terra Hummus sun-dried tomato 2-pack,vegetarian-vegan-and-plant-based
397372,848134,AH Terra Plantaardige balletjes,AH Terra,vegetarisch-vegan-en-plantaardig,"Vegetarisch, vegan en plantaardig",Vega balletjes,1.59,1.59,,,,,200 g,prijs per kg €7.95,False,,,,,A,True,AH,https://www.ah.nl/producten/product/wi397372,2026-08-09,AH Terra Plantaardige balletjes,vegetarian-vegan-and-plant-based
622373,0,AH Terra Hummus zongedroogde tomaat 4-pack,AH Terra,vegetarisch-vegan-en-plantaardig,"Vegetarisch, vegan en plantaardig",Hummus met smaakje,8.48,9.96,14.9,pakketkorting,,,4 stuks,,True,AHOO,,2026-08-09,2026-08-09,,True,AH,https://www.ah.nl/producten/product/wi622373,2026-08-09,AH Terra Hummus sun-dried tomato 4-pack,vegetarian-vegan-and-plant-based
622372,0,AH Terra Hummus zongedroogde tomaat 3-pack,AH Terra,vegetarisch-vegan-en-plantaardig,"Vegetarisch, vegan en plantaardig",Hummus met smaakje,5.99,7.47,19.8,pakketkorting,,,3 stuks,,True,AHOO,,2026-08-09,2026-08-09,,True,AH,https://www.ah.nl/producten/product/wi622372,2026-08-09,AH Terra Hummus zongedroogde tomaat 3-pack,vegetarian-vegan-and-plant-based
580544,23252,AH Terra Plantaardige kipstukjes,AH Terra,vegetarisch-vegan-en-plantaardig,"Vegetarisch, vegan en plantaardig",Vegetarische stukjes,2.09,2.09,,,,,160 g,prijs per kg €13.06,False,,,,,B,True,AH,https://www.ah.nl/producten/product/wi580544,2026-08-09,AH Terra Plantaardige kipstukjes,vegetarian-vegan-and-plant-based
604925,58792,AH Hummus pikant,AH,vegetarisch-vegan-en-plantaardig,"Vegetarisch, vegan en plantaardig",Hummus met smaakje,1.9967,2.49,19.8,3 voor 5.99,5.99,3.0,175 g,normale prijs per kg €14.23,True,AH,3 VOOR 5.99,2026-08-03,2026-08-09,A,True,AH,https://www.ah.nl/producten/product/wi604925,2026-08-09,AH Hummus spicy,vegetarian-vegan-and-plant-based
556302,691342,Alpro Plantaardige variatie op kwark mango,Alpro,vegetarisch-vegan-en-plantaardig,"Vegetarisch, vegan en plantaardig","Plantaardige kwark, vla",1.995,2.99,33.3,2 voor 3.99,3.99,2.0,400 g,normale prijs per kg €7.48,True,AH,2 voor 3.99,2026-08-10,2026-08-16,A,True,AH,https://www.ah.nl/producten/product/wi556302,2026-08-09,Alpro Vegetable variation on mango cottage cheese,vegetarian-vegan-and-plant-based
593699,0,Alpro Plantaardige kwark mango 2-pack,Alpro,vegetarisch-vegan-en-plantaardig,"Vegetarisch, vegan en plantaardig","Plantaardige kwark, vla",5.68,5.98,5.0,5% volume voordeel,,,2 stuks,,True,AHOO,5% volume voordeel,2026-08-09,2026-08-09,,True,AH,https://www.ah.nl/producten/product/wi593699,2026-08-09,Alpro Vegetable cottage cheese mango 2-pack,vegetarian-vegan-and-plant-based
236488,828959,Heinz Sandwich spread naturel,Heinz,vegetarisch-vegan-en-plantaardig,"Vegetarisch, vegan en plantaardig",Vegetarische spreads,2.39,2.39,,,,,450 g,prijs per kg €5.31,False,,,,,D,True,AH,https://www.ah.nl/producten/product/wi236488,2026-08-09,Heinz Sandwich spread naturel,vegetarian-vegan-and-plant-based
164566,600191,Alpro Sojadrink rode vruchten,Alpro,vegetarisch-vegan-en-plantaardig,"Vegetarisch, vegan en plantaardig",Sojadrink,2.99,2.99,,,,,1 l,prijs per liter €2.99,False,,,,,C,True,AH,https://www.ah.nl/producten/product/wi164566,2026-08-09,Alpro Sojadrink rode vruchten,vegetarian-vegan-and-plant-based
581570,0,Alpro Sojadrink rode vruchten 4-pack,Alpro,vegetarisch-vegan-en-plantaardig,"Vegetarisch, vegan en plantaardig",Sojadrink,11.36,11.96,5.0,5% volume voordeel,,,4 stuks,,True,AHOO,5% volume voordeel,2026-08-09,2999-12-31,,True,AH,https://www.ah.nl/producten/product/wi581570,2026-08-09,Alpro Soya drink red fruits 4-pack,vegetarian-vegan-and-plant-based
489284,742890,AH Terra Plantaardige grillworst,AH Terra,vegetarisch-vegan-en-plantaardig,"Vegetarisch, vegan en plantaardig",Plantaardige vleeswaren,1.99,1.99,,,,,80 g,prijs per kg €24.88,False,,,,,C,True,AH,https://www.ah.nl/producten/product/wi489284,2026-08-09,AH Terra Plantaardige grillworst,vegetarian-vegan-and-plant-based
169919,751733,Alpro Plantaardig variatie blauwe bosbes,Alpro,vegetarisch-vegan-en-plantaardig,"Vegetarisch, vegan en plantaardig",Plantaardige yoghurt met smaak,1.995,2.69,25.8,2 voor 3.99,3.99,2.0,500 g,normale prijs per kg €5.38,True,AH,2 voor 3.99,2026-08-10,2026-08-16,B,True,AH,https://www.ah.nl/producten/product/wi169919,2026-08-09,Alpro Vegetable variation bilberry,vegetarian-vegan-and-plant-based
593705,0,Alpro Plantaardig blauwe bosbes 2-pack,Alpro,vegetarisch-vegan-en-plantaardig,"Vegetarisch, vegan en plantaardig",Plantaardige yoghurt met smaak,5.11,5.38,5.0,5% volume voordeel,,,2 stuks,,True,AHOO,5% volume voordeel,2026-08-09,2026-08-09,,True,AH,https://www.ah.nl/producten/product/wi593705,2026-08-09,Alpro Plantaardig blauwe bosbes 2-pack,vegetarian-vegan-and-plant-based
401934,850503,Oatly! Biologische haverdrank,Oatly!,vegetarisch-vegan-en-plantaardig,"Vegetarisch, vegan en plantaardig",Haverdrink,2.89,2.89,,,,,1 l,prijs per liter €2.89,False,,,,,C,True,AH,https://www.ah.nl/producten/product/wi401934,2026-08-09,Oatly! Biologische haverdrank,vegetarian-vegan-and-plant-based
461863,714667,Alpro Plantaardige variatie vla vanillesmaak,Alpro,vegetarisch-vegan-en-plantaardig,"Vegetarisch, vegan en plantaardig","Plantaardige kwark, vla",1.99,1.99,,,,,525 g,prijs per kg €3.79,False,,,,,A,True,AH,https://www.ah.nl/producten/product/wi461863,2026-08-09,Alpro Plantaardige variatie vla vanillesmaak,vegetarian-vegan-and-plant-based
475112,727769,Vivera Vegetarische kaas schnitzel,Vivera,vegetarisch-vegan-en-plantaardig,"Vegetarisch, vegan en plantaardig",Vegetarische schnitzel,3.29,3.29,,,,,150 g,prijs per kg €21.93,False,,,,,E,True,AH,https://www.ah.nl/producten/product/wi475112,2026-08-09,Vivera Vegetarian cheese schnitzel,vegetarian-vegan-and-plant-based
593702,0,Alpro Plantaardige vla vanillesmaak 2-pack,Alpro,vegetarisch-vegan-en-plantaardig,"Vegetarisch, vegan en plantaardig","Plantaardige kwark, vla",3.78,3.98,5.0,5% volume voordeel,,,2 stuks,,True,AHOO,5% volume voordeel,2026-08-09,2999-12-31,,True,AH,https://www.ah.nl/producten/product/wi593702,2026-08-09,Alpro Vegetable custard vanilla flavor 2-pack,vegetarian-vegan-and-plant-based
611233,0,Oatly! Haverdrank bio 4-pack,Oatly!,vegetarisch-vegan-en-plantaardig,"Vegetarisch, vegan en plantaardig",Haverdrink,10.98,11.56,5.0,5% volume voordeel,,,4 stuks,,True,AHOO,5% volume voordeel,2026-08-09,2999-12-31,,True,AH,https://www.ah.nl/producten/product/wi611233,2026-08-09,Oatly! Oat drink organic 4-pack,vegetarian-vegan-and-plant-based
567452,0,AH Quiche spinazie geitenkaas 2-pack,AH,vegetarisch-vegan-en-plantaardig,"Vegetarisch, vegan en plantaardig",Vegetarische schnitzel,5.99,7.98,24.9,pakketkorting,,,2 stuks,,True,AHOO,,2026-08-09,2026-08-09,,True,AH,https://www.ah.nl/producten/product/wi567452,2026-08-09,AH Quiche spinazie geitenkaas 2-pack,vegetarian-vegan-and-plant-based
619074,0,AH Terra Plantaardige grillworst 4-pack,AH Terra,vegetarisch-vegan-en-plantaardig,"Vegetarisch, vegan en plantaardig",Plantaardige vleeswaren,7.48,7.96,6.0,6% volume voordeel,,,4 stuks,,True,AHOO,6% volume voordeel,2026-08-09,2999-12-31,,True,AH,https://www.ah.nl/producten/product/wi619074,2026-08-09,AH Terra Vegetable grilled sausage 4-pack,vegetarian-vegan-and-plant-based
561002,673404,AH Terra Plantaardig smashed avocado,AH Terra,vegetarisch-vegan-en-plantaardig,"Vegetarisch, vegan en plantaardig",Plantaardige spreads,2.39,2.39,,,,,110 g,prijs per kg €21.73,False,,,,,B,True,AH,https://www.ah.nl/producten/product/wi561002,2026-08-09,AH Terra Plantaardig smashed avocado,vegetarian-vegan-and-plant-based
520119,695871,Alpro Plantaardige variatie op kwark aardbei,Alpro,vegetarisch-vegan-en-plantaardig,"Vegetarisch, vegan en plantaardig","Plantaardige kwark, vla",1.995,2.89,31.0,2 voor 3.99,3.99,2.0,400 g,normale prijs per kg €7.23,True,AH,2 voor 3.99,2026-08-10,2026-08-16,A,True,AH,https://www.ah.nl/producten/product/wi520119,2026-08-09,Alpro Plantaardige variatie op kwark aardbei,vegetarian-vegan-and-plant-based
593698,0,Alpro Plantaardige kwark aardbei 2-pack,Alpro,vegetarisch-vegan-en-plantaardig,"Vegetarisch, vegan en plantaardig","Plantaardige kwark, vla",5.49,5.78,5.0,5% volume voordeel,,,2 stuks,,True,AHOO,5% volume voordeel,2026-08-09,2026-08-09,,True,AH,https://www.ah.nl/producten/product/wi593698,2026-08-09,Alpro Plantaardige kwark aardbei 2-pack,vegetarian-vegan-and-plant-based
619072,0,AH Terra Plantaardige grillworst 2-pack,AH Terra,vegetarisch-vegan-en-plantaardig,"Vegetarisch, vegan en plantaardig",Plantaardige vleeswaren,3.9,3.98,2.0,2% volume voordeel,,,2 stuks,,True,AHOO,2% volume voordeel,2026-08-09,2999-12-31,,True,AH,https://www.ah.nl/producten/product/wi619072,2026-08-09,AH Terra Plantaardige grillworst 2-pack,vegetarian-vegan-and-plant-based
619073,0,AH Terra Plantaardige grillworst 3-pack,AH Terra,vegetarisch-vegan-en-plantaardig,"Vegetarisch, vegan en plantaardig",Plantaardige vleeswaren,5.79,5.97,3.0,3% volume voordeel,,,3 stuks,,True,AHOO,3% volume voordeel,2026-08-09,2999-12-31,,True,AH,https://www.ah.nl/producten/product/wi619073,2026-08-09,AH Terra Plantaardige grillworst 3-pack,vegetarian-vegan-and-plant-based
565764,4556,AH Terra Plantaardige kokosdrink,AH Terra,vegetarisch-vegan-en-plantaardig,"Vegetarisch, vegan en plantaardig",Kokosdrink,1.99,1.99,,,,,1 l,prijs per liter €1.99,False,,,,,C,True,AH,https://www.ah.nl/producten/product/wi565764,2026-08-09,AH Terra Plantaardige kokosdrink,vegetarian-vegan-and-plant-based
397382,848146,Vivera Plantaardige kipkrokant schnitzel,Vivera,vegetarisch-vegan-en-plantaardig,"Vegetarisch, vegan en plantaardig",Vegetarische schnitzel,3.39,3.39,,,,,200 g,prijs per kg €16.95,False,,,,,B,True,AH,https://www.ah.nl/producten/product/wi397382,2026-08-09,Vivera Plantaardige kipkrokant schnitzel,vegetarian-vegan-and-plant-based
437544,64381,Alpro Barista soja,Alpro,vegetarisch-vegan-en-plantaardig,"Vegetarisch, vegan en plantaardig",Sojadrink,2.69,2.69,,,,,1 l,prijs per liter €2.69,False,,,,,A,True,AH,https://www.ah.nl/producten/product/wi437544,2026-08-09,Alpro Barista soja,vegetarian-vegan-and-plant-based
457669,91929,Beyond Meat Plant-based burger,Beyond Meat,vegetarisch-vegan-en-plantaardig,"Vegetarisch, vegan en plantaardig",Vegetarische burgers,4.69,4.69,,,,,226 g,prijs per kg €20.75,False,,,,,B,True,AH,https://www.ah.nl/producten/product/wi457669,2026-08-09,Beyond Meat Plant-based burger,vegetarian-vegan-and-plant-based
577563,0,Alpro Barista soja 6-pack,Alpro,vegetarisch-vegan-en-plantaardig,"Vegetarisch, vegan en plantaardig",Sojadrink,14.53,16.14,10.0,10% volume voordeel,,,6 stuks,,True,AHOO,10% volume voordeel,2026-08-09,2999-12-31,,True,AH,https://www.ah.nl/producten/product/wi577563,2026-08-09,Alpro Barista soy 6-pack,vegetarian-vegan-and-plant-based
470263,722482,Alpro Plantaardige variatie op kwark vanille,Alpro,vegetarisch-vegan-en-plantaardig,"Vegetarisch, vegan en plantaardig","Plantaardige kwark, vla",1.995,2.89,31.0,2 voor 3.99,3.99,2.0,400 g,normale prijs per kg €7.23,True,AH,2 voor 3.99,2026-08-10,2026-08-16,A,True,AH,https://www.ah.nl/producten/product/wi470263,2026-08-09,Alpro Plantaardige variatie op kwark vanille,vegetarian-vegan-and-plant-based
593700,0,Alpro Plantaardige kwark vanille 2-pack,Alpro,vegetarisch-vegan-en-plantaardig,"Vegetarisch, vegan en plantaardig","Plantaardige kwark, vla",5.49,5.78,5.0,5% volume voordeel,,,2 stuks,,True,AHOO,5% volume voordeel,2026-08-09,2026-08-09,,True,AH,https://www.ah.nl/producten/product/wi593700,2026-08-09,Alpro Plantaardige kwark vanille 2-pack,vegetarian-vegan-and-plant-based
610663,67443,AH Terra Biologische soja drink ongezoet,AH Terra,vegetarisch-vegan-en-plantaardig,"Vegetarisch, vegan en plantaardig",Sojadrink,0.99,0.99,,,,,1 l,prijs per liter €0.99,False,,,,,B,True,AH,https://www.ah.nl/producten/product/wi610663,2026-08-09,AH Terra Organic soy drink unsweetened,vegetarian-vegan-and-plant-based
145350,602679,Alpro Plantaardige variatie op yoghurt nature,Alpro,vegetarisch-vegan-en-plantaardig,"Vegetarisch, vegan en plantaardig",Plantaardige yoghurt naturel,1.995,2.39,16.5,2 voor 3.99,3.99,2.0,500 g,normale prijs per kg €4.78,True,AH,2 voor 3.99,2026-08-10,2026-08-16,A,True,AH,https://www.ah.nl/producten/product/wi145350,2026-08-09,Alpro Plantaardige variatie op yoghurt nature,vegetarian-vegan-and-plant-based
593701,0,Alpro Plantaardige yoghurt nature 2-pack,Alpro,vegetarisch-vegan-en-plantaardig,"Vegetarisch, vegan en plantaardig",Plantaardige yoghurt naturel,4.54,4.78,5.0,5% volume voordeel,,,2 stuks,,True,AHOO,5% volume voordeel,2026-08-09,2026-08-09,,True,AH,https://www.ah.nl/producten/product/wi593701,2026-08-09,Alpro Plantaardige yoghurt nature 2-pack,vegetarian-vegan-and-plant-based
113391,563047,Alpro Sojadrink banaan,Alpro,vegetarisch-vegan-en-plantaardig,"Vegetarisch, vegan en plantaardig",Sojadrink,2.79,2.79,,,,,1 l,prijs per liter €2.79,False,,,,,B,True,AH,https://www.ah.nl/producten/product/wi113391,2026-08-09,Alpro Soya drink banana,vegetarian-vegan-and-plant-based
581569,0,Alpro Sojadrink banaan 4-pack,Alpro,vegetarisch-vegan-en-plantaardig,"Vegetarisch, vegan en plantaardig",Sojadrink,10.6,11.16,5.0,5% volume voordeel,,,4 stuks,,True,AHOO,5% volume voordeel,2026-08-09,2999-12-31,,True,AH,https://www.ah.nl/producten/product/wi581569,2026-08-09,Alpro Sojadrink banaan 4-pack,vegetarian-vegan-and-plant-based
462464,714671,AH Terra Soja plantaardig alternatief voor room,AH Terra,vegetarisch-vegan-en-plantaardig,"Vegetarisch, vegan en plantaardig",Plantaardige room,0.99,0.99,,,,,200 ml,prijs per liter €4.95,False,,,,,B,True,AH,https://www.ah.nl/producten/product/wi462464,2026-08-09,AH Terra Soja plantaardig alternatief voor room,vegetarian-vegan-and-plant-based
604921,58788,AH Terra Biologische hummus naturel,AH Terra,vegetarisch-vegan-en-plantaardig,"Vegetarisch, vegan en plantaardig",Hummus naturel,1.9967,2.99,33.2,3 voor 5.99,5.99,3.0,175 g,normale prijs per kg €17.09,True,AH,3 VOOR 5.99,2026-08-03,2026-08-09,B,True,AH,https://www.ah.nl/producten/product/wi604921,2026-08-09,AH Terra Biologische hummus naturel,vegetarian-vegan-and-plant-based
108650,557057,Alpro Sojadrink vanille smaak,Alpro,vegetarisch-vegan-en-plantaardig,"Vegetarisch, vegan en plantaardig",Sojadrink,2.89,2.89,,,,,1 l,prijs per liter €2.89,False,,,,,B,True,AH,https://www.ah.nl/producten/product/wi108650,2026-08-09,Alpro Sojadrink vanille smaak,vegetarian-vegan-and-plant-based
581571,0,Alpro Sojadrink vanille 4-pack,Alpro,vegetarisch-vegan-en-plantaardig,"Vegetarisch, vegan en plantaardig",Sojadrink,10.98,11.56,5.0,5% volume voordeel,,,4 stuks,,True,AHOO,5% volume voordeel,2026-08-09,2999-12-31,,True,AH,https://www.ah.nl/producten/product/wi581571,2026-08-09,Alpro Sojadrink vanille 4-pack,vegetarian-vegan-and-plant-based
622335,0,AH Terra Biologische hummus naturel 2-pack,AH Terra,vegetarisch-vegan-en-plantaardig,"Vegetarisch, vegan en plantaardig",Hummus naturel,3.99,5.98,33.3,pakketkorting,,,2 stuks,,True,AHOO,,2026-08-10,2026-08-16,,True,AH,https://www.ah.nl/producten/product/wi622335,2026-08-09,AH Terra Organic hummus natural 2-pack,vegetarian-vegan-and-plant-based
622337,0,AH Terra Biologische hummus naturel 4-pack,AH Terra,vegetarisch-vegan-en-plantaardig,"Vegetarisch, vegan en plantaardig",Hummus naturel,8.98,11.96,24.9,pakketkorting,,,4 stuks,,True,AHOO,,2026-08-09,2026-08-09,,True,AH,https://www.ah.nl/producten/product/wi622337,2026-08-09,AH Terra Organic hummus natural 4-pack,vegetarian-vegan-and-plant-based
622336,0,AH Terra Biologische hummus naturel 3-pack,AH Terra,vegetarisch-vegan-en-plantaardig,"Vegetarisch, vegan en plantaardig",Hummus naturel,5.99,8.97,33.2,pakketkorting,,,3 stuks,,True,AHOO,,2026-08-09,2026-08-09,,True,AH,https://www.ah.nl/producten/product/wi622336,2026-08-09,AH Terra Biologische hummus naturel 3-pack,vegetarian-vegan-and-plant-based
226705,819967,Vegetarische Slager Vegan kipstuckjes,Vegetarische Slager,vegetarisch-vegan-en-plantaardig,"Vegetarisch, vegan en plantaardig",Vegetarische stukjes,4.39,4.39,,,,,160 g,prijs per kg €27.44,False,,,,,A,True,AH,https://www.ah.nl/producten/product/wi226705,2026-08-09,Vegetarische Slager Vegan kipstuckjes,vegetarian-vegan-and-plant-based
564862,2458,AH Terra Plantaardige burger,AH Terra,vegetarisch-vegan-en-plantaardig,"Vegetarisch, vegan en plantaardig",Vegetarische burgers,2.99,2.99,,,,,227 g,prijs per kg €13.17,False,,,,,B,True,AH,https://www.ah.nl/producten/product/wi564862,2026-08-09,AH Terra Plant-based burger,vegetarian-vegan-and-plant-based
509552,690171,AH Terra Plantaardige plakken mild,AH Terra,vegetarisch-vegan-en-plantaardig,"Vegetarisch, vegan en plantaardig",Plantaardige kaas voor beleg,1.69,1.69,,,,,200 g,prijs per kg €8.45,False,,,,,E,True,AH,https://www.ah.nl/producten/product/wi509552,2026-08-09,AH Terra Plantaardige plakken mild,vegetarian-vegan-and-plant-based
580284,23299,Oatly! Barista edition lighter taste,Oatly!,vegetarisch-vegan-en-plantaardig,"Vegetarisch, vegan en plantaardig",Haverdrink,2.89,2.89,,,,,1 l,prijs per liter €2.89,False,,,,,C,True,AH,https://www.ah.nl/producten/product/wi580284,2026-08-09,Oatly! Barista edition lighter taste,vegetarian-vegan-and-plant-based
611229,0,Oatly! Barista edition lighter taste 4-pack,Oatly!,vegetarisch-vegan-en-plantaardig,"Vegetarisch, vegan en plantaardig",Haverdrink,10.98,11.56,5.0,5% volume voordeel,,,4 stuks,,True,AHOO,5% volume voordeel,2026-08-09,2999-12-31,,True,AH,https://www.ah.nl/producten/product/wi611229,2026-08-09,Oatly! Barista edition lighter taste 4-pack,vegetarian-vegan-and-plant-based
237280,830176,Alpro Plantaardig variatie kers,Alpro,vegetarisch-vegan-en-plantaardig,"Vegetarisch, vegan en plantaardig",Plantaardige yoghurt met smaak,1.995,2.79,28.5,2 voor 3.99,3.99,2.0,500 g,normale prijs per kg €5.58,True,AH,2 voor 3.99,2026-08-10,2026-08-16,B,True,AH,https://www.ah.nl/producten/product/wi237280,2026-08-09,Alpro Plantaardig variatie kers,vegetarian-vegan-and-plant-based
451200,579876,AH Terra Plantaardige haverdrink ongezoet,AH Terra,vegetarisch-vegan-en-plantaardig,"Vegetarisch, vegan en plantaardig",Haverdrink,1.69,1.69,,,,,1 l,prijs per liter €1.69,False,,,,,C,True,AH,https://www.ah.nl/producten/product/wi451200,2026-08-09,AH Terra Vegetable oat drink unsweetened,vegetarian-vegan-and-plant-based
604678,0,Alpro Plantaardig variatie kers 2-pack,Alpro,vegetarisch-vegan-en-plantaardig,"Vegetarisch, vegan en plantaardig",Plantaardige yoghurt met smaak,5.3,5.58,5.0,5% volume voordeel,,,2 stuks,,True,AHOO,5% volume voordeel,2026-08-09,2026-08-09,,True,AH,https://www.ah.nl/producten/product/wi604678,2026-08-09,Alpro Plant-based variation cherry 2-pack,vegetarian-vegan-and-plant-based
620367,0,AH Terra Plantaardige burger 3-pack,AH Terra,vegetarisch-vegan-en-plantaardig,"Vegetarisch, vegan en plantaardig",Vegetarische burgers,8.52,8.97,5.0,5% volume voordeel,,,3 stuks,,True,AHOO,5% volume voordeel,2026-08-09,2999-12-31,,True,AH,https://www.ah.nl/producten/product/wi620367,2026-08-09,AH Terra Plantaardige burger 3-pack,vegetarian-vegan-and-plant-based
605271,59961,AH Terra Biologisch amandeldrink ongezoet,AH Terra,vegetarisch-vegan-en-plantaardig,"Vegetarisch, vegan en plantaardig","Amandel, cashewdrink",1.59,1.59,,,,,1 l,prijs per liter €1.59,False,,,,,B,True,AH,https://www.ah.nl/producten/product/wi605271,2026-08-09,AH Terra Biologisch amandeldrink ongezoet,vegetarian-vegan-and-plant-based
121227,557834,Alpro Sojadrink original gekoeld,Alpro,vegetarisch-vegan-en-plantaardig,"Vegetarisch, vegan en plantaardig",Sojadrink,1.995,2.79,28.5,2 voor 3.99,3.99,2.0,1 l,normale prijs per liter €2.79,True,AH,2 voor 3.99,2026-08-10,2026-08-16,A,True,AH,https://www.ah.nl/producten/product/wi121227,2026-08-09,Alpro Soya drink original chilled,vegetarian-vegan-and-plant-based
620369,0,AH Terra Plantaardige burger 5-pack,AH Terra,vegetarisch-vegan-en-plantaardig,"Vegetarisch, vegan en plantaardig",Vegetarische burgers,13.45,14.95,10.0,10% volume voordeel,,,5 stuks,,True,AHOO,10% volume voordeel,2026-08-09,2999-12-31,,True,AH,https://www.ah.nl/producten/product/wi620369,2026-08-09,AH Terra Plantaardige burger 5-pack,vegetarian-vegan-and-plant-based
561000,609007,AH Terra Plantaardige hummus naturel,AH Terra,vegetarisch-vegan-en-plantaardig,"Vegetarisch, vegan en plantaardig",Hummus naturel,2.25,2.25,,,,,350 g,prijs per kg €6.43,False,,,,,C,True,AH,https://www.ah.nl/producten/product/wi561000,2026-08-09,AH Terra Vegetable hummus natural,vegetarian-vegan-and-plant-based
620368,0,AH Terra Plantaardige burger 4-pack,AH Terra,vegetarisch-vegan-en-plantaardig,"Vegetarisch, vegan en plantaardig",Vegetarische burgers,11.12,11.96,7.0,7% volume voordeel,,,4 stuks,,True,AHOO,7% volume voordeel,2026-08-09,2999-12-31,,True,AH,https://www.ah.nl/producten/product/wi620368,2026-08-09,AH Terra Plantaardige burger 4-pack,vegetarian-vegan-and-plant-based
605272,59962,AH Terra Biologisch haverdrink ongezoet,AH Terra,vegetarisch-vegan-en-plantaardig,"Vegetarisch, vegan en plantaardig",Haverdrink,1.49,1.49,,,,,1 l,prijs per liter €1.49,False,,,,,C,True,AH,https://www.ah.nl/producten/product/wi605272,2026-08-09,AH Terra Organic oat drink unsweetened,vegetarian-vegan-and-plant-based
96640,505650,Alpro Plantaardig variatie perzik,Alpro,vegetarisch-vegan-en-plantaardig,"Vegetarisch, vegan en plantaardig",Plantaardige yoghurt met smaak,1.995,2.69,25.8,2 voor 3.99,3.99,2.0,500 g,normale prijs per kg €5.38,True,AH,2 voor 3.99,2026-08-10,2026-08-16,A,True,AH,https://www.ah.nl/producten/product/wi96640,2026-08-09,Alpro Plantaardig variatie perzik,vegetarian-vegan-and-plant-based
202747,520020,Maza Baba anoesh,Maza,vegetarisch-vegan-en-plantaardig,"Vegetarisch, vegan en plantaardig",Vegetarische spreads,2.39,2.39,,,,,200 g,prijs per kg €11.95,False,,,,,C,True,AH,https://www.ah.nl/producten/product/wi202747,2026-08-09,Maza Baba anoesh,vegetarian-vegan-and-plant-based
502390,817843,Vegetarische Slager Vegan pluimfeestburger,Vegetarische Slager,vegetarisch-vegan-en-plantaardig,"Vegetarisch, vegan en plantaardig",Vegetarische burgers,3.99,3.99,,,,,180 g,prijs per kg €22.17,False,,,,,B,True,AH,https://www.ah.nl/producten/product/wi502390,2026-08-09,Vegetarische Slager Vegan pluimfeestburger,vegetarian-vegan-and-plant-based
604679,0,Alpro Plantaardig variatie perzik 2-pack,Alpro,vegetarisch-vegan-en-plantaardig,"Vegetarisch, vegan en plantaardig",Plantaardige yoghurt met smaak,5.11,5.38,5.0,5% volume voordeel,,,2 stuks,,True,AHOO,5% volume voordeel,2026-08-09,2026-08-09,,True,AH,https://www.ah.nl/producten/product/wi604679,2026-08-09,Alpro Plantaardig variatie perzik 2-pack,vegetarian-vegan-and-plant-based
611388,0,Maza Baba anoesh 3-pack,Maza,vegetarisch-vegan-en-plantaardig,"Vegetarisch, vegan en plantaardig",Vegetarische spreads,6.81,7.17,5.0,5% volume voordeel,,,3 stuks,,True,AHOO,5% volume voordeel,2026-08-09,2999-12-31,,True,AH,https://www.ah.nl/producten/product/wi611388,2026-08-09,Maza Baba anoesh 3-pack,vegetarian-vegan-and-plant-based
133171,582726,Valess Vegetarische schnitzel,Valess,vegetarisch-vegan-en-plantaardig,"Vegetarisch, vegan en plantaardig",Vegetarische schnitzel,2.495,3.79,34.2,2 voor 4.99,4.99,2.0,2 x 90 g,normale prijs per kg €21.06,True,AH,2 voor 4.99,2026-08-10,2026-08-16,B,True,AH,https://www.ah.nl/producten/product/wi133171,2026-08-09,Valess Vegetarische schnitzel,vegetarian-vegan-and-plant-based
564865,2461,AH Terra Plantaardige schnitzel,AH Terra,vegetarisch-vegan-en-plantaardig,"Vegetarisch, vegan en plantaardig",Vegetarische schnitzel,1.85,1.85,,,,,200 g,prijs per kg €9.25,False,,,,,B,True,AH,https://www.ah.nl/producten/product/wi564865,2026-08-09,AH Terra Plantaardige schnitzel,vegetarian-vegan-and-plant-based
475227,727562,Oatly! Haverdrank vol,Oatly!,vegetarisch-vegan-en-plantaardig,"Vegetarisch, vegan en plantaardig",Haverdrink,2.69,2.69,,,,,1 l,prijs per liter €2.69,False,,,,,D,True,AH,https://www.ah.nl/producten/product/wi475227,2026-08-09,Oatly! Haverdrank vol,vegetarian-vegan-and-plant-based
548465,602016,Oatly! Haverdrank no sugar,Oatly!,vegetarisch-vegan-en-plantaardig,"Vegetarisch, vegan en plantaardig",Haverdrink,2.89,2.89,,,,,1 l,prijs per liter €2.89,False,,,,,C,True,AH,https://www.ah.nl/producten/product/wi548465,2026-08-09,Oatly! Haverdrank no sugar,vegetarian-vegan-and-plant-based
611235,0,Oatly! Haverdrank no sugar 4-pack,Oatly!,vegetarisch-vegan-en-plantaardig,"Vegetarisch, vegan en plantaardig",Haverdrink,10.98,11.56,5.0,5% volume voordeel,,,4 stuks,,True,AHOO,5% volume voordeel,2026-08-09,2999-12-31,,True,AH,https://www.ah.nl/producten/product/wi611235,2026-08-09,Oatly! Haverdrank no sugar 4-pack,vegetarian-vegan-and-plant-based
447631,47432,Alpro Haverdrink zonder suikers,Alpro,vegetarisch-vegan-en-plantaardig,"Vegetarisch, vegan en plantaardig",Haverdrink,2.79,2.79,,,,,1 l,prijs per liter €2.79,False,,,,,A,True,AH,https://www.ah.nl/producten/product/wi447631,2026-08-09,Alpro Oat Drink without sugars,vegetarian-vegan-and-plant-based
581564,0,Alpro Haverdrink zonder suikers 4-pack,Alpro,vegetarisch-vegan-en-plantaardig,"Vegetarisch, vegan en plantaardig",Haverdrink,10.6,11.16,5.0,5% volume voordeel,,,4-stuks,,True,AHOO,5% volume voordeel,2026-08-09,2999-12-31,,True,AH,https://www.ah.nl/producten/product/wi581564,2026-08-09,Alpro Haverdrink zonder suikers 4-pack,vegetarian-vegan-and-plant-based
224738,818230,Alpro Kokosnootdrink original,Alpro,vegetarisch-vegan-en-plantaardig,"Vegetarisch, vegan en plantaardig",Kokosdrink,3.29,3.29,,,,,1 l,prijs per liter €3.29,False,,,,,B,True,AH,https://www.ah.nl/producten/product/wi224738,2026-08-09,Alpro Kokosnootdrink original,vegetarian-vegan-and-plant-based
581566,0,Alpro Kokosnootdrink original 4-pack,Alpro,vegetarisch-vegan-en-plantaardig,"Vegetarisch, vegan en plantaardig",Kokosdrink,12.5,13.16,5.0,5% volume voordeel,,,4-stuks,,True,AHOO,5% volume voordeel,2026-08-09,2999-12-31,,True,AH,https://www.ah.nl/producten/product/wi581566,2026-08-09,Alpro Kokosnootdrink original 4-pack,vegetarian-vegan-and-plant-based
46003,78756,Alpro Sojadrink chocolade,Alpro,vegetarisch-vegan-en-plantaardig,"Vegetarisch, vegan en plantaardig",Sojadrink,2.89,2.89,,,,,1 l,prijs per liter €2.89,False,,,,,B,True,AH,https://www.ah.nl/producten/product/wi46003,2026-08-09,Alpro Soya drink chocolate,vegetarian-vegan-and-plant-based
607846,0,Alpro Sojadrink chocolade 4-pack,Alpro,vegetarisch-vegan-en-plantaardig,"Vegetarisch, vegan en plantaardig",Sojadrink,10.98,11.56,5.0,5% volume voordeel,,,4 stuks,,True,AHOO,5% volume voordeel,2026-08-09,2999-12-31,,True,AH,https://www.ah.nl/producten/product/wi607846,2026-08-09,Alpro Sojadrink chocolade 4-pack,vegetarian-vegan-and-plant-based
612728,69476,Beyond Meat Korean BBQ flavour burger,Beyond Meat,vegetarisch-vegan-en-plantaardig,"Vegetarisch, vegan en plantaardig",Vegetarische burgers,4.69,4.69,,,,,200 g,prijs per kg €23.45,False,,,,,B,True,AH,https://www.ah.nl/producten/product/wi612728,2026-08-09,Beyond Meat Korean BBQ flavor burger,vegetarian-vegan-and-plant-based
570915,11851,AH Terra Plantaardig alternatief crème fraîche,AH Terra,vegetarisch-vegan-en-plantaardig,"Vegetarisch, vegan en plantaardig",Plantaardige room,0.89,0.89,,,,,175 g,prijs per kg €5.09,False,,,,,D,True,AH,https://www.ah.nl/producten/product/wi570915,2026-08-09,AH Terra Plant-based alternative crème fraîche,vegetarian-vegan-and-plant-based
388899,846093,Vegetarische Slager Kipworst,Vegetarische Slager,vegetarisch-vegan-en-plantaardig,"Vegetarisch, vegan en plantaardig",Vegetarische vleeswaren,2.79,2.79,,,,,100 g,prijs per kg €27.90,False,,,,,D,True,AH,https://www.ah.nl/producten/product/wi388899,2026-08-09,Vegetarian Butcher Chicken Sausage,vegetarian-vegan-and-plant-based
548464,523483,Oatly! Haverdrank halfvol calcium,Oatly!,vegetarisch-vegan-en-plantaardig,"Vegetarisch, vegan en plantaardig",Haverdrink,2.59,2.59,,,,,1 l,prijs per liter €2.59,False,,,,,C,True,AH,https://www.ah.nl/producten/product/wi548464,2026-08-09,Oatly! Oat drink half full of calcium,vegetarian-vegan-and-plant-based
606755,63236,AH Terra Plantaardige barista kokos,AH Terra,vegetarisch-vegan-en-plantaardig,"Vegetarisch, vegan en plantaardig",Kokosdrink,1.69,1.69,,,,,1 l,prijs per liter €1.69,False,,,,,C,True,AH,https://www.ah.nl/producten/product/wi606755,2026-08-09,AH Terra Plantaardige barista kokos,vegetarian-vegan-and-plant-based
611234,0,Oatly! Haverdrank halfvol calcium 4-pack,Oatly!,vegetarisch-vegan-en-plantaardig,"Vegetarisch, vegan en plantaardig",Haverdrink,9.84,10.36,5.0,5% volume voordeel,,,4 stuks,,True,AHOO,5% volume voordeel,2026-08-09,2999-12-31,,True,AH,https://www.ah.nl/producten/product/wi611234,2026-08-09,Oatly! Oat drink half full calcium 4-pack,vegetarian-vegan-and-plant-based
383521,842784,AH Terra Plantaardige rijst drink naturel,AH Terra,vegetarisch-vegan-en-plantaardig,"Vegetarisch, vegan en plantaardig","Rijstdrank, erwtendrink",1.79,1.79,,,,,1 l,prijs per liter €1.79,False,,,,,C,True,AH,https://www.ah.nl/producten/product/wi383521,2026-08-09,AH Terra Plantaardige rijst drink naturel,vegetarian-vegan-and-plant-based
378706,839845,AH Terra Plantaardige soja gurt ongezoet,AH Terra,vegetarisch-vegan-en-plantaardig,"Vegetarisch, vegan en plantaardig",Plantaardige yoghurt naturel,0.85,0.85,,,,,500 g,prijs per kg €1.70,False,,,,,A,True,AH,https://www.ah.nl/producten/product/wi378706,2026-08-09,AH Terra Vegetable soy gurt unsweetened,vegetarian-vegan-and-plant-based
489128,742619,Oatly! Haver barista edition,Oatly!,vegetarisch-vegan-en-plantaardig,"Vegetarisch, vegan en plantaardig",Haverdrink,1.99,1.99,,,,,"0,5 l",prijs per liter €3.98,False,,,,,D,True,AH,https://www.ah.nl/producten/product/wi489128,2026-08-09,Oatly! Oat barista edition,vegetarian-vegan-and-plant-based
414982,857086,Vegetarische Slager Vegan petit filet americain,Vegetarische Slager,vegetarisch-vegan-en-plantaardig,"Vegetarisch, vegan en plantaardig",Plantaardige vleeswaren,2.59,2.59,,,,,5 x 24 g,prijs per kg €21.58,False,,,,,D,True,AH,https://www.ah.nl/producten/product/wi414982,2026-08-09,Vegetarische Slager Vegan petit filet americain,vegetarian-vegan-and-plant-based
474614,727622,AH Terra Plantaardige soja kwark,AH Terra,vegetarisch-vegan-en-plantaardig,"Vegetarisch, vegan en plantaardig",Plantaardige yoghurt naturel,1.79,1.79,,,,,500 g,prijs per kg €3.58,False,,,,,A,True,AH,https://www.ah.nl/producten/product/wi474614,2026-08-09,AH Terra Plantaardige soja kwark,vegetarian-vegan-and-plant-based
580285,23298,Oatly! Barista edition oat drink,Oatly!,vegetarisch-vegan-en-plantaardig,"Vegetarisch, vegan en plantaardig",Haverdrink,3.89,3.89,,,,,"1,5 l",prijs per liter €2.59,False,,,,,D,True,AH,https://www.ah.nl/producten/product/wi580285,2026-08-09,Oatly! Barista edition oat drink,vegetarian-vegan-and-plant-based
613330,69582,AH Terra Biologische soja gurt ongezoet,AH Terra,vegetarisch-vegan-en-plantaardig,"Vegetarisch, vegan en plantaardig",Plantaardige yoghurt naturel,1.89,1.89,,,,,1 l,prijs per liter €1.89,False,,,,,A,True,AH,https://www.ah.nl/producten/product/wi613330,2026-08-09,AH Terra Biologische soja gurt ongezoet,vegetarian-vegan-and-plant-based
570847,11082,Alpro Barista amandel,Alpro,vegetarisch-vegan-en-plantaardig,"Vegetarisch, vegan en plantaardig","Amandel, cashewdrink",2.69,2.69,,,,,"0,75 l",prijs per liter €3.59,False,,,,,C,True,AH,https://www.ah.nl/producten/product/wi570847,2026-08-09,Alpro Barista amandel,vegetarian-vegan-and-plant-based
580263,23296,Alpro Barista caramel smaak,Alpro,vegetarisch-vegan-en-plantaardig,"Vegetarisch, vegan en plantaardig",Sojadrink,2.59,2.59,,,,,"0,75 l",prijs per liter €3.45,False,,,,,C,True,AH,https://www.ah.nl/producten/product/wi580263,2026-08-09,Alpro Barista caramel smaak,vegetarian-vegan-and-plant-based
600740,0,Alpro Barista caramel smaak 6-pack,Alpro,vegetarisch-vegan-en-plantaardig,"Vegetarisch, vegan en plantaardig",Sojadrink,13.99,15.54,10.0,10% volume voordeel,,,6 stuks,,True,AHOO,10% volume voordeel,2026-08-09,2999-12-31,,True,AH,https://www.ah.nl/producten/product/wi600740,2026-08-09,Alpro Barista caramel smaak 6-pack,vegetarian-vegan-and-plant-based
474825,727681,Kips Vega filet americain,Kips,vegetarisch-vegan-en-plantaardig,"Vegetarisch, vegan en plantaardig",Plantaardige vleeswaren,2.49,2.49,,,,,125 g,prijs per kg €19.92,False,,,,,C,True,AH,https://www.ah.nl/producten/product/wi474825,2026-08-09,Kips Vega fillet americain,vegetarian-vegan-and-plant-based
376562,838099,Maza Hoemoes kerrie,Maza,vegetarisch-vegan-en-plantaardig,"Vegetarisch, vegan en plantaardig",Hummus met smaakje,2.59,2.59,,,,,200 g,prijs per kg €12.95,False,,,,,C,True,AH,https://www.ah.nl/producten/product/wi376562,2026-08-09,Maza Hoemoes kerrie,vegetarian-vegan-and-plant-based
611391,0,Maza Hoemoes kerrie 3-pack,Maza,vegetarisch-vegan-en-plantaardig,"Vegetarisch, vegan en plantaardig",Hummus met smaakje,7.38,7.77,5.0,5% volume voordeel,,,3 stuks,,True,AHOO,5% volume voordeel,2026-08-09,2999-12-31,,True,AH,https://www.ah.nl/producten/product/wi611391,2026-08-09,Maza Hoemoes curry 3-pack,vegetarian-vegan-and-plant-based
412173,855709,Zonnatura Amandeldrink ongezoet,Zonnatura,vegetarisch-vegan-en-plantaardig,"Vegetarisch, vegan en plantaardig","Amandel, cashewdrink",3.39,3.39,,,,,1 l,prijs per liter €3.39,False,,,,,B,True,AH,https://www.ah.nl/producten/product/wi412173,2026-08-09,Zonnatura Amandeldrink ongezoet,vegetarian-vegan-and-plant-based
548746,748690,Vivera Plantaardige chicken tenders,Vivera,vegetarisch-vegan-en-plantaardig,"Vegetarisch, vegan en plantaardig",Vega(n) Snacks,3.89,3.89,,,,,200 g,prijs per kg €19.45,False,,,,,C,True,AH,https://www.ah.nl/producten/product/wi548746,2026-08-09,Vivera Plantaardige chicken tenders,vegetarian-vegan-and-plant-based
548752,635087,Vegetarische Slager Little willies,Vegetarische Slager,vegetarisch-vegan-en-plantaardig,Vlees,Vegetarische worst,4.39,4.39,,,,,160 g,prijs per kg €27.44,False,,,,,A,True,AH,https://www.ah.nl/producten/product/wi548752,2026-08-09,Vegetarische Slager Little willies,vegetarian-vegan-and-plant-based
522402,886536,AH Terra Plantaardig groentespread paprika,AH Terra,vegetarisch-vegan-en-plantaardig,"Vegetarisch, vegan en plantaardig",Plantaardige spreads,1.99,1.99,,,,,150 g,prijs per kg €13.27,False,,,,,B,True,AH,https://www.ah.nl/producten/product/wi522402,2026-08-09,AH Terra Vegetable vegetable spread pepper,vegetarian-vegan-and-plant-based
389626,846099,Vegetarische Slager Boterhamworst,Vegetarische Slager,vegetarisch-vegan-en-plantaardig,"Vegetarisch, vegan en plantaardig",Vegetarische vleeswaren,1.99,1.99,,,,,80 g,prijs per kg €24.88,False,,,,,D,True,AH,https://www.ah.nl/producten/product/wi389626,2026-08-09,Vegetarian Butcher Sandwich Sausage,vegetarian-vegan-and-plant-based
556344,667380,Alpro Plantaardige yoghurt Griekse stijl,Alpro,vegetarisch-vegan-en-plantaardig,"Vegetarisch, vegan en plantaardig",Plantaardige yoghurt met smaak,1.995,2.49,19.9,2 voor 3.99,3.99,2.0,400 g,normale prijs per kg €6.23,True,AH,2 voor 3.99,2026-08-10,2026-08-16,A,True,AH,https://www.ah.nl/producten/product/wi556344,2026-08-09,Alpro Plantaardige yoghurt Griekse stijl,vegetarian-vegan-and-plant-based
593704,0,Alpro Plantaardig Griekse stijl 2-pack,Alpro,vegetarisch-vegan-en-plantaardig,"Vegetarisch, vegan en plantaardig",Plantaardige yoghurt met smaak,4.73,4.98,5.0,5% volume voordeel,,,2 stuks,,True,AHOO,5% volume voordeel,2026-08-09,2026-08-09,,True,AH,https://www.ah.nl/producten/product/wi593704,2026-08-09,Alpro Plantaardig Griekse stijl 2-pack,vegetarian-vegan-and-plant-based
580281,23297,Alpro Barista vanille smaak,Alpro,vegetarisch-vegan-en-plantaardig,"Vegetarisch, vegan en plantaardig",Sojadrink,2.59,2.59,,,,,"0,75 l",prijs per liter €3.45,False,,,,,C,True,AH,https://www.ah.nl/producten/product/wi580281,2026-08-09,Alpro Barista vanille smaak,vegetarian-vegan-and-plant-based
600741,0,Alpro Barista vanille smaak 6-pack,Alpro,vegetarisch-vegan-en-plantaardig,"Vegetarisch, vegan en plantaardig",Sojadrink,13.99,15.54,10.0,10% volume voordeel,,,6 stuks,,True,AHOO,10% volume voordeel,2026-08-09,2999-12-31,,True,AH,https://www.ah.nl/producten/product/wi600741,2026-08-09,Alpro Barista vanille smaak 6-pack,vegetarian-vegan-and-plant-based
493518,748548,Beyond Meat Hack,Beyond Meat,vegetarisch-vegan-en-plantaardig,"Vegetarisch, vegan en plantaardig",Vegetarisch gehakt,4.49,4.49,,,,,250 g,prijs per kg €17.96,False,,,,,B,True,AH,https://www.ah.nl/producten/product/wi493518,2026-08-09,Beyond Meat Hack,vegetarian-vegan-and-plant-based
580745,0,Alpro Barista amandel 4-pack,Alpro,vegetarisch-vegan-en-plantaardig,"Vegetarisch, vegan en plantaardig","Amandel, cashewdrink",10.22,10.76,5.0,5% volume voordeel,,,4 stuks,,True,AHOO,5% volume voordeel,2026-08-09,2999-12-31,,True,AH,https://www.ah.nl/producten/product/wi580745,2026-08-09,Alpro Barista almond 4-pack,vegetarian-vegan-and-plant-based
587063,0,Alpro Barista amandel 6-pack,Alpro,vegetarisch-vegan-en-plantaardig,"Vegetarisch, vegan en plantaardig","Amandel, cashewdrink",14.53,16.14,10.0,10% volume voordeel,,,6 stuks,,True,AHOO,10% volume voordeel,2026-08-09,2999-12-31,,True,AH,https://www.ah.nl/producten/product/wi587063,2026-08-09,Alpro Barista amandel 6-pack,vegetarian-vegan-and-plant-based
606095,60549,Alpro Yoghurt bosbessen muffin smaak,Alpro,vegetarisch-vegan-en-plantaardig,"Vegetarisch, vegan en plantaardig",Plantaardige yoghurt met smaak,1.995,2.79,28.5,2 voor 3.99,3.99,2.0,400 g,normale prijs per kg €6.98,True,AH,2 voor 3.99,2026-08-10,2026-08-16,B,True,AH,https://www.ah.nl/producten/product/wi606095,2026-08-09,Alpro Yoghurt blueberry muffin flavour,vegetarian-vegan-and-plant-based
606097,60550,Alpro Soja yoghurt aardbei kids 4-pack,Alpro,vegetarisch-vegan-en-plantaardig,"Vegetarisch, vegan en plantaardig",Plantaardige toetjes,1.995,2.99,33.3,2 voor 3.99,3.99,2.0,460 g,normale prijs per kg €6.50,True,AH,2 voor 3.99,2026-08-10,2026-08-16,A,True,AH,https://www.ah.nl/producten/product/wi606097,2026-08-09,Alpro Soja yoghurt aardbei kids 4-pack,vegetarian-vegan-and-plant-based
598992,48321,AH Terra Groenteburger broccoli paprika,AH Terra,vegetarisch-vegan-en-plantaardig,"Vegetarisch, vegan en plantaardig",Vegetarische burgers,2.49,2.49,,,,,160 g,prijs per kg €15.56,False,,,,,B,True,AH,https://www.ah.nl/producten/product/wi598992,2026-08-09,AH Terra Groenteburger broccoli paprika,vegetarian-vegan-and-plant-based
486453,741820,Maza Hoemoes XL,Maza,vegetarisch-vegan-en-plantaardig,"Vegetarisch, vegan en plantaardig",Hummus naturel,3.99,3.99,,,,,350 g,prijs per kg €11.40,False,,,,,C,True,AH,https://www.ah.nl/producten/product/wi486453,2026-08-09,Maza Hoemoes XL,vegetarian-vegan-and-plant-based
522401,886793,AH Terra Plantaardig groentespread komkommer,AH Terra,vegetarisch-vegan-en-plantaardig,"Vegetarisch, vegan en plantaardig",Plantaardige spreads,1.99,1.99,,,,,150 g,prijs per kg €13.27,False,,,,,A,True,AH,https://www.ah.nl/producten/product/wi522401,2026-08-09,AH Terra Vegetable vegetable spread cucumber,vegetarian-vegan-and-plant-based
556307,716500,Alpro Plantaardige variatie yoghurt no sugars,Alpro,vegetarisch-vegan-en-plantaardig,"Vegetarisch, vegan en plantaardig",Plantaardige yoghurt naturel,1.995,2.49,19.9,2 voor 3.99,3.99,2.0,500 g,normale prijs per kg €4.98,True,AH,2 voor 3.99,2026-08-10,2026-08-16,A,True,AH,https://www.ah.nl/producten/product/wi556307,2026-08-09,Alpro Plantaardige variatie yoghurt no sugars,vegetarian-vegan-and-plant-based
563706,1202,AH Terra Plantaardige shoarma,AH Terra,vegetarisch-vegan-en-plantaardig,"Vegetarisch, vegan en plantaardig","Vegetarische shoarma, gyros, kebab",2.99,2.99,,,,,300 g,prijs per kg €9.97,False,,,,,A,True,AH,https://www.ah.nl/producten/product/wi563706,2026-08-09,AH Terra Plantaardige shoarma,vegetarian-vegan-and-plant-based
593703,0,Alpro Plantaardige yoghurt no sugars 2-pack,Alpro,vegetarisch-vegan-en-plantaardig,"Vegetarisch, vegan en plantaardig",Plantaardige yoghurt naturel,4.73,4.98,5.0,5% volume voordeel,,,2 stuks,,True,AHOO,5% volume voordeel,2026-08-09,2026-08-09,,True,AH,https://www.ah.nl/producten/product/wi593703,2026-08-09,Alpro Plantaardige yoghurt no sugars 2-pack,vegetarian-vegan-and-plant-based
611401,0,Maza Hoemoes XL 4-pack,Maza,vegetarisch-vegan-en-plantaardig,"Vegetarisch, vegan en plantaardig",Hummus naturel,15.16,15.96,5.0,5% volume voordeel,,,4 stuks,,True,AHOO,5% volume voordeel,2026-08-09,2999-12-31,,True,AH,https://www.ah.nl/producten/product/wi611401,2026-08-09,Maza Hoemoes XL 4-pack,vegetarian-vegan-and-plant-based
622055,0,AH Terra Groenteburger broccoli paprika 5-pack,AH Terra,vegetarisch-vegan-en-plantaardig,"Vegetarisch, vegan en plantaardig",Vegetarische burgers,11.2,12.45,10.0,10% volume voordeel,,,5 stuks,,True,AHOO,10% volume voordeel,2026-08-09,2999-12-31,,True,AH,https://www.ah.nl/producten/product/wi622055,2026-08-09,AH Terra Vegetable burger broccoli pepper 5-pack,vegetarian-vegan-and-plant-based
622054,0,AH Terra Groenteburger broccoli paprika 4-pack,AH Terra,vegetarisch-vegan-en-plantaardig,"Vegetarisch, vegan en plantaardig",Vegetarische burgers,9.26,9.96,7.0,7% volume voordeel,,,4 stuks,,True,AHOO,7% volume voordeel,2026-08-09,2999-12-31,,True,AH,https://www.ah.nl/producten/product/wi622054,2026-08-09,AH Terra Groenteburger broccoli paprika 4-pack,vegetarian-vegan-and-plant-based
622053,0,AH Terra Groenteburger broccoli paprika 3-pack,AH Terra,vegetarisch-vegan-en-plantaardig,"Vegetarisch, vegan en plantaardig",Vegetarische burgers,7.1,7.47,5.0,5% volume voordeel,,,3 stuks,,True,AHOO,5% volume voordeel,2026-08-09,2999-12-31,,True,AH,https://www.ah.nl/producten/product/wi622053,2026-08-09,AH Terra Groenteburger broccoli paprika 3-pack,vegetarian-vegan-and-plant-based
236920,830406,AH Terra Plantaardige amandeldrink naturel,AH Terra,vegetarisch-vegan-en-plantaardig,"Vegetarisch, vegan en plantaardig","Amandel, cashewdrink",1.59,1.59,,,,,1 l,prijs per liter €1.59,False,,,,,C,True,AH,https://www.ah.nl/producten/product/wi236920,2026-08-09,AH Terra Vegetable almond drink natural,vegetarian-vegan-and-plant-based
397381,848145,Vegetarische Slager Vegan rul gehackt,Vegetarische Slager,vegetarisch-vegan-en-plantaardig,"Vegetarisch, vegan en plantaardig",Vegetarisch gehakt,3.79,3.79,,,,,200 g,prijs per kg €18.95,False,,,,,A,True,AH,https://www.ah.nl/producten/product/wi397381,2026-08-09,Vegetarische Slager Vegan rul gehackt,vegetarian-vegan-and-plant-based
572430,14135,AH Terra Biologische gerookte tofu,AH Terra,vegetarisch-vegan-en-plantaardig,"Vegetarisch, vegan en plantaardig",Tofu,1.99,1.99,,,,,200 g,prijs per kg €9.95,False,,,,,B,True,AH,https://www.ah.nl/producten/product/wi572430,2026-08-09,AH Terra Biologische gerookte tofu,vegetarian-vegan-and-plant-based
415707,687135,AH Terra Amandeldrink ongezoet gekoeld,AH Terra,vegetarisch-vegan-en-plantaardig,"Vegetarisch, vegan en plantaardig","Amandel, cashewdrink",1.49,1.49,,,,,1 l,prijs per liter €1.49,False,,,,,B,True,AH,https://www.ah.nl/producten/product/wi415707,2026-08-09,AH Terra Amandeldrink ongezoet gekoeld,vegetarian-vegan-and-plant-based
548463,71318,Oatly! Haverdrank vol,Oatly!,vegetarisch-vegan-en-plantaardig,"Vegetarisch, vegan en plantaardig",Haverdrink,2.69,2.69,,,,,1 l,prijs per liter €2.69,False,,,,,D,True,AH,https://www.ah.nl/producten/product/wi548463,2026-08-09,Oatly! Haverdrank vol,vegetarian-vegan-and-plant-based
611236,0,Oatly! Haverdrank vol 4-pack,Oatly!,vegetarisch-vegan-en-plantaardig,"Vegetarisch, vegan en plantaardig",Haverdrink,10.22,10.76,5.0,5% volume voordeel,,,4 stuks,,True,AHOO,5% volume voordeel,2026-08-09,2999-12-31,,True,AH,https://www.ah.nl/producten/product/wi611236,2026-08-09,Oatly! Oat drink full 4-pack,vegetarian-vegan-and-plant-based
563882,1960,Vegetarische Slager Vegan Zweedsche gehacktballetjes,Vegetarische Slager,vegetarisch-vegan-en-plantaardig,"Vegetarisch, vegan en plantaardig",Vega balletjes,4.19,4.19,,,,,180 g,prijs per kg €23.28,False,,,,,A,True,AH,https://www.ah.nl/producten/product/wi563882,2026-08-09,Vegetarische Slager Vegan Zweedsche gehacktballetjes,vegetarian-vegan-and-plant-based
474612,727611,Alpro Plantaardig variatie aardbei,Alpro,vegetarisch-vegan-en-plantaardig,"Vegetarisch, vegan en plantaardig",Plantaardige yoghurt met smaak,1.995,2.29,12.9,2 voor 3.99,3.99,2.0,500 g,normale prijs per kg €4.58,True,AH,2 voor 3.99,2026-08-10,2026-08-16,A,True,AH,https://www.ah.nl/producten/product/wi474612,2026-08-09,Alpro Vegetable variation strawberry,vegetarian-vegan-and-plant-based
604677,0,Alpro Plantaardig variatie aardbei 2-pack,Alpro,vegetarisch-vegan-en-plantaardig,"Vegetarisch, vegan en plantaardig",Plantaardige yoghurt met smaak,4.35,4.58,5.0,5% volume voordeel,,,2 stuks,,True,AHOO,5% volume voordeel,2026-08-09,2026-08-09,,True,AH,https://www.ah.nl/producten/product/wi604677,2026-08-09,Alpro Plantaardig variatie aardbei 2-pack,vegetarian-vegan-and-plant-based
493532,748563,Vivera Plantaardige kroketburger,Vivera,vegetarisch-vegan-en-plantaardig,"Vegetarisch, vegan en plantaardig",Vegetarische burgers,3.59,3.59,,,,,150 g,prijs per kg €23.93,False,,,,,C,True,AH,https://www.ah.nl/producten/product/wi493532,2026-08-09,Vivera Plantaardige kroketburger,vegetarian-vegan-and-plant-based
605200,59969,Alpro Biologische soja no sugars,Alpro,vegetarisch-vegan-en-plantaardig,"Vegetarisch, vegan en plantaardig",Sojadrink,2.49,2.49,,,,,1 l,prijs per liter €2.49,False,,,,,B,True,AH,https://www.ah.nl/producten/product/wi605200,2026-08-09,Alpro Biologische soja no sugars,vegetarian-vegan-and-plant-based
609155,0,Alpro Bio soya no sugars 2-pack,Alpro,vegetarisch-vegan-en-plantaardig,"Vegetarisch, vegan en plantaardig",Sojadrink,4.73,4.98,5.0,5% volume voordeel,,,2 stuks,,True,AHOO,5% volume voordeel,2026-08-09,2999-12-31,,True,AH,https://www.ah.nl/producten/product/wi609155,2026-08-09,Alpro Bio soya no sugars 2-pack,vegetarian-vegan-and-plant-based
553897,74995,Philadelphia Plantaardig,Philadelphia,vegetarisch-vegan-en-plantaardig,"Vegetarisch, vegan en plantaardig",Plantaardige kaas voor beleg,3.19,3.19,,,,,145 g,prijs per kg €22.00,False,,,,,D,True,AH,https://www.ah.nl/producten/product/wi553897,2026-08-09,Philadelphia Plantaardig,vegetarian-vegan-and-plant-based
218617,813804,Maza Muhammara,Maza,vegetarisch-vegan-en-plantaardig,"Vegetarisch, vegan en plantaardig",Plantaardige spreads,2.95,2.95,,,,,200 g,prijs per kg €14.75,False,,,,,C,True,AH,https://www.ah.nl/producten/product/wi218617,2026-08-09,Maza Muhammara,vegetarian-vegan-and-plant-based
604922,58789,AH Hummus pesto,AH,vegetarisch-vegan-en-plantaardig,"Vegetarisch, vegan en plantaardig",Hummus met smaakje,1.9967,2.99,33.2,3 voor 5.99,5.99,3.0,175 g,normale prijs per kg €17.09,True,AH,3 VOOR 5.99,2026-08-03,2026-08-09,A,True,AH,https://www.ah.nl/producten/product/wi604922,2026-08-09,AH Hummus pesto,vegetarian-vegan-and-plant-based
611402,0,Maza Muhammara 3-pack,Maza,vegetarisch-vegan-en-plantaardig,"Vegetarisch, vegan en plantaardig",Plantaardige spreads,8.41,8.85,5.0,5% volume voordeel,,,3 stuks,,True,AHOO,5% volume voordeel,2026-08-09,2999-12-31,,True,AH,https://www.ah.nl/producten/product/wi611402,2026-08-09,Maza Muhammara 3-pack,vegetarian-vegan-and-plant-based
236573,829269,Alpro Amandeldrink zonder suikers gekoeld,Alpro,vegetarisch-vegan-en-plantaardig,"Vegetarisch, vegan en plantaardig","Amandel, cashewdrink",1.995,2.99,33.3,2 voor 3.99,3.99,2.0,1 l,normale prijs per liter €2.99,True,AH,2 voor 3.99,2026-08-10,2026-08-16,B,True,AH,https://www.ah.nl/producten/product/wi236573,2026-08-09,"Alpro Almond drink without sugar, chilled",vegetarian-vegan-and-plant-based
226706,819968,Vegetarische Slager Vegan lecker burgerlijk,Vegetarische Slager,vegetarisch-vegan-en-plantaardig,"Vegetarisch, vegan en plantaardig",Vegetarische burgers,4.15,4.15,,,,,2 stuks,prijs per kg €25.94,False,,,,,B,True,AH,https://www.ah.nl/producten/product/wi226706,2026-08-09,Vegetarian Butcher Vegan Lecker Burger,vegetarian-vegan-and-plant-based
412551,855989,AH Terra Tempeh ketjap,AH Terra,vegetarisch-vegan-en-plantaardig,"Vegetarisch, vegan en plantaardig",Tempeh,1.99,1.99,,,,,180 g,prijs per kg €11.06,False,,,,,A,True,AH,https://www.ah.nl/producten/product/wi412551,2026-08-09,AH Terra Tempeh ketjap,vegetarian-vegan-and-plant-based
563663,1211,Vivera Plantaardige crispy chicken burger,Vivera,vegetarisch-vegan-en-plantaardig,"Vegetarisch, vegan en plantaardig",Vegetarische burgers,3.89,3.89,,,,,200 g,prijs per kg €19.45,False,,,,,C,True,AH,https://www.ah.nl/producten/product/wi563663,2026-08-09,Vivera Plantaardige crispy chicken burger,vegetarian-vegan-and-plant-based
462462,714663,AH Terra Haver om mee te koken,AH Terra,vegetarisch-vegan-en-plantaardig,"Vegetarisch, vegan en plantaardig",Plantaardige room,0.95,0.95,,,,,200 ml,prijs per liter €4.75,False,,,,,B,True,AH,https://www.ah.nl/producten/product/wi462462,2026-08-09,AH Terra Oats for cooking,vegetarian-vegan-and-plant-based
548738,676660,Valess Vegetarische crunchy tenders Gouda,Valess,vegetarisch-vegan-en-plantaardig,"Vegetarisch, vegan en plantaardig",Vega(n) Snacks,2.495,3.79,34.2,2 voor 4.99,4.99,2.0,160 g,normale prijs per kg €23.69,True,AH,2 voor 4.99,2026-08-10,2026-08-16,D,True,AH,https://www.ah.nl/producten/product/wi548738,2026-08-09,Valess Vegetarian crunchy tenders Gouda,vegetarian-vegan-and-plant-based
538253,741659,Alpro Barista haver,Alpro,vegetarisch-vegan-en-plantaardig,"Vegetarisch, vegan en plantaardig",Haverdrink,1.99,1.99,,,,,"0,5 l",prijs per liter €3.98,False,,,,,A,True,AH,https://www.ah.nl/producten/product/wi538253,2026-08-09,Alpro Barista haver,vegetarian-vegan-and-plant-based
564792,2449,AH Terra Falafel pikant,AH Terra,vegetarisch-vegan-en-plantaardig,"Vegetarisch, vegan en plantaardig",Falafel,2.29,2.29,,,,,200 g,prijs per kg €11.45,False,,,,,A,True,AH,https://www.ah.nl/producten/product/wi564792,2026-08-09,AH Terra Falafel spicy,vegetarian-vegan-and-plant-based
577300,19620,AH Terra Plantaardige filet americain,AH Terra,vegetarisch-vegan-en-plantaardig,"Vegetarisch, vegan en plantaardig",Plantaardige vleeswaren,2.19,2.19,,,,,150 g,prijs per kg €14.60,False,,,,,C,True,AH,https://www.ah.nl/producten/product/wi577300,2026-08-09,AH Terra Vegetable fillet americain,vegetarian-vegan-and-plant-based
442491,83455,AH Kaasschnitzel,AH,vegetarisch-vegan-en-plantaardig,"Vegetarisch, vegan en plantaardig",Vegetarische schnitzel,2.19,2.19,,,,,200 g,prijs per kg €10.95,False,,,,,E,True,AH,https://www.ah.nl/producten/product/wi442491,2026-08-09,AH Cheese Schnitzel,vegetarian-vegan-and-plant-based
451645,564268,Maza Hoemoes spicy mango,Maza,vegetarisch-vegan-en-plantaardig,"Vegetarisch, vegan en plantaardig",Hummus met smaakje,3.29,3.29,,,,,200 g,prijs per kg €16.45,False,,,,,C,True,AH,https://www.ah.nl/producten/product/wi451645,2026-08-09,Maza Hoemoes spicy mango,vegetarian-vegan-and-plant-based
611399,0,Maza Hoemoes spicy mango 3-pack,Maza,vegetarisch-vegan-en-plantaardig,"Vegetarisch, vegan en plantaardig",Hummus met smaakje,9.38,9.87,5.0,5% volume voordeel,,,3 stuks,,True,AHOO,5% volume voordeel,2026-08-09,2999-12-31,,True,AH,https://www.ah.nl/producten/product/wi611399,2026-08-09,Maza Hoemoes spicy mango 3-pack,vegetarian-vegan-and-plant-based
548466,608963,Rude Health Barista kokosnoot,Rude Health,vegetarisch-vegan-en-plantaardig,"Vegetarisch, vegan en plantaardig",Kokosdrink,2.99,2.99,,,,,1 l,prijs per liter €2.99,False,,,,,D,True,AH,https://www.ah.nl/producten/product/wi548466,2026-08-09,Rude Health Barista kokosnoot,vegetarian-vegan-and-plant-based
564896,2478,AH Terra Biologische tofureepjes pittig,AH Terra,vegetarisch-vegan-en-plantaardig,"Vegetarisch, vegan en plantaardig",Tofu,2.89,2.89,,,,,180 g,prijs per kg €16.06,False,,,,,B,True,AH,https://www.ah.nl/producten/product/wi564896,2026-08-09,AH Terra Biologische tofureepjes pittig,vegetarian-vegan-and-plant-based
570155,9686,Vegetarische Slager Cordon blij,Vegetarische Slager,vegetarisch-vegan-en-plantaardig,"Vegetarisch, vegan en plantaardig",Vegetarische schnitzel,4.99,4.99,,,,,180 g,prijs per kg €27.72,False,,,,,C,True,AH,https://www.ah.nl/producten/product/wi570155,2026-08-09,Vegetarian Butcher Cordon happy,vegetarian-vegan-and-plant-based
606100,60547,Alpro Dessert kokos stracciatella,Alpro,vegetarisch-vegan-en-plantaardig,"Vegetarisch, vegan en plantaardig",Plantaardige toetjes,1.49,1.49,,,,,120 g,prijs per kg €12.42,False,,,,,C,True,AH,https://www.ah.nl/producten/product/wi606100,2026-08-09,Alpro Dessert kokos stracciatella,vegetarian-vegan-and-plant-based
609120,0,Alpro Dessert kokos stracciatella 2-pack,Alpro,vegetarisch-vegan-en-plantaardig,"Vegetarisch, vegan en plantaardig",Plantaardige toetjes,2.83,2.98,5.0,5% volume voordeel,,,2 stuks,,True,AHOO,5% volume voordeel,2026-08-09,2999-12-31,,True,AH,https://www.ah.nl/producten/product/wi609120,2026-08-09,Alpro Dessert kokos stracciatella 2-pack,vegetarian-vegan-and-plant-based
444783,707032,Valess Crispy sticks met chili,Valess,vegetarisch-vegan-en-plantaardig,"Vegetarisch, vegan en plantaardig",Vega(n) Snacks,2.495,3.79,34.2,2 voor 4.99,4.99,2.0,160 g,normale prijs per kg €23.69,True,AH,2 voor 4.99,2026-08-10,2026-08-16,C,True,AH,https://www.ah.nl/producten/product/wi444783,2026-08-09,Valess Crispy sticks met chili,vegetarian-vegan-and-plant-based
493509,748537,AH Kaasschnitzel,AH,vegetarisch-vegan-en-plantaardig,"Vegetarisch, vegan en plantaardig",Vegetarische schnitzel,4.19,4.19,,,,,4 st,prijs per kg €10.48,False,,,,,E,True,AH,https://www.ah.nl/producten/product/wi493509,2026-08-09,AH Cheese Schnitzel,vegetarian-vegan-and-plant-based
497741,790919,AH Terra Plantaardige erwtendrink ongezoet,AH Terra,vegetarisch-vegan-en-plantaardig,"Vegetarisch, vegan en plantaardig","Rijstdrank, erwtendrink",1.99,1.99,,,,,1 l,prijs per liter €1.99,False,,,,,B,True,AH,https://www.ah.nl/producten/product/wi497741,2026-08-09,AH Terra Plantaardige erwtendrink ongezoet,vegetarian-vegan-and-plant-based
564790,2447,AH Terra Plantaardig rulgehakt Italiaans,AH Terra,vegetarisch-vegan-en-plantaardig,"Vegetarisch, vegan en plantaardig",Vegetarisch gehakt,1.99,1.99,,,,,200 g,prijs per kg €9.95,False,,,,,A,True,AH,https://www.ah.nl/producten/product/wi564790,2026-08-09,AH Terra Plantaardig rulgehakt Italiaans,vegetarian-vegan-and-plant-based
484128,739221,AH Terra Plantaardige barista haver,AH Terra,vegetarisch-vegan-en-plantaardig,"Vegetarisch, vegan en plantaardig",Haverdrink,1.19,1.19,,,,,"0,5 l",prijs per liter €2.38,False,,,,,C,True,AH,https://www.ah.nl/producten/product/wi484128,2026-08-09,AH Terra Plantaardige barista haver,vegetarian-vegan-and-plant-based
502068,819570,Vivera Plantaardige shoarma,Vivera,vegetarisch-vegan-en-plantaardig,"Vegetarisch, vegan en plantaardig","Vegetarische shoarma, gyros, kebab",3.39,3.39,,,,,175 g,prijs per kg €19.37,False,,,,,A,True,AH,https://www.ah.nl/producten/product/wi502068,2026-08-09,Vivera Plantaardige shoarma,vegetarian-vegan-and-plant-based
515257,28745,Johma 100% plantaardige kip-kerriesalade,Johma,vegetarisch-vegan-en-plantaardig,"Vegetarisch, vegan en plantaardig",Plantaardige spreads,1.9967,3.19,37.4,3 stuks 5.99,5.99,3.0,175 g,normale prijs per kg €18.23,True,AH,3 stapelen voor 5.99,2026-08-10,2026-08-16,D,True,AH,https://www.ah.nl/producten/product/wi515257,2026-08-09,Johma 100% plantaardige kip-kerriesalade,vegetarian-vegan-and-plant-based
564894,2475,AH Terra Tempeh,AH Terra,vegetarisch-vegan-en-plantaardig,"Vegetarisch, vegan en plantaardig",Tempeh,1.59,1.59,,,,,250 g,prijs per kg €6.36,False,,,,,A,True,AH,https://www.ah.nl/producten/product/wi564894,2026-08-09,AH Terra Tempeh,vegetarian-vegan-and-plant-based
236486,828957,Heinz Sandwich spread naturel,Heinz,vegetarisch-vegan-en-plantaardig,"Vegetarisch, vegan en plantaardig",Vegetarische spreads,2.19,2.19,,,,,300 g,prijs per kg €7.30,False,,,,,D,True,AH,https://www.ah.nl/producten/product/wi236486,2026-08-09,Heinz Sandwich spread naturel,vegetarian-vegan-and-plant-based
560991,757577,AH Terra Plantaardig groentespread pompoen wortel,AH Terra,vegetarisch-vegan-en-plantaardig,"Vegetarisch, vegan en plantaardig",Plantaardige spreads,1.99,1.99,,,,,150 g,prijs per kg €13.27,False,,,,,B,True,AH,https://www.ah.nl/producten/product/wi560991,2026-08-09,AH Terra Vegetable vegetable spread pumpkin carrot,vegetarian-vegan-and-plant-based
563664,1212,Vivera Plantaardige shoarma voordeelverpakking,Vivera,vegetarisch-vegan-en-plantaardig,"Vegetarisch, vegan en plantaardig","Vegetarische shoarma, gyros, kebab",4.99,4.99,,,,,300 g,prijs per kg €16.63,False,,,,,A,True,AH,https://www.ah.nl/producten/product/wi563664,2026-08-09,Vivera Plantaardige shoarma voordeelverpakking,vegetarian-vegan-and-plant-based
569953,9767,AH Terra Plantaardig party dip prei en kruiden,AH Terra,vegetarisch-vegan-en-plantaardig,"Vegetarisch, vegan en plantaardig",Plantaardige spreads,1.85,1.85,,,,,193 g,prijs per kg €9.59,False,,,,,D,True,AH,https://www.ah.nl/producten/product/wi569953,2026-08-09,AH Terra Plantaardig party dip prei en kruiden,vegetarian-vegan-and-plant-based
177503,768137,Alpro Plantaardig variatie vanille,Alpro,vegetarisch-vegan-en-plantaardig,"Vegetarisch, vegan en plantaardig",Plantaardige yoghurt met smaak,1.995,2.79,28.5,2 voor 3.99,3.99,2.0,500 g,normale prijs per kg €5.58,True,AH,2 voor 3.99,2026-08-10,2026-08-16,A,True,AH,https://www.ah.nl/producten/product/wi177503,2026-08-09,Alpro Plant-based variation vanilla,vegetarian-vegan-and-plant-based
604680,0,Alpro Plantaardig variatie vanille 2-pack,Alpro,vegetarisch-vegan-en-plantaardig,"Vegetarisch, vegan en plantaardig",Plantaardige yoghurt met smaak,5.3,5.58,5.0,5% volume voordeel,,,2 stuks,,True,AHOO,5% volume voordeel,2026-08-09,2026-08-09,,True,AH,https://www.ah.nl/producten/product/wi604680,2026-08-09,Alpro Plantaardig variatie vanille 2-pack,vegetarian-vegan-and-plant-based
493545,748613,Valess Vegetarische saté schnitzel,Valess,vegetarisch-vegan-en-plantaardig,"Vegetarisch, vegan en plantaardig",Vegetarische schnitzel,2.495,3.79,34.2,2 voor 4.99,4.99,2.0,180 g,normale prijs per kg €21.06,True,AH,2 voor 4.99,2026-08-10,2026-08-16,C,True,AH,https://www.ah.nl/producten/product/wi493545,2026-08-09,Valess Vegetarian satay schnitzel,vegetarian-vegan-and-plant-based
564889,2468,AH Terra Plantaardige kipnuggets,AH Terra,vegetarisch-vegan-en-plantaardig,"Vegetarisch, vegan en plantaardig",Gourmetmini's vega,1.55,1.55,,,,,160 g,prijs per kg €9.69,False,,,,,B,True,AH,https://www.ah.nl/producten/product/wi564889,2026-08-09,AH Terra Vegetable chicken nuggets,vegetarian-vegan-and-plant-based
475225,727560,Oatly! Haverdrank halfvol,Oatly!,vegetarisch-vegan-en-plantaardig,"Vegetarisch, vegan en plantaardig",Haverdrink,2.59,2.59,,,,,1 l,prijs per liter €2.59,False,,,,,C,True,AH,https://www.ah.nl/producten/product/wi475225,2026-08-09,Oatly! Haverdrank halfvol,vegetarian-vegan-and-plant-based
570163,9682,Valess Vegetarische chick'n filet,Valess,vegetarisch-vegan-en-plantaardig,"Vegetarisch, vegan en plantaardig",Vegetarische kipfilet,2.495,3.99,37.5,2 voor 4.99,4.99,2.0,180 g,normale prijs per kg €22.17,True,AH,2 voor 4.99,2026-08-10,2026-08-16,A,True,AH,https://www.ah.nl/producten/product/wi570163,2026-08-09,Valess Vegetarische chick'n filet,vegetarian-vegan-and-plant-based
585912,30744,AH Terra Plantaardig protein gurt bosvruchten,AH Terra,vegetarisch-vegan-en-plantaardig,"Vegetarisch, vegan en plantaardig",Plantaardige yoghurt met smaak,1.59,1.59,,,,,200 g,prijs per kg €7.95,False,,,,,A,True,AH,https://www.ah.nl/producten/product/wi585912,2026-08-09,AH Terra Plantaardig protein gurt bosvruchten,vegetarian-vegan-and-plant-based
598654,47331,AH Terra Plantaardige plakken intense,AH Terra,vegetarisch-vegan-en-plantaardig,"Vegetarisch, vegan en plantaardig",Plantaardige kaas voor beleg,1.99,1.99,,,,,150 g,prijs per kg €13.27,False,,,,,E,True,AH,https://www.ah.nl/producten/product/wi598654,2026-08-09,AH Terra Plantaardige plakken intense,vegetarian-vegan-and-plant-based
612629,68572,AH Terra Plantaardige burger grilled onion smaak,AH Terra,vegetarisch-vegan-en-plantaardig,"Vegetarisch, vegan en plantaardig",Vegetarische burgers,2.49,2.49,,,,,200 g,prijs per kg €12.45,False,,,,,B,True,AH,https://www.ah.nl/producten/product/wi612629,2026-08-09,AH Terra Plantaardige burger grilled onion smaak,vegetarian-vegan-and-plant-based
572429,14134,AH Terra Tempeh,AH Terra,vegetarisch-vegan-en-plantaardig,"Vegetarisch, vegan en plantaardig",Tempeh,2.29,2.29,,,,,395 g,prijs per kg €5.80,False,,,,,A,True,AH,https://www.ah.nl/producten/product/wi572429,2026-08-09,AH Terra Tempeh,vegetarian-vegan-and-plant-based
236487,828958,Heinz Sandwich spread tomaat lente-ui,Heinz,vegetarisch-vegan-en-plantaardig,"Vegetarisch, vegan en plantaardig",Vegetarische spreads,2.39,2.39,,,,,300 g,prijs per kg €7.97,False,,,,,D,True,AH,https://www.ah.nl/producten/product/wi236487,2026-08-09,Heinz Sandwich spread tomaat lente-ui,vegetarian-vegan-and-plant-based
475113,727778,Vegetarische Slager Vegan auf wieder schnitzel,Vegetarische Slager,vegetarisch-vegan-en-plantaardig,"Vegetarisch, vegan en plantaardig",Vegetarische schnitzel,3.89,3.89,,,,,2 stuks,prijs per kg €21.61,False,,,,,B,True,AH,https://www.ah.nl/producten/product/wi475113,2026-08-09,Vegetarian Butcher Vegan with schnitzel,vegetarian-vegan-and-plant-based
152882,622748,Alpro Sojadrink macchiato,Alpro,vegetarisch-vegan-en-plantaardig,"Vegetarisch, vegan en plantaardig",Sojadrink,2.79,2.79,,,,,1 l,prijs per liter €2.79,False,,,,,B,True,AH,https://www.ah.nl/producten/product/wi152882,2026-08-09,Alpro Soy drink macchiato,vegetarian-vegan-and-plant-based
605198,59967,Alpro Biologische almond no sugars,Alpro,vegetarisch-vegan-en-plantaardig,"Vegetarisch, vegan en plantaardig","Amandel, cashewdrink",3.49,3.49,,,,,1 l,prijs per liter €3.49,False,,,,,B,True,AH,https://www.ah.nl/producten/product/wi605198,2026-08-09,Alpro Organic almond no sugars,vegetarian-vegan-and-plant-based
609153,0,Alpro Bio almond no sugars 2-pack,Alpro,vegetarisch-vegan-en-plantaardig,"Vegetarisch, vegan en plantaardig","Amandel, cashewdrink",6.63,6.98,5.0,5% volume voordeel,,,2 stuks,,True,AHOO,5% volume voordeel,2026-08-09,2999-12-31,,True,AH,https://www.ah.nl/producten/product/wi609153,2026-08-09,Alpro Bio almond no sugars 2-pack,vegetarian-vegan-and-plant-based
598688,47343,AH Terra Muhammara,AH Terra,vegetarisch-vegan-en-plantaardig,"Vegetarisch, vegan en plantaardig",Plantaardige spreads,1.89,1.89,,,,,175 g,prijs per kg €10.80,False,,,,,C,True,AH,https://www.ah.nl/producten/product/wi598688,2026-08-09,AH Terra Muhammara,vegetarian-vegan-and-plant-based
590824,37607,AH Terra Plantaardige kofte spies,AH Terra,vegetarisch-vegan-en-plantaardig,"Vegetarisch, vegan en plantaardig",Vegetarisch gehakt,2.99,2.99,,1 + 1 gratis,,1.0,160 g,normale prijs per kg €18.69,True,AH,1 + 1 gratis,2026-08-13,2026-08-16,B,True,AH,https://www.ah.nl/producten/product/wi590824,2026-08-09,AH Terra Plantaardige kofte spies,vegetarian-vegan-and-plant-based
587228,32438,Vegetarische Slager Let it beef,Vegetarische Slager,vegetarisch-vegan-en-plantaardig,"Vegetarisch, vegan en plantaardig",Vegetarische steak,3.99,3.99,,,,,160 g,prijs per kg €24.94,False,,,,,A,True,AH,https://www.ah.nl/producten/product/wi587228,2026-08-09,Vegetarische Slager Let it beef,vegetarian-vegan-and-plant-based
608895,65275,Oatly! Matcha strawberry flavour,Oatly!,vegetarisch-vegan-en-plantaardig,"Vegetarisch, vegan en plantaardig",Haverdrink,2.59,2.59,,VOOR 1.19,1.19,,250 ml,normale prijs per liter €10.36,True,AH,VOOR 1.19,2026-08-03,2026-08-09,D,True,AH,https://www.ah.nl/producten/product/wi608895,2026-08-09,Oatly! Matcha strawberry flavour,vegetarian-vegan-and-plant-based
623496,0,Oatly Matcha strawberry flavour 3-pack,Oatly,vegetarisch-vegan-en-plantaardig,"Vegetarisch, vegan en plantaardig",Haverdrink,3.57,7.77,54.1,pakketkorting,,,3 stuks,,True,AHOO,,2026-08-09,2026-08-09,,True,AH,https://www.ah.nl/producten/product/wi623496,2026-08-09,Oatly Matcha strawberry flavor 3-pack,vegetarian-vegan-and-plant-based
601557,52546,AH Terra Plantaardig alternatief voor Griekse,AH Terra,vegetarisch-vegan-en-plantaardig,"Vegetarisch, vegan en plantaardig",Plantaardige yoghurt naturel,2.99,2.99,,,,,1 kg,prijs per kg €2.99,False,,,,,C,True,AH,https://www.ah.nl/producten/product/wi601557,2026-08-09,AH Terra Plantaardig alternatief voor Griekse,vegetarian-vegan-and-plant-based
498317,806867,Heks'nkaas Vegan,Heks'nkaas,vegetarisch-vegan-en-plantaardig,"Vegetarisch, vegan en plantaardig",Plantaardige kaas voor de borrel,3.45,3.45,,,,,200 g,prijs per kg €17.25,False,,,,,D,True,AH,https://www.ah.nl/producten/product/wi498317,2026-08-09,Witch's cheese Vegan,vegetarian-vegan-and-plant-based
613317,69581,AH Terra Soja gurt aardbei,AH Terra,vegetarisch-vegan-en-plantaardig,"Vegetarisch, vegan en plantaardig",Plantaardige yoghurt met smaak,1.59,1.59,,,,,"0,75 l",prijs per liter €2.12,False,,,,,B,True,AH,https://www.ah.nl/producten/product/wi613317,2026-08-09,AH Terra Soja gurt aardbei,vegetarian-vegan-and-plant-based
617719,0,AH Terra AH Terra champignon burger 3-pack,AH Terra,vegetarisch-vegan-en-plantaardig,"Vegetarisch, vegan en plantaardig",Vegetarische burgers,7.67,8.07,5.0,5% volume voordeel,,,3 stuks,,True,AHOO,5% volume voordeel,2026-08-09,2999-12-31,,True,AH,https://www.ah.nl/producten/product/wi617719,2026-08-09,AH Terra AH Terra champignon burger 3-pack,vegetarian-vegan-and-plant-based
617720,0,AH Terra AH Terra champignon burger 4-pack,AH Terra,vegetarisch-vegan-en-plantaardig,"Vegetarisch, vegan en plantaardig",Vegetarische burgers,10.01,10.76,7.0,7% volume voordeel,,,4 stuks,,True,AHOO,7% volume voordeel,2026-08-09,2999-12-31,,True,AH,https://www.ah.nl/producten/product/wi617720,2026-08-09,AH Terra AH Terra champignon burger 4-pack,vegetarian-vegan-and-plant-based
617721,0,AH Terra AH Terra champignon burger 5-pack,AH Terra,vegetarisch-vegan-en-plantaardig,"Vegetarisch, vegan en plantaardig",Vegetarische burgers,12.1,13.45,10.0,10% volume voordeel,,,5 stuks,,True,AHOO,10% volume voordeel,2026-08-09,2999-12-31,,True,AH,https://www.ah.nl/producten/product/wi617721,2026-08-09,AH Terra AH Terra mushroom burger 5-pack,vegetarian-vegan-and-plant-based
604342,57960,AH Terra Plantaardig kokos gurt ongezoet,AH Terra,vegetarisch-vegan-en-plantaardig,"Vegetarisch, vegan en plantaardig",Plantaardige yoghurt met smaak,2.29,2.29,,,,,500 g,prijs per kg €4.58,False,,,,,D,True,AH,https://www.ah.nl/producten/product/wi604342,2026-08-09,AH Terra Vegetable coconut gurt unsweetened,vegetarian-vegan-and-plant-based
185321,625375,Alpro Dessert donkere chocolade smaak,Alpro,vegetarisch-vegan-en-plantaardig,"Vegetarisch, vegan en plantaardig",Plantaardige toetjes,2.99,2.99,,,,,4 x 125 g,prijs per kg €5.98,False,,,,,B,True,AH,https://www.ah.nl/producten/product/wi185321,2026-08-09,Alpro Dessert dark chocolate flavour,vegetarian-vegan-and-plant-based
585913,30745,AH Terra Plantaardig protein gurt banaan,AH Terra,vegetarisch-vegan-en-plantaardig,"Vegetarisch, vegan en plantaardig",Plantaardige yoghurt met smaak,1.59,1.59,,,,,200 g,prijs per kg €7.95,False,,,,,A,True,AH,https://www.ah.nl/producten/product/wi585913,2026-08-09,AH Terra Vegetable protein gurt banana,vegetarian-vegan-and-plant-based
580470,23266,Planted Plantaardige spies gekruid,Planted,vegetarisch-vegan-en-plantaardig,"Vegetarisch, vegan en plantaardig",Vegetarische kipfilet,5.49,5.49,,,,,200 g,prijs per kg €27.45,False,,,,,B,True,AH,https://www.ah.nl/producten/product/wi580470,2026-08-09,Planted Plantaardige spies gekruid,vegetarian-vegan-and-plant-based
587232,32422,AH Terra Tempeh ketjap,AH Terra,vegetarisch-vegan-en-plantaardig,"Vegetarisch, vegan en plantaardig",Tempeh,3.09,3.09,,,,,300 g,prijs per kg €10.30,False,,,,,A,True,AH,https://www.ah.nl/producten/product/wi587232,2026-08-09,AH Terra Tempeh ketjap,vegetarian-vegan-and-plant-based
604950,58808,AH Excellent Hummus labneh stijl,AH Excellent,vegetarisch-vegan-en-plantaardig,"Vegetarisch, vegan en plantaardig",Hummus met smaakje,1.9967,2.99,33.2,3 voor 5.99,5.99,3.0,150 g,normale prijs per kg €19.93,True,AH,3 VOOR 5.99,2026-08-03,2026-08-09,A,True,AH,https://www.ah.nl/producten/product/wi604950,2026-08-09,AH Excellent Hummus labneh stijl,vegetarian-vegan-and-plant-based
622359,0,AH Excellent Hummus labneh stijl 2-pack,AH Excellent,vegetarisch-vegan-en-plantaardig,"Vegetarisch, vegan en plantaardig",Hummus met smaakje,3.99,5.98,33.3,pakketkorting,,,2 stuks,,True,AHOO,,2026-08-10,2026-08-16,,True,AH,https://www.ah.nl/producten/product/wi622359,2026-08-09,AH Excellent Hummus labneh stijl 2-pack,vegetarian-vegan-and-plant-based
383294,842542,AH Brood spread,AH,vegetarisch-vegan-en-plantaardig,"Vegetarisch, vegan en plantaardig",Vegetarische spreads,1.99,1.99,,,,,515 g,prijs per kg €3.86,False,,,,,D,True,AH,https://www.ah.nl/producten/product/wi383294,2026-08-09,AH Bread spread,vegetarian-vegan-and-plant-based
371073,836321,Vegetarische Slager Braadwurst,Vegetarische Slager,vegetarisch-vegan-en-plantaardig,Vlees,Vegetarische worst,3.99,3.99,,,,,160 g,prijs per kg €24.94,False,,,,,A,True,AH,https://www.ah.nl/producten/product/wi371073,2026-08-09,Vegetarische Slager Braadwurst,vegetarian-vegan-and-plant-based
548468,45685,Rude Health Barista haver,Rude Health,vegetarisch-vegan-en-plantaardig,"Vegetarisch, vegan en plantaardig",Haverdrink,2.69,2.69,,,,,1 l,prijs per liter €2.69,False,,,,,D,True,AH,https://www.ah.nl/producten/product/wi548468,2026-08-09,Rude Health Barista haver,vegetarian-vegan-and-plant-based
583040,26304,Blue Band Finesse plantaardig alternatief kookroom,Blue Band,vegetarisch-vegan-en-plantaardig,"Vegetarisch, vegan en plantaardig",Plantaardige room,1.79,1.79,,,,,250 ml,prijs per liter €7.16,False,,,,,C,True,AH,https://www.ah.nl/producten/product/wi583040,2026-08-09,Blue Band Finesse plantaardig alternatief kookroom,vegetarian-vegan-and-plant-based
583041,26305,Blue Band Finesse plantaardig alternatief slagroom,Blue Band,vegetarisch-vegan-en-plantaardig,"Vegetarisch, vegan en plantaardig",Plantaardige room,1.79,1.79,,,,,250 ml,prijs per liter €7.16,False,,,,,D,True,AH,https://www.ah.nl/producten/product/wi583041,2026-08-09,Blue Band Finesse plantaardig alternatief slagroom,vegetarian-vegan-and-plant-based
606118,60537,AH Terra Kleintje soja dessert stracciatella,AH Terra,vegetarisch-vegan-en-plantaardig,"Vegetarisch, vegan en plantaardig",Plantaardige toetjes,0.99,0.99,,,,,150 g,prijs per kg €6.60,False,,,,,C,True,AH,https://www.ah.nl/producten/product/wi606118,2026-08-09,AH Terra Kleintje soja dessert stracciatella,vegetarian-vegan-and-plant-based
622360,0,AH Excellent Hummus labneh stijl 3-pack,AH Excellent,vegetarisch-vegan-en-plantaardig,"Vegetarisch, vegan en plantaardig",Hummus met smaakje,5.99,8.97,33.2,pakketkorting,,,3 stuks,,True,AHOO,,2026-08-09,2026-08-09,,True,AH,https://www.ah.nl/producten/product/wi622360,2026-08-09,AH Excellent Hummus labneh stijl 3-pack,vegetarian-vegan-and-plant-based
622361,0,AH Excellent Hummus labneh stijl 4-pack,AH Excellent,vegetarisch-vegan-en-plantaardig,"Vegetarisch, vegan en plantaardig",Hummus met smaakje,8.98,11.96,24.9,pakketkorting,,,4 stuks,,True,AHOO,,2026-08-09,2026-08-09,,True,AH,https://www.ah.nl/producten/product/wi622361,2026-08-09,AH Excellent Hummus labneh style 4-pack,vegetarian-vegan-and-plant-based
519788,856770,Alpro Protein sojadrink chocolade,Alpro,vegetarisch-vegan-en-plantaardig,"Vegetarisch, vegan en plantaardig",Sojadrink,2.99,2.99,,,,,1 l,prijs per liter €2.99,False,,,,,A,True,AH,https://www.ah.nl/producten/product/wi519788,2026-08-09,Alpro Protein soy drink chocolate,vegetarian-vegan-and-plant-based
601656,0,Alpro Protein sojadrink chocolade 4-pack,Alpro,vegetarisch-vegan-en-plantaardig,"Vegetarisch, vegan en plantaardig",Sojadrink,11.36,11.96,5.0,5% volume voordeel,,,4 stuks,,True,AHOO,5% volume voordeel,2026-08-09,2999-12-31,,True,AH,https://www.ah.nl/producten/product/wi601656,2026-08-09,Alpro Protein soy drink chocolate 4-pack,vegetarian-vegan-and-plant-based
606099,60548,Alpro Dessert kokos gezouten karamel,Alpro,vegetarisch-vegan-en-plantaardig,"Vegetarisch, vegan en plantaardig",Plantaardige toetjes,1.49,1.49,,,,,120 g,prijs per kg €12.42,False,,,,,C,True,AH,https://www.ah.nl/producten/product/wi606099,2026-08-09,Alpro Dessert kokos gezouten karamel,vegetarian-vegan-and-plant-based
609119,0,Alpro Dessert kokos gezouten karamel 2-pack,Alpro,vegetarisch-vegan-en-plantaardig,"Vegetarisch, vegan en plantaardig",Plantaardige toetjes,2.83,2.98,5.0,5% volume voordeel,,,2 stuks,,True,AHOO,5% volume voordeel,2026-08-09,2999-12-31,,True,AH,https://www.ah.nl/producten/product/wi609119,2026-08-09,Alpro Dessert kokos gezouten karamel 2-pack,vegetarian-vegan-and-plant-based
567268,5279,AH Terra Plantaardige mortadella met pistache,AH Terra,vegetarisch-vegan-en-plantaardig,"Vegetarisch, vegan en plantaardig",Plantaardige vleeswaren,2.49,2.49,,,,,80 g,prijs per kg €31.13,False,,,,,D,True,AH,https://www.ah.nl/producten/product/wi567268,2026-08-09,AH Terra Vegetable mortadella with pistachio,vegetarian-vegan-and-plant-based
620463,0,AH Terra Plantaardige mortadella met pistache 2pk,AH Terra,vegetarisch-vegan-en-plantaardig,"Vegetarisch, vegan en plantaardig",Plantaardige vleeswaren,4.88,4.98,2.0,2% volume voordeel,,,2 stuks,,True,AHOO,2% volume voordeel,2026-08-09,2999-12-31,,True,AH,https://www.ah.nl/producten/product/wi620463,2026-08-09,AH Terra Vegetable mortadella with pistachio 2pk,vegetarian-vegan-and-plant-based
489280,742886,AH Terra Plantaardige ham,AH Terra,vegetarisch-vegan-en-plantaardig,"Vegetarisch, vegan en plantaardig",Plantaardige vleeswaren,1.99,1.99,,,,,80 g,prijs per kg €24.88,False,,,,,C,True,AH,https://www.ah.nl/producten/product/wi489280,2026-08-09,AH Terra Plantaardige ham,vegetarian-vegan-and-plant-based
601555,52547,AH Terra Plantaardig alternatief voor kwark,AH Terra,vegetarisch-vegan-en-plantaardig,"Vegetarisch, vegan en plantaardig","Plantaardige kwark, vla",3.19,3.19,,,,,1 kg,prijs per kg €3.19,False,,,,,A,True,AH,https://www.ah.nl/producten/product/wi601555,2026-08-09,AH Terra Plantaardig alternatief voor kwark,vegetarian-vegan-and-plant-based
605199,59968,Alpro Biologische haver no sugars,Alpro,vegetarisch-vegan-en-plantaardig,"Vegetarisch, vegan en plantaardig",Haverdrink,2.99,2.99,,,,,1 l,prijs per liter €2.99,False,,,,,B,True,AH,https://www.ah.nl/producten/product/wi605199,2026-08-09,Alpro Organic oats no sugars,vegetarian-vegan-and-plant-based
609154,0,Alpro Bio haver no sugars 2-pack,Alpro,vegetarisch-vegan-en-plantaardig,"Vegetarisch, vegan en plantaardig",Haverdrink,5.68,5.98,5.0,5% volume voordeel,,,2 stuks,,True,AHOO,5% volume voordeel,2026-08-09,2999-12-31,,True,AH,https://www.ah.nl/producten/product/wi609154,2026-08-09,Alpro Bio oats no sugars 2-pack,vegetarian-vegan-and-plant-based
365840,832849,Zonnatura Paprika spread 67% groente,Zonnatura,vegetarisch-vegan-en-plantaardig,"Vegetarisch, vegan en plantaardig",Plantaardige spreads,3.09,3.09,,,,,135 g,prijs per kg €22.89,False,,,,,C,True,AH,https://www.ah.nl/producten/product/wi365840,2026-08-09,Zonnatura Paprika spread 67% vegetable,vegetarian-vegan-and-plant-based
612630,68573,AH Terra Plantaardige smokey worstjes tomaat,AH Terra,vegetarisch-vegan-en-plantaardig,Vlees,Vegetarische worst,2.79,2.79,,,,,240 g,prijs per kg €11.63,False,,,,,A,True,AH,https://www.ah.nl/producten/product/wi612630,2026-08-09,AH Terra Vegetable smokey sausages tomato,vegetarian-vegan-and-plant-based
620464,0,AH Terra Plantaardige mortadella met pistache 3pk,AH Terra,vegetarisch-vegan-en-plantaardig,"Vegetarisch, vegan en plantaardig",Plantaardige vleeswaren,7.25,7.47,3.0,3% volume voordeel,,,3 stuks,,True,AHOO,3% volume voordeel,2026-08-09,2999-12-31,,True,AH,https://www.ah.nl/producten/product/wi620464,2026-08-09,AH Terra Plantaardige mortadella met pistache 3pk,vegetarian-vegan-and-plant-based
620465,0,AH Terra Plantaardige mortadella met pistache 4pk,AH Terra,vegetarisch-vegan-en-plantaardig,"Vegetarisch, vegan en plantaardig",Plantaardige vleeswaren,9.36,9.96,6.0,6% volume voordeel,,,4 stuks,,True,AHOO,6% volume voordeel,2026-08-09,2999-12-31,,True,AH,https://www.ah.nl/producten/product/wi620465,2026-08-09,AH Terra Vegetable mortadella with pistachio 4pk,vegetarian-vegan-and-plant-based
577215,19602,AH Terra Biologisch falafel tomaat basilicum,AH Terra,vegetarisch-vegan-en-plantaardig,"Vegetarisch, vegan en plantaardig",Falafel,2.99,2.99,,,,,150 g,prijs per kg €19.93,False,,,,,A,True,AH,https://www.ah.nl/producten/product/wi577215,2026-08-09,AH Terra Biologisch falafel tomaat basilicum,vegetarian-vegan-and-plant-based
604926,58793,AH Terra Hummus spicy mango,AH Terra,vegetarisch-vegan-en-plantaardig,"Vegetarisch, vegan en plantaardig",Hummus met smaakje,1.9967,2.69,25.8,3 voor 5.99,5.99,3.0,175 g,normale prijs per kg €15.37,True,AH,3 VOOR 5.99,2026-08-03,2026-08-09,A,True,AH,https://www.ah.nl/producten/product/wi604926,2026-08-09,AH Terra Hummus spicy mango,vegetarian-vegan-and-plant-based
619081,0,AH Terra Plantaardige ham 2-pack,AH Terra,vegetarisch-vegan-en-plantaardig,"Vegetarisch, vegan en plantaardig",Plantaardige vleeswaren,3.9,3.98,2.0,2% volume voordeel,,,2 stuks,,True,AHOO,2% volume voordeel,2026-08-09,2999-12-31,,True,AH,https://www.ah.nl/producten/product/wi619081,2026-08-09,AH Terra Vegetable ham 2-pack,vegetarian-vegan-and-plant-based
622368,0,AH Terra Hummus spicy mango 2-pack,AH Terra,vegetarisch-vegan-en-plantaardig,"Vegetarisch, vegan en plantaardig",Hummus met smaakje,3.99,5.38,25.8,pakketkorting,,,2 stuks,,True,AHOO,,2026-08-10,2026-08-16,,True,AH,https://www.ah.nl/producten/product/wi622368,2026-08-09,AH Terra Hummus spicy mango 2-pack,vegetarian-vegan-and-plant-based
502069,819573,Vivera Plantaardige kipstukjes,Vivera,vegetarisch-vegan-en-plantaardig,"Vegetarisch, vegan en plantaardig",Vegetarische stukjes,3.49,3.49,,,,,175 g,prijs per kg €19.94,False,,,,,A,True,AH,https://www.ah.nl/producten/product/wi502069,2026-08-09,Vivera Plantaardige kipstukjes,vegetarian-vegan-and-plant-based
548737,534511,Valess Vegetarische crispy chick'n bites,Valess,vegetarisch-vegan-en-plantaardig,"Vegetarisch, vegan en plantaardig",Vega(n) Snacks,2.495,3.79,34.2,2 voor 4.99,4.99,2.0,170 g,normale prijs per kg €22.29,True,AH,2 voor 4.99,2026-08-10,2026-08-16,C,True,AH,https://www.ah.nl/producten/product/wi548737,2026-08-09,Valess Vegetarische crispy chick'n bites,vegetarian-vegan-and-plant-based
619083,0,AH Terra Plantaardige ham 4-pack,AH Terra,vegetarisch-vegan-en-plantaardig,"Vegetarisch, vegan en plantaardig",Plantaardige vleeswaren,7.48,7.96,6.0,6% volume voordeel,,,4 stuks,,True,AHOO,6% volume voordeel,2026-08-09,2999-12-31,,True,AH,https://www.ah.nl/producten/product/wi619083,2026-08-09,AH Terra Plantaardige ham 4-pack,vegetarian-vegan-and-plant-based
622369,0,AH Terra Hummus spicy mango 3-pack,AH Terra,vegetarisch-vegan-en-plantaardig,"Vegetarisch, vegan en plantaardig",Hummus met smaakje,5.99,8.07,25.8,pakketkorting,,,3 stuks,,True,AHOO,,2026-08-09,2026-08-09,,True,AH,https://www.ah.nl/producten/product/wi622369,2026-08-09,AH Terra Hummus spicy mango 3-pack,vegetarian-vegan-and-plant-based
622370,0,AH Terra Hummus spicy mango 4-pack,AH Terra,vegetarisch-vegan-en-plantaardig,"Vegetarisch, vegan en plantaardig",Hummus met smaakje,8.68,10.76,19.3,pakketkorting,,,4 stuks,,True,AHOO,,2026-08-09,2026-08-09,,True,AH,https://www.ah.nl/producten/product/wi622370,2026-08-09,AH Terra Hummus spicy mango 4-pack,vegetarian-vegan-and-plant-based
545624,549896,Neni Hummus olijfolie & kikkererwten,Neni,vegetarisch-vegan-en-plantaardig,"Vegetarisch, vegan en plantaardig",Hummus met smaakje,3.39,3.39,,,,,200 g,prijs per kg €16.95,False,,,,,A,True,AH,https://www.ah.nl/producten/product/wi545624,2026-08-09,Neni Hummus olive oil & chickpeas,vegetarian-vegan-and-plant-based
619082,0,AH Terra Plantaardige ham 3-pack,AH Terra,vegetarisch-vegan-en-plantaardig,"Vegetarisch, vegan en plantaardig",Plantaardige vleeswaren,5.79,5.97,3.0,3% volume voordeel,,,3 stuks,,True,AHOO,3% volume voordeel,2026-08-09,2999-12-31,,True,AH,https://www.ah.nl/producten/product/wi619082,2026-08-09,AH Terra Plantaardige ham 3-pack,vegetarian-vegan-and-plant-based
556300,53400,AH Terra Plantaardige kokos gurt vanillesmaak,AH Terra,vegetarisch-vegan-en-plantaardig,"Vegetarisch, vegan en plantaardig",Plantaardige yoghurt met smaak,2.49,2.49,,,,,500 g,prijs per kg €4.98,False,,,,,C,True,AH,https://www.ah.nl/producten/product/wi556300,2026-08-09,AH Terra Plantaardige kokos gurt vanillesmaak,vegetarian-vegan-and-plant-based
564866,2462,AH Terra Plantaardige kipbraadworst,AH Terra,vegetarisch-vegan-en-plantaardig,Vlees,Vegetarische worst,2.59,2.59,,,,,200 g,prijs per kg €12.95,False,,,,,D,True,AH,https://www.ah.nl/producten/product/wi564866,2026-08-09,AH Terra Vegetable chicken sausage,vegetarian-vegan-and-plant-based
564795,2453,AH Terra Plantaardig gehakt,AH Terra,vegetarisch-vegan-en-plantaardig,"Vegetarisch, vegan en plantaardig",Vegetarisch gehakt,2.99,2.99,,,,,250 g,prijs per kg €11.96,False,,,,,A,True,AH,https://www.ah.nl/producten/product/wi564795,2026-08-09,AH Terra Plantaardig gehakt,vegetarian-vegan-and-plant-based
587111,32421,AH Terra Plantaardige smeltburger gouda stijl,AH Terra,vegetarisch-vegan-en-plantaardig,"Vegetarisch, vegan en plantaardig",Vegetarische burgers,2.59,2.59,,,,,200 g,prijs per kg €12.95,False,,,,,D,True,AH,https://www.ah.nl/producten/product/wi587111,2026-08-09,AH Terra Plantaardige smeltburger gouda stijl,vegetarian-vegan-and-plant-based
604905,58674,AH Zoete aardappel chili-madras spread,AH,vegetarisch-vegan-en-plantaardig,"Vegetarisch, vegan en plantaardig",Vegetarische spreads,1.9967,2.49,19.8,3 voor 5.99,5.99,3.0,175 g,normale prijs per kg €14.23,True,AH,3 VOOR 5.99,2026-08-03,2026-08-09,C,True,AH,https://www.ah.nl/producten/product/wi604905,2026-08-09,AH Zoete aardappel chili-madras spread,vegetarian-vegan-and-plant-based
620354,0,AH Terra Plantaardig gehakt 3-pack,AH Terra,vegetarisch-vegan-en-plantaardig,"Vegetarisch, vegan en plantaardig",Vegetarisch gehakt,8.7,8.97,3.0,3% volume voordeel,,,3 stuks,,True,AHOO,3% volume voordeel,2026-08-09,2999-12-31,,True,AH,https://www.ah.nl/producten/product/wi620354,2026-08-09,AH Terra Vegetable minced meat 3-pack,vegetarian-vegan-and-plant-based
621092,0,AH Terra Plantaardige smeltburger gouda stijl 3pk,AH Terra,vegetarisch-vegan-en-plantaardig,"Vegetarisch, vegan en plantaardig",Vegetarische burgers,,,5.0,5% volume voordeel,,,3 stuks,,True,AH,5% volume voordeel,,,,True,AH,https://www.ah.nl/producten/product/wi621092,2026-08-09,AH Terra Vegetable melting burger Gouda style 3pk,vegetarian-vegan-and-plant-based
621093,0,AH Terra Plantaardige smeltburger gouda stijl 4pk,AH Terra,vegetarisch-vegan-en-plantaardig,"Vegetarisch, vegan en plantaardig",Vegetarische burgers,,,7.0,7% volume voordeel,,,4 stuks,,True,AH,7% volume voordeel,,,,True,AH,https://www.ah.nl/producten/product/wi621093,2026-08-09,AH Terra Vegetable melting burger Gouda style 4pk,vegetarian-vegan-and-plant-based
621094,0,AH Terra Plantaardige smeltburger gouda stijl 5pk,AH Terra,vegetarisch-vegan-en-plantaardig,"Vegetarisch, vegan en plantaardig",Vegetarische burgers,,,10.0,10% volume voordeel,,,5 stuks,,True,AH,10% volume voordeel,,,,True,AH,https://www.ah.nl/producten/product/wi621094,2026-08-09,AH Terra Plantaardige smeltburger gouda stijl 5pk,vegetarian-vegan-and-plant-based
622520,0,AH Zoete aardappel chili-madras spread 2-pk,AH,vegetarisch-vegan-en-plantaardig,"Vegetarisch, vegan en plantaardig",Vegetarische spreads,4.83,4.98,3.0,3% volume voordeel,,,2 stuks,,True,AHOO,3% volume voordeel,2026-08-10,2999-12-31,,True,AH,https://www.ah.nl/producten/product/wi622520,2026-08-09,AH Sweet potato chili-madras spread 2-pk,vegetarian-vegan-and-plant-based
569952,9766,AH Terra Plantaardige spread kruiden,AH Terra,vegetarisch-vegan-en-plantaardig,"Vegetarisch, vegan en plantaardig",Plantaardige spreads,1.99,1.99,,,,,150 g,prijs per kg €13.27,False,,,,,D,True,AH,https://www.ah.nl/producten/product/wi569952,2026-08-09,AH Terra Plantaardige spread kruiden,vegetarian-vegan-and-plant-based
583284,26315,Alpro Lemon cheesecake flavour,Alpro,vegetarisch-vegan-en-plantaardig,"Vegetarisch, vegan en plantaardig",Plantaardige toetjes,1.39,1.39,,,,,135 g,prijs per kg €10.30,False,,,,,B,True,AH,https://www.ah.nl/producten/product/wi583284,2026-08-09,Alpro Lemon cheesecake flavour,vegetarian-vegan-and-plant-based
606091,60544,AH Terra Soja gurt vanillesmaak,AH Terra,vegetarisch-vegan-en-plantaardig,"Vegetarisch, vegan en plantaardig",Plantaardige yoghurt met smaak,1.59,1.59,,,,,750 ml,prijs per liter €2.12,False,,,,,B,True,AH,https://www.ah.nl/producten/product/wi606091,2026-08-09,AH Terra Soja gurt vanilla flavor,vegetarian-vegan-and-plant-based
622521,0,AH Zoete aardappel chili-madras spread 3-pk,AH,vegetarisch-vegan-en-plantaardig,"Vegetarisch, vegan en plantaardig",Vegetarische spreads,5.99,7.47,19.8,pakketkorting,,,3 stuks,,True,AHOO,,2026-08-09,2026-08-09,,True,AH,https://www.ah.nl/producten/product/wi622521,2026-08-09,AH Sweet potato chili-madras spread 3-pk,vegetarian-vegan-and-plant-based
622522,0,AH Zoete aardappel chili-madras spread 4-pk,AH,vegetarisch-vegan-en-plantaardig,"Vegetarisch, vegan en plantaardig",Vegetarische spreads,8.48,9.96,14.9,pakketkorting,,,4 stuks,,True,AHOO,,2026-08-09,2026-08-09,,True,AH,https://www.ah.nl/producten/product/wi622522,2026-08-09,AH Zoete aardappel chili-madras spread 4-pk,vegetarian-vegan-and-plant-based
620355,0,AH Terra Plantaardig gehakt 4-pack,AH Terra,vegetarisch-vegan-en-plantaardig,"Vegetarisch, vegan en plantaardig",Vegetarisch gehakt,11.36,11.96,5.0,5% volume voordeel,,,4 stuks,,True,AHOO,5% volume voordeel,2026-08-09,2999-12-31,,True,AH,https://www.ah.nl/producten/product/wi620355,2026-08-09,AH Terra Vegetable minced meat 4-pack,vegetarian-vegan-and-plant-based
620356,0,AH Terra Plantaardig gehakt 6-pack,AH Terra,vegetarisch-vegan-en-plantaardig,"Vegetarisch, vegan en plantaardig",Vegetarisch gehakt,16.5,17.94,8.0,8% volume voordeel,,,6 stuks,,True,AHOO,8% volume voordeel,2026-08-09,2999-12-31,,True,AH,https://www.ah.nl/producten/product/wi620356,2026-08-09,AH Terra Vegetable minced meat 6-pack,vegetarian-vegan-and-plant-based
577214,19601,AH Terra Biologisch falafel courgette,AH Terra,vegetarisch-vegan-en-plantaardig,"Vegetarisch, vegan en plantaardig",Falafel,2.99,2.99,,,,,150 g,prijs per kg €19.93,False,,,,,A,True,AH,https://www.ah.nl/producten/product/wi577214,2026-08-09,AH Terra Biologisch falafel courgette,vegetarian-vegan-and-plant-based
598687,47342,AH Terra Baba ganoush,AH Terra,vegetarisch-vegan-en-plantaardig,"Vegetarisch, vegan en plantaardig",Plantaardige spreads,1.99,1.99,,,,,175 g,prijs per kg €11.37,False,,,,,C,True,AH,https://www.ah.nl/producten/product/wi598687,2026-08-09,AH Terra Baba ganoush,vegetarian-vegan-and-plant-based
114696,511454,Alpro Cooking soya,Alpro,vegetarisch-vegan-en-plantaardig,"Vegetarisch, vegan en plantaardig",Plantaardige room,1.89,1.89,,,,,250 ml,prijs per liter €7.56,False,,,,,B,True,AH,https://www.ah.nl/producten/product/wi114696,2026-08-09,Alpro Cooking soya,vegetarian-vegan-and-plant-based
569964,9782,AH Terra Plantaardige boterhamworst,AH Terra,vegetarisch-vegan-en-plantaardig,"Vegetarisch, vegan en plantaardig",Plantaardige vleeswaren,1.99,1.99,,,,,80 g,prijs per kg €24.88,False,,,,,C,True,AH,https://www.ah.nl/producten/product/wi569964,2026-08-09,AH Terra Plantaardige boterhamworst,vegetarian-vegan-and-plant-based
515725,21121,AH Terra Plantaardig dessert chocolade mousse,AH Terra,vegetarisch-vegan-en-plantaardig,"Vegetarisch, vegan en plantaardig",Plantaardige toetjes,1.39,1.39,,,,,75 g,prijs per kg €18.53,False,,,,,D,True,AH,https://www.ah.nl/producten/product/wi515725,2026-08-09,AH Terra Plantaardig dessert chocolade mousse,vegetarian-vegan-and-plant-based
565423,2912,AH Terra Plantaardige rasp lekker voor pizza,AH Terra,vegetarisch-vegan-en-plantaardig,"Vegetarisch, vegan en plantaardig",Plantaardige kaas voor maaltijden,1.99,1.99,,,,,150 g,prijs per kg €13.27,False,,,,,E,True,AH,https://www.ah.nl/producten/product/wi565423,2026-08-09,"AH Terra Vegetable grater, great for pizza",vegetarian-vegan-and-plant-based
515256,28168,Johma 100% plantaardige kip-sambasalade,Johma,vegetarisch-vegan-en-plantaardig,"Vegetarisch, vegan en plantaardig",Plantaardige spreads,1.9967,3.29,39.3,3 stuks 5.99,5.99,3.0,175 g,normale prijs per kg €18.80,True,AH,3 stapelen voor 5.99,2026-08-10,2026-08-16,D,True,AH,https://www.ah.nl/producten/product/wi515256,2026-08-09,Johma 100% plantaardige kip-sambasalade,vegetarian-vegan-and-plant-based
497593,802274,AH Terra Plantaardige salade farmer,AH Terra,vegetarisch-vegan-en-plantaardig,"Vegetarisch, vegan en plantaardig",Plantaardige spreads,1.89,1.89,,,,,150 g,prijs per kg €12.60,False,,,,,C,True,AH,https://www.ah.nl/producten/product/wi497593,2026-08-09,AH Terra Vegetable salad farmer,vegetarian-vegan-and-plant-based
561004,737537,AH Terra Plantaardige hummus tomaat olijf,AH Terra,vegetarisch-vegan-en-plantaardig,"Vegetarisch, vegan en plantaardig",Hummus met smaakje,1.99,1.99,,,,,175 g,prijs per kg €11.37,False,,,,,C,True,AH,https://www.ah.nl/producten/product/wi561004,2026-08-09,AH Terra Plantaardige hummus tomaat olijf,vegetarian-vegan-and-plant-based
479539,733090,Maza Hoemoes paprika oregano,Maza,vegetarisch-vegan-en-plantaardig,"Vegetarisch, vegan en plantaardig",Hummus met smaakje,2.69,2.69,,,,,200 g,prijs per kg €13.45,False,,,,,C,True,AH,https://www.ah.nl/producten/product/wi479539,2026-08-09,Maza Hoemoes paprika oregano,vegetarian-vegan-and-plant-based
507422,682003,Vivera Plantaardige krokante schnitzel voordeel,Vivera,vegetarisch-vegan-en-plantaardig,"Vegetarisch, vegan en plantaardig",Vegetarische schnitzel,4.99,4.99,,,,,400 g,prijs per kg €12.48,False,,,,,B,True,AH,https://www.ah.nl/producten/product/wi507422,2026-08-09,Vivera Plantaardige krokante schnitzel voordeel,vegetarian-vegan-and-plant-based
611395,0,Maza Hoemoes paprika oregano 3-pack,Maza,vegetarisch-vegan-en-plantaardig,"Vegetarisch, vegan en plantaardig",Hummus met smaakje,7.67,8.07,5.0,5% volume voordeel,,,3 stuks,,True,AHOO,5% volume voordeel,2026-08-09,2999-12-31,,True,AH,https://www.ah.nl/producten/product/wi611395,2026-08-09,Maza Hoemoes paprika oregano 3-pack,vegetarian-vegan-and-plant-based
548765,524936,Vegetarische Slager Vegan kipstuckjes XL,Vegetarische Slager,vegetarisch-vegan-en-plantaardig,"Vegetarisch, vegan en plantaardig",Vegetarische stukjes,6.29,6.29,,,,,300 g,prijs per kg €20.97,False,,,,,A,True,AH,https://www.ah.nl/producten/product/wi548765,2026-08-09,Vegetarische Slager Vegan kipstuckjes XL,vegetarian-vegan-and-plant-based
549895,21854,Kips Vega tuinkruiden & bospaddenstoelen paté,Kips,vegetarisch-vegan-en-plantaardig,"Vegetarisch, vegan en plantaardig",Plantaardige vleeswaren,2.59,2.59,,,,,125 g,prijs per kg €20.72,False,,,,,D,True,AH,https://www.ah.nl/producten/product/wi549895,2026-08-09,Kips Vega garden herbs & wild mushroom pate,vegetarian-vegan-and-plant-based
599752,49179,Oatly! Barista vanille,Oatly!,vegetarisch-vegan-en-plantaardig,"Vegetarisch, vegan en plantaardig",Haverdrink,2.99,2.99,,,,,1 l,prijs per liter €2.99,False,,,,,E,True,AH,https://www.ah.nl/producten/product/wi599752,2026-08-09,Oatly! Barista vanilla,vegetarian-vegan-and-plant-based
611230,0,Oatly! Barista vanille 4-pack,Oatly!,vegetarisch-vegan-en-plantaardig,"Vegetarisch, vegan en plantaardig",Haverdrink,11.36,11.96,5.0,5% volume voordeel,,,4 stuks,,True,AHOO,5% volume voordeel,2026-08-09,2999-12-31,,True,AH,https://www.ah.nl/producten/product/wi611230,2026-08-09,Oatly! Barista vanille 4-pack,vegetarian-vegan-and-plant-based
438915,70537,Maza Hoemoes spicy chipotle,Maza,vegetarisch-vegan-en-plantaardig,"Vegetarisch, vegan en plantaardig",Hummus met smaakje,2.69,2.69,,,,,200 g,prijs per kg €13.45,False,,,,,C,True,AH,https://www.ah.nl/producten/product/wi438915,2026-08-09,Maza Hoemoes spicy chipotle,vegetarian-vegan-and-plant-based
605212,59795,Alpro Biologische cooking soja,Alpro,vegetarisch-vegan-en-plantaardig,"Vegetarisch, vegan en plantaardig",Plantaardige room,1.99,1.99,,,,,250 ml,prijs per liter €7.96,False,,,,,B,True,AH,https://www.ah.nl/producten/product/wi605212,2026-08-09,Alpro Organic cooking soy,vegetarian-vegan-and-plant-based
611398,0,Maza Hoemoes spicy chipotle 3-pack,Maza,vegetarisch-vegan-en-plantaardig,"Vegetarisch, vegan en plantaardig",Hummus met smaakje,7.67,8.07,5.0,5% volume voordeel,,,3 stuks,,True,AHOO,5% volume voordeel,2026-08-09,2999-12-31,,True,AH,https://www.ah.nl/producten/product/wi611398,2026-08-09,Maza Hoemoes spicy chipotle 3-pack,vegetarian-vegan-and-plant-based
620456,0,AH Terra Plantaardige boterhamworst 4-pack,AH Terra,vegetarisch-vegan-en-plantaardig,"Vegetarisch, vegan en plantaardig",Plantaardige vleeswaren,7.48,7.96,6.0,6% volume voordeel,,,4 stuks,,True,AHOO,6% volume voordeel,2026-08-09,2999-12-31,,True,AH,https://www.ah.nl/producten/product/wi620456,2026-08-09,AH Terra Plantaardige boterhamworst 4-pack,vegetarian-vegan-and-plant-based
460410,669782,Vivera Plantaardige gyros,Vivera,vegetarisch-vegan-en-plantaardig,"Vegetarisch, vegan en plantaardig","Vegetarische shoarma, gyros, kebab",3.69,3.69,,,,,175 g,prijs per kg €21.09,False,,,,,A,True,AH,https://www.ah.nl/producten/product/wi460410,2026-08-09,Vivera Plantaardige gyros,vegetarian-vegan-and-plant-based
603870,56934,AH Terra Tomaat basilicum spread,AH Terra,vegetarisch-vegan-en-plantaardig,"Vegetarisch, vegan en plantaardig",Vegetarische spreads,1.99,1.99,,,,,190 g,prijs per kg €10.47,False,,,,,A,True,AH,https://www.ah.nl/producten/product/wi603870,2026-08-09,AH Terra Tomaat basilicum spread,vegetarian-vegan-and-plant-based
620454,0,AH Terra Plantaardige boterhamworst 2-pack,AH Terra,vegetarisch-vegan-en-plantaardig,"Vegetarisch, vegan en plantaardig",Plantaardige vleeswaren,3.9,3.98,2.0,2% volume voordeel,,,2 stuks,,True,AHOO,2% volume voordeel,2026-08-09,2999-12-31,,True,AH,https://www.ah.nl/producten/product/wi620454,2026-08-09,AH Terra Vegetable luncheon meat 2-pack,vegetarian-vegan-and-plant-based
570867,11852,AH Terra Plantaardige tussendoortje yoghurt mango,AH Terra,vegetarisch-vegan-en-plantaardig,"Vegetarisch, vegan en plantaardig",Plantaardige tussendoortjes,1.49,1.49,,,,,180 g,prijs per kg €8.28,False,,,,,C,True,AH,https://www.ah.nl/producten/product/wi570867,2026-08-09,AH Terra Plantaardige tussendoortje yoghurt mango,vegetarian-vegan-and-plant-based
598686,47332,AH Terra Plantaardige witte blokjes in pekel,AH Terra,vegetarisch-vegan-en-plantaardig,"Vegetarisch, vegan en plantaardig",Plantaardige kaas voor de borrel,2.75,2.75,,,,,420 g,prijs per kg €13.75,False,,,,,E,True,AH,https://www.ah.nl/producten/product/wi598686,2026-08-09,AH Terra Plantaardige witte blokjes in pekel,vegetarian-vegan-and-plant-based
620455,0,AH Terra Plantaardige boterhamworst 3-pack,AH Terra,vegetarisch-vegan-en-plantaardig,"Vegetarisch, vegan en plantaardig",Plantaardige vleeswaren,5.79,5.97,3.0,3% volume voordeel,,,3 stuks,,True,AHOO,3% volume voordeel,2026-08-09,2999-12-31,,True,AH,https://www.ah.nl/producten/product/wi620455,2026-08-09,AH Terra Vegetable sandwich sausage 3-pack,vegetarian-vegan-and-plant-based
489282,742888,AH Terra Plantaardige gehakt gebraden,AH Terra,vegetarisch-vegan-en-plantaardig,"Vegetarisch, vegan en plantaardig",Plantaardige vleeswaren,1.99,1.99,,,,,80 g,prijs per kg €24.88,False,,,,,C,True,AH,https://www.ah.nl/producten/product/wi489282,2026-08-09,AH Terra Plantaardige gehakt gebraden,vegetarian-vegan-and-plant-based
619069,0,AH Terra Plantaardige gehakt gebraden 2-pack,AH Terra,vegetarisch-vegan-en-plantaardig,"Vegetarisch, vegan en plantaardig",Plantaardige vleeswaren,3.9,3.98,2.0,2% volume voordeel,,,2 stuks,,True,AHOO,2% volume voordeel,2026-08-09,2999-12-31,,True,AH,https://www.ah.nl/producten/product/wi619069,2026-08-09,AH Terra Plantaardige gehakt gebraden 2-pack,vegetarian-vegan-and-plant-based
159491,609028,Alpro Dessert vanille,Alpro,vegetarisch-vegan-en-plantaardig,"Vegetarisch, vegan en plantaardig",Plantaardige toetjes,2.99,2.99,,,,,4 x 125 g,prijs per kg €5.98,False,,,,,B,True,AH,https://www.ah.nl/producten/product/wi159491,2026-08-09,Alpro Dessert vanille,vegetarian-vegan-and-plant-based
564869,2463,AH Terra Plantaardige chipolata worstjes,AH Terra,vegetarisch-vegan-en-plantaardig,Vlees,Vegetarische worst,2.19,2.19,,,,,240 g,prijs per kg €9.13,False,,,,,A,True,AH,https://www.ah.nl/producten/product/wi564869,2026-08-09,AH Terra Plantaardige chipolata worstjes,vegetarian-vegan-and-plant-based
577216,19603,Beyond Meat Biefstukpuntjes,Beyond Meat,vegetarisch-vegan-en-plantaardig,"Vegetarisch, vegan en plantaardig",Vegetarische steak,4.99,4.99,,,,,160 g,prijs per kg €31.19,False,,,,,A,True,AH,https://www.ah.nl/producten/product/wi577216,2026-08-09,Beyond Meat Biefstukpuntjes,vegetarian-vegan-and-plant-based
613316,69568,AH Terra Soja gurt perzik,AH Terra,vegetarisch-vegan-en-plantaardig,"Vegetarisch, vegan en plantaardig",Plantaardige yoghurt met smaak,1.59,1.59,,,,,"0,75 l",prijs per liter €2.12,False,,,,,B,True,AH,https://www.ah.nl/producten/product/wi613316,2026-08-09,AH Terra Soja gurt perzik,vegetarian-vegan-and-plant-based
519787,856756,Natrue Oat drink,Natrue,vegetarisch-vegan-en-plantaardig,"Vegetarisch, vegan en plantaardig",Sojadrink,2.29,2.29,,,,,1 l,prijs per liter €2.29,False,,,,,C,True,AH,https://www.ah.nl/producten/product/wi519787,2026-08-09,Natrue Oat drink,vegetarian-vegan-and-plant-based
493528,748559,Vivera Plantaardig kruimgehakt,Vivera,vegetarisch-vegan-en-plantaardig,"Vegetarisch, vegan en plantaardig",Vegetarisch gehakt,3.39,3.39,,,,,200 g,prijs per kg €16.95,False,,,,,A,True,AH,https://www.ah.nl/producten/product/wi493528,2026-08-09,Vivera Plantaardig kruimgehakt,vegetarian-vegan-and-plant-based
619070,0,AH Terra Plantaardige gehakt gebraden 3-pack,AH Terra,vegetarisch-vegan-en-plantaardig,"Vegetarisch, vegan en plantaardig",Plantaardige vleeswaren,5.79,5.97,3.0,3% volume voordeel,,,3 stuks,,True,AHOO,3% volume voordeel,2026-08-09,2999-12-31,,True,AH,https://www.ah.nl/producten/product/wi619070,2026-08-09,AH Terra Plantaardige gehakt gebraden 3-pack,vegetarian-vegan-and-plant-based
619071,0,AH Terra Plantaardige gehakt gebraden 4-pack,AH Terra,vegetarisch-vegan-en-plantaardig,"Vegetarisch, vegan en plantaardig",Plantaardige vleeswaren,7.48,7.96,6.0,6% volume voordeel,,,4 stuks,,True,AHOO,6% volume voordeel,2026-08-09,2999-12-31,,True,AH,https://www.ah.nl/producten/product/wi619071,2026-08-09,AH Terra Plantaardige gehakt gebraden 4-pack,vegetarian-vegan-and-plant-based
605195,59958,AH Terra Barista haver vanillesmaak,AH Terra,vegetarisch-vegan-en-plantaardig,"Vegetarisch, vegan en plantaardig",Haverdrink,1.69,1.69,,,,,1 l,prijs per liter €1.69,False,,,,,D,True,AH,https://www.ah.nl/producten/product/wi605195,2026-08-09,AH Terra Barista oat vanilla flavor,vegetarian-vegan-and-plant-based
615077,71967,Dreamfarm Plantaardig alternatief voor ricotta,Dreamfarm,vegetarisch-vegan-en-plantaardig,"Vegetarisch, vegan en plantaardig",Plantaardige kaas voor maaltijden,2.79,2.79,,,,,100 g,prijs per kg €27.90,False,,,,,A,True,AH,https://www.ah.nl/producten/product/wi615077,2026-08-09,Dreamfarm Plantaardig alternatief voor ricotta,vegetarian-vegan-and-plant-based
519784,856634,Friesche Vlag Barista haver,Friesche Vlag,vegetarisch-vegan-en-plantaardig,"Vegetarisch, vegan en plantaardig",Haverdrink,2.69,2.69,,,,,1 l,prijs per liter €2.69,False,,,,,C,True,AH,https://www.ah.nl/producten/product/wi519784,2026-08-09,Friesche Vlag Barista haver,vegetarian-vegan-and-plant-based
533205,78813,Vivera Plantaardige kipstukjes voordeelpak,Vivera,vegetarisch-vegan-en-plantaardig,"Vegetarisch, vegan en plantaardig",Vegetarische stukjes,4.99,4.99,,,,,300 g,prijs per kg €16.63,False,,,,,A,True,AH,https://www.ah.nl/producten/product/wi533205,2026-08-09,Vivera Plantaardige kipstukjes voordeelpak,vegetarian-vegan-and-plant-based
604927,58794,AH Terra Hummus citroen,AH Terra,vegetarisch-vegan-en-plantaardig,"Vegetarisch, vegan en plantaardig",Hummus met smaakje,1.9967,2.69,25.8,3 voor 5.99,5.99,3.0,175 g,normale prijs per kg €15.37,True,AH,3 VOOR 5.99,2026-08-03,2026-08-09,A,True,AH,https://www.ah.nl/producten/product/wi604927,2026-08-09,AH Terra Hummus lemon,vegetarian-vegan-and-plant-based
622353,0,AH Terra Hummus citroen 2-pack,AH Terra,vegetarisch-vegan-en-plantaardig,"Vegetarisch, vegan en plantaardig",Hummus met smaakje,3.99,5.38,25.8,pakketkorting,,,2 stuks,,True,AHOO,,2026-08-10,2026-08-16,,True,AH,https://www.ah.nl/producten/product/wi622353,2026-08-09,AH Terra Hummus citroen 2-pack,vegetarian-vegan-and-plant-based
209777,804156,Alpro Amandeldrink original,Alpro,vegetarisch-vegan-en-plantaardig,"Vegetarisch, vegan en plantaardig","Amandel, cashewdrink",3.19,3.19,,,,,1 l,prijs per liter €3.19,False,,,,,B,True,AH,https://www.ah.nl/producten/product/wi209777,2026-08-09,Alpro Amandeldrink original,vegetarian-vegan-and-plant-based
467423,718592,Vivera Plantaardige spekjes,Vivera,vegetarisch-vegan-en-plantaardig,"Vegetarisch, vegan en plantaardig",Vegetarische spekjes,3.99,3.99,,,,,175 g,prijs per kg €22.80,False,,,,,D,True,AH,https://www.ah.nl/producten/product/wi467423,2026-08-09,Vivera Vegetable bacon,vegetarian-vegan-and-plant-based
580543,23251,AH Terra Spinazie schnitzel,AH Terra,vegetarisch-vegan-en-plantaardig,"Vegetarisch, vegan en plantaardig",Vegetarische schnitzel,1.99,1.99,,,,,200 g,prijs per kg €9.95,False,,,,,C,True,AH,https://www.ah.nl/producten/product/wi580543,2026-08-09,AH Terra Spinach schnitzel,vegetarian-vegan-and-plant-based
583322,26316,Alpro Apple pie flavour,Alpro,vegetarisch-vegan-en-plantaardig,"Vegetarisch, vegan en plantaardig",Plantaardige toetjes,1.39,1.39,,,,,135 g,prijs per kg €10.30,False,,,,,B,True,AH,https://www.ah.nl/producten/product/wi583322,2026-08-09,Alpro Apple pie flavour,vegetarian-vegan-and-plant-based
620923,0,AH Terra Spinazie schnitzel 2-pack,AH Terra,vegetarisch-vegan-en-plantaardig,"Vegetarisch, vegan en plantaardig",Vegetarische schnitzel,3.9,3.98,2.0,2% volume voordeel,,,2 stuks,,True,AHOO,2% volume voordeel,2026-08-09,2999-12-31,,True,AH,https://www.ah.nl/producten/product/wi620923,2026-08-09,AH Terra Spinach schnitzel 2-pack,vegetarian-vegan-and-plant-based
108651,557059,Alpro Sojadrink banaan,Alpro,vegetarisch-vegan-en-plantaardig,"Vegetarisch, vegan en plantaardig",Sojadrink,2.69,2.69,,,,,3 x 250 ml,prijs per liter €3.59,False,,,,,B,True,AH,https://www.ah.nl/producten/product/wi108651,2026-08-09,Alpro Soya drink banana,vegetarian-vegan-and-plant-based
388901,846097,Vegetarische Slager Spaanse worst,Vegetarische Slager,vegetarisch-vegan-en-plantaardig,"Vegetarisch, vegan en plantaardig",Vegetarische vleeswaren,2.79,2.79,,,,,100 g,prijs per kg €27.90,False,,,,,D,True,AH,https://www.ah.nl/producten/product/wi388901,2026-08-09,Vegetarische Slager Spaanse worst,vegetarian-vegan-and-plant-based
412171,855707,Zonnatura Hazelnoot rijst drink,Zonnatura,vegetarisch-vegan-en-plantaardig,"Vegetarisch, vegan en plantaardig","Rijstdrank, erwtendrink",3.29,3.29,,,,,1 l,prijs per liter €3.29,False,,,,,E,True,AH,https://www.ah.nl/producten/product/wi412171,2026-08-09,Zonnatura Hazelnoot rijst drink,vegetarian-vegan-and-plant-based
412823,856194,Vegetarische Slager Vegan petit pate,Vegetarische Slager,vegetarisch-vegan-en-plantaardig,"Vegetarisch, vegan en plantaardig",Plantaardige vleeswaren,2.79,2.79,,,,,5 x 24 g,prijs per kg €23.25,False,,,,,E,True,AH,https://www.ah.nl/producten/product/wi412823,2026-08-09,Vegetarische Slager Vegan petit pate,vegetarian-vegan-and-plant-based
564870,2464,AH Terra Plantaardige mini frikandel,AH Terra,vegetarisch-vegan-en-plantaardig,"Vegetarisch, vegan en plantaardig",Gourmetmini's vega,1.99,1.99,,,,,180 g,prijs per kg €11.06,False,,,,,A,True,AH,https://www.ah.nl/producten/product/wi564870,2026-08-09,AH Terra Vegetable mini frikandel,vegetarian-vegan-and-plant-based
564893,2474,AH Terra Tofureepjes Aziatisch,AH Terra,vegetarisch-vegan-en-plantaardig,"Vegetarisch, vegan en plantaardig",Tofu,2.79,2.79,,,,,180 g,prijs per kg €15.50,False,,,,,B,True,AH,https://www.ah.nl/producten/product/wi564893,2026-08-09,AH Terra Tofu Strips Asian,vegetarian-vegan-and-plant-based
622354,0,AH Terra Hummus citroen 3-pack,AH Terra,vegetarisch-vegan-en-plantaardig,"Vegetarisch, vegan en plantaardig",Hummus met smaakje,5.99,8.07,25.8,pakketkorting,,,3 stuks,,True,AHOO,,2026-08-09,2026-08-09,,True,AH,https://www.ah.nl/producten/product/wi622354,2026-08-09,AH Terra Hummus lemon 3-pack,vegetarian-vegan-and-plant-based
622355,0,AH Terra Hummus citroen 4-pack,AH Terra,vegetarisch-vegan-en-plantaardig,"Vegetarisch, vegan en plantaardig",Hummus met smaakje,8.68,10.76,19.3,pakketkorting,,,4 stuks,,True,AHOO,,2026-08-09,2026-08-09,,True,AH,https://www.ah.nl/producten/product/wi622355,2026-08-09,AH Terra Hummus citroen 4-pack,vegetarian-vegan-and-plant-based
598991,48320,AH Terra Groenteburger broccoli,AH Terra,vegetarisch-vegan-en-plantaardig,"Vegetarisch, vegan en plantaardig",Vegetarische burgers,2.49,2.49,,,,,160 g,prijs per kg €15.56,False,,,,,B,True,AH,https://www.ah.nl/producten/product/wi598991,2026-08-09,AH Terra Groenteburger broccoli,vegetarian-vegan-and-plant-based
622050,0,AH Terra Groenteburger broccoli 3-pack,AH Terra,vegetarisch-vegan-en-plantaardig,"Vegetarisch, vegan en plantaardig",Vegetarische burgers,,,5.0,5% volume voordeel,,,3 stuks,,True,AH,5% volume voordeel,,,,True,AH,https://www.ah.nl/producten/product/wi622050,2026-08-09,AH Terra Vegetable burger broccoli 3-pack,vegetarian-vegan-and-plant-based
622051,0,AH Terra Groenteburger broccoli 4-pack,AH Terra,vegetarisch-vegan-en-plantaardig,"Vegetarisch, vegan en plantaardig",Vegetarische burgers,,,7.0,7% volume voordeel,,,4 stuks,,True,AH,7% volume voordeel,,,,True,AH,https://www.ah.nl/producten/product/wi622051,2026-08-09,AH Terra Vegetable burger broccoli 4-pack,vegetarian-vegan-and-plant-based
622052,0,AH Terra Groenteburger broccoli 5-pack,AH Terra,vegetarisch-vegan-en-plantaardig,"Vegetarisch, vegan en plantaardig",Vegetarische burgers,,,10.0,10% volume voordeel,,,5 stuks,,True,AH,10% volume voordeel,,,,True,AH,https://www.ah.nl/producten/product/wi622052,2026-08-09,AH Terra Vegetable burger broccoli 5-pack,vegetarian-vegan-and-plant-based
620924,0,AH Terra Spinazie schnitzel 3-pack,AH Terra,vegetarisch-vegan-en-plantaardig,"Vegetarisch, vegan en plantaardig",Vegetarische schnitzel,5.73,5.97,4.0,4% volume voordeel,,,3 stuks,,True,AHOO,4% volume voordeel,2026-08-09,2999-12-31,,True,AH,https://www.ah.nl/producten/product/wi620924,2026-08-09,AH Terra Spinach schnitzel 3-pack,vegetarian-vegan-and-plant-based
620925,0,AH Terra Spinazie schnitzel 4-pack,AH Terra,vegetarisch-vegan-en-plantaardig,"Vegetarisch, vegan en plantaardig",Vegetarische schnitzel,7.56,7.96,5.0,5% volume voordeel,,,4 stuks,,True,AHOO,5% volume voordeel,2026-08-09,2999-12-31,,True,AH,https://www.ah.nl/producten/product/wi620925,2026-08-09,AH Terra Spinazie schnitzel 4-pack,vegetarian-vegan-and-plant-based
587231,32427,AH Terra Tofu burger spinazie,AH Terra,vegetarisch-vegan-en-plantaardig,"Vegetarisch, vegan en plantaardig",Vegetarische burgers,2.29,2.29,,,,,160 g,prijs per kg €14.31,False,,,,,B,True,AH,https://www.ah.nl/producten/product/wi587231,2026-08-09,AH Terra Tofu burger spinazie,vegetarian-vegan-and-plant-based
598816,48427,AH Terra Plantaardig tussendoortje aardbei,AH Terra,vegetarisch-vegan-en-plantaardig,"Vegetarisch, vegan en plantaardig",Plantaardige yoghurt met smaak,1.49,1.49,,,,,180 g,prijs per kg €8.28,False,,,,,C,True,AH,https://www.ah.nl/producten/product/wi598816,2026-08-09,AH Terra Plantaardig tussendoortje aardbei,vegetarian-vegan-and-plant-based
570908,11207,AH Terra Plantaardig alternatief voor yoghurt,AH Terra,vegetarisch-vegan-en-plantaardig,"Vegetarisch, vegan en plantaardig",Plantaardige yoghurt naturel,0.99,0.99,,,,,500 g,prijs per kg €1.98,False,,,,,A,True,AH,https://www.ah.nl/producten/product/wi570908,2026-08-09,AH Terra Plantaardig alternatief voor yoghurt,vegetarian-vegan-and-plant-based
569966,9784,AH Terra Plantaardige kipfilet met tuinkruiden,AH Terra,vegetarisch-vegan-en-plantaardig,"Vegetarisch, vegan en plantaardig",Plantaardige vleeswaren,1.99,1.99,,,,,80 g,prijs per kg €24.88,False,,,,,C,True,AH,https://www.ah.nl/producten/product/wi569966,2026-08-09,AH Terra Plantaardige kipfilet met tuinkruiden,vegetarian-vegan-and-plant-based
572443,14140,Vivera Plantaardige gyros voordeelverpakking,Vivera,vegetarisch-vegan-en-plantaardig,"Vegetarisch, vegan en plantaardig","Vegetarische shoarma, gyros, kebab",4.99,4.99,,,,,300 g,prijs per kg €16.63,False,,,,,A,True,AH,https://www.ah.nl/producten/product/wi572443,2026-08-09,Vivera Vegetable gyros value pack,vegetarian-vegan-and-plant-based
577301,19621,AH Terra Plantaardige filet americain peper,AH Terra,vegetarisch-vegan-en-plantaardig,"Vegetarisch, vegan en plantaardig",Plantaardige vleeswaren,2.19,2.19,,,,,150 g,prijs per kg €14.60,False,,,,,C,True,AH,https://www.ah.nl/producten/product/wi577301,2026-08-09,AH Terra Vegetable fillet americain pepper,vegetarian-vegan-and-plant-based
601926,53616,Oatly! Matcha oat drink,Oatly!,vegetarisch-vegan-en-plantaardig,"Vegetarisch, vegan en plantaardig",Haverdrink,2.49,2.49,,VOOR 1.19,1.19,,250 ml,normale prijs per liter €9.96,True,AH,VOOR 1.19,2026-08-03,2026-08-09,D,True,AH,https://www.ah.nl/producten/product/wi601926,2026-08-09,Oatly! Matcha oat drink,vegetarian-vegan-and-plant-based
605194,59957,AH Terra Barista haver karamelsmaak,AH Terra,vegetarisch-vegan-en-plantaardig,"Vegetarisch, vegan en plantaardig",Haverdrink,1.79,1.79,,,,,1 l,prijs per liter €1.79,False,,,,,D,True,AH,https://www.ah.nl/producten/product/wi605194,2026-08-09,AH Terra Barista oat caramel flavor,vegetarian-vegan-and-plant-based
606756,63237,AH Terra Plantaardige barista soja,AH Terra,vegetarisch-vegan-en-plantaardig,"Vegetarisch, vegan en plantaardig",Sojadrink,1.69,1.69,,,,,1 l,prijs per liter €1.69,False,,,,,B,True,AH,https://www.ah.nl/producten/product/wi606756,2026-08-09,AH Terra Vegetable barista soy,vegetarian-vegan-and-plant-based
612763,69493,Vivera Vegetarische Gouda kaasschnitzel,Vivera,vegetarisch-vegan-en-plantaardig,"Vegetarisch, vegan en plantaardig",Vegetarische schnitzel,3.29,3.29,,,,,180 g,prijs per kg €18.28,False,,,,,C,True,AH,https://www.ah.nl/producten/product/wi612763,2026-08-09,Vivera Vegetarian Gouda cheese schnitzel,vegetarian-vegan-and-plant-based
620460,0,AH Terra Plantaardige kipfilet tuinkruiden 2-pack,AH Terra,vegetarisch-vegan-en-plantaardig,"Vegetarisch, vegan en plantaardig",Plantaardige vleeswaren,3.9,3.98,2.0,2% volume voordeel,,,2 stuks,,True,AHOO,2% volume voordeel,2026-08-09,2999-12-31,,True,AH,https://www.ah.nl/producten/product/wi620460,2026-08-09,AH Terra Vegetable chicken fillet garden herbs 2-pack,vegetarian-vegan-and-plant-based
623495,0,Oatly! Matcha oat drink 3-pack,Oatly!,vegetarisch-vegan-en-plantaardig,"Vegetarisch, vegan en plantaardig",Haverdrink,3.57,7.47,52.2,pakketkorting,,,3 stuks,,True,AHOO,,2026-08-09,2026-08-09,,True,AH,https://www.ah.nl/producten/product/wi623495,2026-08-09,Oatly! Matcha oat drink 3-pack,vegetarian-vegan-and-plant-based
587281,32443,Vivera Gerookte tofu,Vivera,vegetarisch-vegan-en-plantaardig,"Vegetarisch, vegan en plantaardig",Tofu,2.69,2.69,,,,,280 g,prijs per kg €9.61,False,,,,,A,True,AH,https://www.ah.nl/producten/product/wi587281,2026-08-09,Vivera Smoked tofu,vegetarian-vegan-and-plant-based
598994,48323,AH Terra Bio tofureepjes mild gekruid,AH Terra,vegetarisch-vegan-en-plantaardig,"Vegetarisch, vegan en plantaardig",Tofu,2.69,2.69,,,,,180 g,prijs per kg €14.94,False,,,,,B,True,AH,https://www.ah.nl/producten/product/wi598994,2026-08-09,AH Terra Bio tofureepjes mild gekruid,vegetarian-vegan-and-plant-based
548467,614478,Rude Health Barista amandel,Rude Health,vegetarisch-vegan-en-plantaardig,"Vegetarisch, vegan en plantaardig","Amandel, cashewdrink",2.99,2.99,,,,,1 l,prijs per liter €2.99,False,,,,,D,True,AH,https://www.ah.nl/producten/product/wi548467,2026-08-09,Rude Health Barista amandel,vegetarian-vegan-and-plant-based
599753,49180,Oatly! Barista caramel,Oatly!,vegetarisch-vegan-en-plantaardig,"Vegetarisch, vegan en plantaardig",Haverdrink,2.99,2.99,,,,,1 l,prijs per liter €2.99,False,,,,,E,True,AH,https://www.ah.nl/producten/product/wi599753,2026-08-09,Oatly! Barista caramel,vegetarian-vegan-and-plant-based
607348,63409,AH Terra Plantaardige rosbief,AH Terra,vegetarisch-vegan-en-plantaardig,"Vegetarisch, vegan en plantaardig",Plantaardige vleeswaren,2.69,2.69,,,,,80 g,prijs per kg €33.63,False,,,,,D,True,AH,https://www.ah.nl/producten/product/wi607348,2026-08-09,AH Terra Vegetable roast beef,vegetarian-vegan-and-plant-based
611227,0,Oatly! Barista caramel 4-pack,Oatly!,vegetarisch-vegan-en-plantaardig,"Vegetarisch, vegan en plantaardig",Haverdrink,11.36,11.96,5.0,5% volume voordeel,,,4 stuks,,True,AHOO,5% volume voordeel,2026-08-09,2999-12-31,,True,AH,https://www.ah.nl/producten/product/wi611227,2026-08-09,Oatly! Barista caramel 4-pack,vegetarian-vegan-and-plant-based
620461,0,AH Terra Plantaardige kipfilet tuinkruiden 3-pack,AH Terra,vegetarisch-vegan-en-plantaardig,"Vegetarisch, vegan en plantaardig",Plantaardige vleeswaren,5.79,5.97,3.0,3% volume voordeel,,,3 stuks,,True,AHOO,3% volume voordeel,2026-08-09,2999-12-31,,True,AH,https://www.ah.nl/producten/product/wi620461,2026-08-09,AH Terra Plantaardige kipfilet tuinkruiden 3-pack,vegetarian-vegan-and-plant-based
620462,0,AH Terra Plantaardige kipfilet tuinkruiden 4-pack,AH Terra,vegetarisch-vegan-en-plantaardig,"Vegetarisch, vegan en plantaardig",Plantaardige vleeswaren,7.48,7.96,6.0,6% volume voordeel,,,4 stuks,,True,AHOO,6% volume voordeel,2026-08-09,2999-12-31,,True,AH,https://www.ah.nl/producten/product/wi620462,2026-08-09,AH Terra Vegetable chicken fillet garden herbs 4-pack,vegetarian-vegan-and-plant-based
621497,0,AH Terra Plantaardige rosbief 2-pack,AH Terra,vegetarisch-vegan-en-plantaardig,"Vegetarisch, vegan en plantaardig",Plantaardige vleeswaren,5.27,5.38,2.0,2% volume voordeel,,,2 stuks,,True,AHOO,2% volume voordeel,2026-08-09,2999-12-31,,True,AH,https://www.ah.nl/producten/product/wi621497,2026-08-09,AH Terra Plantaardige rosbief 2-pack,vegetarian-vegan-and-plant-based
539537,715823,Violife Creamy original,Violife,vegetarisch-vegan-en-plantaardig,"Vegetarisch, vegan en plantaardig",Plantaardige kaas voor maaltijden,2.99,2.99,,,,,150 g,prijs per kg €19.93,False,,,,,D,True,AH,https://www.ah.nl/producten/product/wi539537,2026-08-09,Violife Creamy original,vegetarian-vegan-and-plant-based
567251,4924,AH Terra Plantaardige soepballetjes,AH Terra,vegetarisch-vegan-en-plantaardig,"Vegetarisch, vegan en plantaardig",Vega balletjes,1.49,1.49,,,,,200 g,prijs per kg €7.45,False,,,,,B,True,AH,https://www.ah.nl/producten/product/wi567251,2026-08-09,AH Terra Plantaardige soepballetjes,vegetarian-vegan-and-plant-based
605201,59970,Alpro Plant protein vanilla flavour,Alpro,vegetarisch-vegan-en-plantaardig,"Vegetarisch, vegan en plantaardig",Sojadrink,2.99,2.99,,,,,1 l,prijs per liter €2.99,False,,,,,B,True,AH,https://www.ah.nl/producten/product/wi605201,2026-08-09,Alpro Plant protein vanilla flavour,vegetarian-vegan-and-plant-based
609156,0,Alpro Plant protein vanilla flavour 4-pack,Alpro,vegetarisch-vegan-en-plantaardig,"Vegetarisch, vegan en plantaardig",Sojadrink,11.36,11.96,5.0,5% volume voordeel,,,4 stuks,,True,AHOO,5% volume voordeel,2026-08-09,2999-12-31,,True,AH,https://www.ah.nl/producten/product/wi609156,2026-08-09,Alpro Plant protein vanilla flavor 4-pack,vegetarian-vegan-and-plant-based
561001,670801,AH Terra Plantaardig avocado spread,AH Terra,vegetarisch-vegan-en-plantaardig,"Vegetarisch, vegan en plantaardig",Plantaardige spreads,2.39,2.39,,,,,110 g,prijs per kg €21.73,False,,,,,C,True,AH,https://www.ah.nl/producten/product/wi561001,2026-08-09,AH Terra Plantaardig avocado spread,vegetarian-vegan-and-plant-based
621498,0,AH Terra Plantaardige rosbief 3-pack,AH Terra,vegetarisch-vegan-en-plantaardig,"Vegetarisch, vegan en plantaardig",Plantaardige vleeswaren,7.83,8.07,3.0,3% volume voordeel,,,3 stuks,,True,AHOO,3% volume voordeel,2026-08-09,2999-12-31,,True,AH,https://www.ah.nl/producten/product/wi621498,2026-08-09,AH Terra Plantaardige rosbief 3-pack,vegetarian-vegan-and-plant-based
474611,727568,AH Terra Plantaardige topping,AH Terra,vegetarisch-vegan-en-plantaardig,"Vegetarisch, vegan en plantaardig",Plantaardige room,1.59,1.59,,,,,250 g,prijs per kg €6.36,False,,,,,D,True,AH,https://www.ah.nl/producten/product/wi474611,2026-08-09,AH Terra Plantaardige topping,vegetarian-vegan-and-plant-based
515264,28855,AH Terra Plantaardige salade kipkerrie,AH Terra,vegetarisch-vegan-en-plantaardig,"Vegetarisch, vegan en plantaardig",Plantaardige spreads,2.39,2.39,,,,,150 g,prijs per kg €15.93,False,,,,,C,True,AH,https://www.ah.nl/producten/product/wi515264,2026-08-09,AH Terra Plantaardige salade kipkerrie,vegetarian-vegan-and-plant-based
591918,39394,Maza Hoemoes less fat,Maza,vegetarisch-vegan-en-plantaardig,"Vegetarisch, vegan en plantaardig",Hummus naturel,2.49,2.49,,,,,200 g,prijs per kg €12.45,False,,,,,C,True,AH,https://www.ah.nl/producten/product/wi591918,2026-08-09,Maza Hoemoes less fat,vegetarian-vegan-and-plant-based
611393,0,Maza Hoemoes less fat 3-pack,Maza,vegetarisch-vegan-en-plantaardig,"Vegetarisch, vegan en plantaardig",Hummus naturel,7.1,7.47,5.0,5% volume voordeel,,,3 stuks,,True,AHOO,5% volume voordeel,2026-08-09,2999-12-31,,True,AH,https://www.ah.nl/producten/product/wi611393,2026-08-09,Maza Hoemoes less fat 3-pack,vegetarian-vegan-and-plant-based
202856,798419,Maza Hoemoes koriander limoen,Maza,vegetarisch-vegan-en-plantaardig,"Vegetarisch, vegan en plantaardig",Hummus met smaakje,2.59,2.59,,,,,200 g,prijs per kg €12.95,False,,,,,C,True,AH,https://www.ah.nl/producten/product/wi202856,2026-08-09,Maza Hoemoes koriander limoen,vegetarian-vegan-and-plant-based
560657,63776,Paturain Knoflook & fijne kruiden vegan,Paturain,vegetarisch-vegan-en-plantaardig,"Vegetarisch, vegan en plantaardig",Plantaardige kaas voor de borrel,3.19,3.19,,,,,140 g,prijs per kg €22.79,False,,,,,C,True,AH,https://www.ah.nl/producten/product/wi560657,2026-08-09,Paturain Knoflook & fijne kruiden vegan,vegetarian-vegan-and-plant-based
599000,48330,Vivera Kaas nuggets,Vivera,vegetarisch-vegan-en-plantaardig,"Vegetarisch, vegan en plantaardig",Vega(n) Snacks,3.49,3.49,,,,,180 g,prijs per kg €19.39,False,,,,,D,True,AH,https://www.ah.nl/producten/product/wi599000,2026-08-09,Vivera Cheese nuggets,vegetarian-vegan-and-plant-based
604951,58809,AH Excellent Hummus naturel met geroosterde knoflook,AH Excellent,vegetarisch-vegan-en-plantaardig,"Vegetarisch, vegan en plantaardig",Hummus met smaakje,1.9967,2.99,33.2,3 voor 5.99,5.99,3.0,150 g,normale prijs per kg €19.93,True,AH,3 VOOR 5.99,2026-08-03,2026-08-09,A,True,AH,https://www.ah.nl/producten/product/wi604951,2026-08-09,AH Excellent Hummus natural with roasted garlic,vegetarian-vegan-and-plant-based
611392,0,Maza Hoemoes koriander limoen 3-pack,Maza,vegetarisch-vegan-en-plantaardig,"Vegetarisch, vegan en plantaardig",Hummus met smaakje,7.38,7.77,5.0,5% volume voordeel,,,3 stuks,,True,AHOO,5% volume voordeel,2026-08-09,2999-12-31,,True,AH,https://www.ah.nl/producten/product/wi611392,2026-08-09,Maza Hoemoes koriander limoen 3-pack,vegetarian-vegan-and-plant-based
613189,0,Paturain Knoflook & fijne kruiden vegan 3-pack,Paturain,vegetarisch-vegan-en-plantaardig,"Vegetarisch, vegan en plantaardig",Plantaardige kaas voor de borrel,9.09,9.57,5.0,5% volume voordeel,,,3 stuks,,True,AHOO,5% volume voordeel,2026-08-09,2999-12-31,,True,AH,https://www.ah.nl/producten/product/wi613189,2026-08-09,Paturain Garlic & fine herbs vegan 3-pack,vegetarian-vegan-and-plant-based
622365,0,AH Excellent Hummus naturel geroosterde knoflo 2-pck,AH Excellent,vegetarisch-vegan-en-plantaardig,"Vegetarisch, vegan en plantaardig",Hummus met smaakje,3.99,5.98,33.3,pakketkorting,,,2 stuks,,True,AHOO,,2026-08-10,2026-08-16,,True,AH,https://www.ah.nl/producten/product/wi622365,2026-08-09,AH Excellent Hummus natural roasted garlic 2-pck,vegetarian-vegan-and-plant-based
622366,0,AH Excellent Hummus naturel geroosterde knoflo 3-pack,AH Excellent,vegetarisch-vegan-en-plantaardig,"Vegetarisch, vegan en plantaardig",Hummus met smaakje,5.99,8.97,33.2,pakketkorting,,,3 stuks,,True,AHOO,,2026-08-09,2026-08-09,,True,AH,https://www.ah.nl/producten/product/wi622366,2026-08-09,AH Excellent Hummus naturel geroosterde knoflo 3-pack,vegetarian-vegan-and-plant-based
622367,0,AH Excellent Hummus naturel geroosterde knoflo 4-pack,AH Excellent,vegetarisch-vegan-en-plantaardig,"Vegetarisch, vegan en plantaardig",Hummus met smaakje,8.98,11.96,24.9,pakketkorting,,,4 stuks,,True,AHOO,,2026-08-09,2026-08-09,,True,AH,https://www.ah.nl/producten/product/wi622367,2026-08-09,AH Excellent Hummus natural roasted garlic 4-pack,vegetarian-vegan-and-plant-based
612660,68570,Vegetarische Slager Kipleckere tenders,Vegetarische Slager,vegetarisch-vegan-en-plantaardig,"Vegetarisch, vegan en plantaardig",Vegetarische kipfilet,4.19,4.19,,,,,180 g,prijs per kg €23.28,False,,,,,A,True,AH,https://www.ah.nl/producten/product/wi612660,2026-08-09,Vegetarische Slager Kipleckere tenders,vegetarian-vegan-and-plant-based
598690,47350,AH Terra Groentespread tomaat cashew,AH Terra,vegetarisch-vegan-en-plantaardig,"Vegetarisch, vegan en plantaardig",Plantaardige spreads,1.99,1.99,,,,,150 g,prijs per kg €13.27,False,,,,,B,True,AH,https://www.ah.nl/producten/product/wi598690,2026-08-09,AH Terra Vegetable spread tomato cashew,vegetarian-vegan-and-plant-based
462485,715196,Kips Vega paté mediterraans,Kips,vegetarisch-vegan-en-plantaardig,"Vegetarisch, vegan en plantaardig",Plantaardige vleeswaren,2.49,2.49,,,,,125 g,prijs per kg €19.92,False,,,,,D,True,AH,https://www.ah.nl/producten/product/wi462485,2026-08-09,Kips Vega paté mediterraans,vegetarian-vegan-and-plant-based
541519,84246,Zonnatura Mango curry smooth spread,Zonnatura,vegetarisch-vegan-en-plantaardig,"Vegetarisch, vegan en plantaardig",Plantaardige spreads,2.99,2.99,,,,,140 g,prijs per kg €21.36,False,,,,,D,True,AH,https://www.ah.nl/producten/product/wi541519,2026-08-09,Zonnatura Mango curry smooth spread,vegetarian-vegan-and-plant-based
609440,0,Friesche Vlag Barista haver 3-pack,Friesche Vlag,vegetarisch-vegan-en-plantaardig,"Vegetarisch, vegan en plantaardig",Haverdrink,7.67,8.07,5.0,5% volume voordeel,,,3 stuks,,True,AHOO,5% volume voordeel,2026-08-09,2999-12-31,,True,AH,https://www.ah.nl/producten/product/wi609440,2026-08-09,Friesche Vlag Barista oats 3-pack,vegetarian-vegan-and-plant-based
587278,32439,Vivera Stevige tofu a la minute,Vivera,vegetarisch-vegan-en-plantaardig,"Vegetarisch, vegan en plantaardig",Tofu,2.19,2.19,,,,,280 g,prijs per kg €7.82,False,,,,,A,True,AH,https://www.ah.nl/producten/product/wi587278,2026-08-09,Vivera Firm tofu a la minute,vegetarian-vegan-and-plant-based
560672,69881,AH Vegetarische kipfilet,AH,vegetarisch-vegan-en-plantaardig,"Vegetarisch, vegan en plantaardig",Vegetarische vleeswaren,1.99,1.99,,,,,80 g,prijs per kg €24.88,False,,,,,C,True,AH,https://www.ah.nl/producten/product/wi560672,2026-08-09,AH Vegetarische kipfilet,vegetarian-vegan-and-plant-based
567844,6765,Redefine Meat Premium burgers,Redefine Meat,vegetarisch-vegan-en-plantaardig,"Vegetarisch, vegan en plantaardig",Vegetarische burgers,4.55,4.55,,2e Halve Prijs,,2.0,240 g,normale prijs per kg €18.96,True,AH,2e Halve Prijs,2026-08-03,2026-08-09,C,True,AH,https://www.ah.nl/producten/product/wi567844,2026-08-09,Redefine Meat Premium burgers,vegetarian-vegan-and-plant-based
606978,0,Redefine Meat Premium burgers 3-pack,Redefine Meat,vegetarisch-vegan-en-plantaardig,"Vegetarisch, vegan en plantaardig",Vegetarische burgers,11.37,13.65,16.7,pakketkorting,,,3 stuks,,True,AHOO,,2026-08-09,2026-08-09,,True,AH,https://www.ah.nl/producten/product/wi606978,2026-08-09,Redefine Meat Premium burgers 3-pack,vegetarian-vegan-and-plant-based
609441,0,Friesche Vlag Barista haver 5-pack,Friesche Vlag,vegetarisch-vegan-en-plantaardig,"Vegetarisch, vegan en plantaardig",Haverdrink,12.1,13.45,10.0,10% volume voordeel,,,5 stuks,,True,AHOO,10% volume voordeel,2026-08-09,2999-12-31,,True,AH,https://www.ah.nl/producten/product/wi609441,2026-08-09,Friesche Vlag Barista haver 5-pack,vegetarian-vegan-and-plant-based
605273,59974,Oatly! Barista edition coconut flavour,Oatly!,vegetarisch-vegan-en-plantaardig,"Vegetarisch, vegan en plantaardig",Haverdrink,2.99,2.99,,,,,1 l,prijs per liter €2.99,False,,,,,C,True,AH,https://www.ah.nl/producten/product/wi605273,2026-08-09,Oatly! Barista edition coconut flavour,vegetarian-vegan-and-plant-based
611228,0,Oatly! Barista edition churros flavour 4-pack,Oatly!,vegetarisch-vegan-en-plantaardig,"Vegetarisch, vegan en plantaardig",Haverdrink,11.96,11.96,,pakket,,,4 stuks,,False,,,,,,True,AH,https://www.ah.nl/producten/product/wi611228,2026-08-09,Oatly! Barista edition churros flavor 4-pack,vegetarian-vegan-and-plant-based
376564,838101,Maza Hoemoes ras el hanout,Maza,vegetarisch-vegan-en-plantaardig,"Vegetarisch, vegan en plantaardig",Hummus met smaakje,2.59,2.59,,,,,200 g,prijs per kg €12.95,False,,,,,D,True,AH,https://www.ah.nl/producten/product/wi376564,2026-08-09,Maza Hoemoes ras el hanout,vegetarian-vegan-and-plant-based
539538,641224,Violife Greek white block,Violife,vegetarisch-vegan-en-plantaardig,"Vegetarisch, vegan en plantaardig",Plantaardige kaas voor maaltijden,2.79,2.79,,,,,150 g,prijs per kg €18.60,False,,,,,E,True,AH,https://www.ah.nl/producten/product/wi539538,2026-08-09,Violife Greek white block,vegetarian-vegan-and-plant-based
563712,1196,AH Terra Plantaardige soepballetjes,AH Terra,vegetarisch-vegan-en-plantaardig,"Vegetarisch, vegan en plantaardig",Vega balletjes,1.85,1.85,,,,,160 g,prijs per kg €11.56,False,,,,,A,True,AH,https://www.ah.nl/producten/product/wi563712,2026-08-09,AH Terra Plantaardige soepballetjes,vegetarian-vegan-and-plant-based
611396,0,Maza Hoemoes ras el hanout 3-pack,Maza,vegetarisch-vegan-en-plantaardig,"Vegetarisch, vegan en plantaardig",Hummus met smaakje,7.38,7.77,5.0,5% volume voordeel,,,3 stuks,,True,AHOO,5% volume voordeel,2026-08-09,2999-12-31,,True,AH,https://www.ah.nl/producten/product/wi611396,2026-08-09,Maza Hoemoes ras el hanout 3-pack,vegetarian-vegan-and-plant-based
510320,737759,AH Terra Plantaardige dessert tiramisu,AH Terra,vegetarisch-vegan-en-plantaardig,"Vegetarisch, vegan en plantaardig",Plantaardige toetjes,1.39,1.39,,,,,95 g,prijs per kg €14.63,False,,,,,C,True,AH,https://www.ah.nl/producten/product/wi510320,2026-08-09,AH Terra Plantaardige dessert tiramisu,vegetarian-vegan-and-plant-based
572424,14131,AH Terra Plantaardige jalapeno burger,AH Terra,vegetarisch-vegan-en-plantaardig,"Vegetarisch, vegan en plantaardig",Vegetarische burgers,2.99,2.99,,,,,200 g,prijs per kg €14.95,False,,,,,A,True,AH,https://www.ah.nl/producten/product/wi572424,2026-08-09,AH Terra Vegetable jalapeno burger,vegetarian-vegan-and-plant-based
617149,75090,Beyond Meat Bratwurst original 2 stuks,Beyond Meat,vegetarisch-vegan-en-plantaardig,Vlees,Vegetarische worst,4.39,4.39,,,,,180 g,prijs per kg €24.39,False,,,,,C,True,AH,https://www.ah.nl/producten/product/wi617149,2026-08-09,Beyond Meat Bratwurst original 2 pieces,vegetarian-vegan-and-plant-based
620569,0,AH Terra Plantaardige jalapeno burger 3-pack,AH Terra,vegetarisch-vegan-en-plantaardig,"Vegetarisch, vegan en plantaardig",Vegetarische burgers,,,5.0,5% volume voordeel,,,3 stuks,,True,AH,5% volume voordeel,,,,True,AH,https://www.ah.nl/producten/product/wi620569,2026-08-09,AH Terra Plantaardige jalapeno burger 3-pack,vegetarian-vegan-and-plant-based
620570,0,AH Terra Plantaardige jalapeno burger 4-pack,AH Terra,vegetarisch-vegan-en-plantaardig,"Vegetarisch, vegan en plantaardig",Vegetarische burgers,,,7.0,7% volume voordeel,,,4 stuks,,True,AH,7% volume voordeel,,,,True,AH,https://www.ah.nl/producten/product/wi620570,2026-08-09,AH Terra Plantaardige jalapeno burger 4-pack,vegetarian-vegan-and-plant-based
620571,0,AH Terra Plantaardige jalapeno burger 5-pack,AH Terra,vegetarisch-vegan-en-plantaardig,"Vegetarisch, vegan en plantaardig",Vegetarische burgers,,,10.0,10% volume voordeel,,,5 stuks,,True,AH,10% volume voordeel,,,,True,AH,https://www.ah.nl/producten/product/wi620571,2026-08-09,AH Terra Vegetable jalapeno burger 5-pack,vegetarian-vegan-and-plant-based
598208,0,AH Vegetarische kipfilet 2-pack,AH,vegetarisch-vegan-en-plantaardig,"Vegetarisch, vegan en plantaardig",Vegetarische vleeswaren,3.9,3.98,2.0,2% volume voordeel,,,2 stuks,,True,AHOO,2% volume voordeel,2026-08-09,2999-12-31,,True,AH,https://www.ah.nl/producten/product/wi598208,2026-08-09,AH Vegetarische kipfilet 2-pack,vegetarian-vegan-and-plant-based
497886,800065,AH Terra Plantaardige pepersalami,AH Terra,vegetarisch-vegan-en-plantaardig,"Vegetarisch, vegan en plantaardig",Plantaardige vleeswaren,1.99,1.99,,,,,80 g,prijs per kg €24.88,False,,,,,C,True,AH,https://www.ah.nl/producten/product/wi497886,2026-08-09,AH Terra Vegetable pepper salami,vegetarian-vegan-and-plant-based
577212,19599,AH Terra Plantaardige balletjes Italiaanse stijl,AH Terra,vegetarisch-vegan-en-plantaardig,"Vegetarisch, vegan en plantaardig",Vega balletjes,2.19,2.19,,,,,200 g,prijs per kg €10.95,False,,,,,A,True,AH,https://www.ah.nl/producten/product/wi577212,2026-08-09,AH Terra Vegetable balls Italian style,vegetarian-vegan-and-plant-based
580481,23453,Vegetarische Slager Vegan rul gehackt XL,Vegetarische Slager,vegetarisch-vegan-en-plantaardig,"Vegetarisch, vegan en plantaardig",Vegetarisch gehakt,4.99,4.99,,,,,300 g,prijs per kg €16.63,False,,,,,A,True,AH,https://www.ah.nl/producten/product/wi580481,2026-08-09,Vegetarische Slager Vegan rul gehackt XL,vegetarian-vegan-and-plant-based
619084,0,AH Terra Plantaardige pepersalami 2-pack,AH Terra,vegetarisch-vegan-en-plantaardig,"Vegetarisch, vegan en plantaardig",Plantaardige vleeswaren,3.9,3.98,2.0,2% volume voordeel,,,2 stuks,,True,AHOO,2% volume voordeel,2026-08-09,2999-12-31,,True,AH,https://www.ah.nl/producten/product/wi619084,2026-08-09,AH Terra Plantaardige pepersalami 2-pack,vegetarian-vegan-and-plant-based
620688,0,AH Terra Plantaardige balletjes Italiaans 3-pack,AH Terra,vegetarisch-vegan-en-plantaardig,"Vegetarisch, vegan en plantaardig",Vega balletjes,6.37,6.57,3.0,3% volume voordeel,,,3 stuks,,True,AHOO,3% volume voordeel,2026-08-09,2999-12-31,,True,AH,https://www.ah.nl/producten/product/wi620688,2026-08-09,AH Terra Plantaardige balletjes Italiaans 3-pack,vegetarian-vegan-and-plant-based
569963,9781,AH Terra Plantaardige bacon,AH Terra,vegetarisch-vegan-en-plantaardig,"Vegetarisch, vegan en plantaardig",Plantaardige vleeswaren,2.49,2.49,,,,,80 g,prijs per kg €31.13,False,,,,,D,True,AH,https://www.ah.nl/producten/product/wi569963,2026-08-09,AH Terra Vegetable bacon,vegetarian-vegan-and-plant-based
620451,0,AH Terra Plantaardige bacon 2-pack,AH Terra,vegetarisch-vegan-en-plantaardig,"Vegetarisch, vegan en plantaardig",Plantaardige vleeswaren,4.88,4.98,2.0,2% volume voordeel,,,2 stuks,,True,AHOO,2% volume voordeel,2026-08-09,2999-12-31,,True,AH,https://www.ah.nl/producten/product/wi620451,2026-08-09,AH Terra Plantaardige bacon 2-pack,vegetarian-vegan-and-plant-based
509555,691285,AH Terra Plantaardige plakken komijn,AH Terra,vegetarisch-vegan-en-plantaardig,"Vegetarisch, vegan en plantaardig",Plantaardige kaas voor beleg,2.29,2.29,,,,,200 g,prijs per kg €11.45,False,,,,,E,True,AH,https://www.ah.nl/producten/product/wi509555,2026-08-09,AH Terra Plantaardige plakken komijn,vegetarian-vegan-and-plant-based
587238,32423,AH Terra Crispy tofu,AH Terra,vegetarisch-vegan-en-plantaardig,"Vegetarisch, vegan en plantaardig",Tofu,2.49,2.49,,,,,160 g,prijs per kg €15.56,False,,,,,B,True,AH,https://www.ah.nl/producten/product/wi587238,2026-08-09,AH Terra Crispy tofu,vegetarian-vegan-and-plant-based
590864,37609,AH Terra Biologisch plantaardige seitan worstjes,AH Terra,vegetarisch-vegan-en-plantaardig,"Vegetarisch, vegan en plantaardig",Seitan,3.49,3.49,,,,,160 g,prijs per kg €21.81,False,,,,,B,True,AH,https://www.ah.nl/producten/product/wi590864,2026-08-09,AH Terra Organic vegetable seitan sausages,vegetarian-vegan-and-plant-based
515724,21105,AH Terra Plantaardige dessert cheesecake bes,AH Terra,vegetarisch-vegan-en-plantaardig,"Vegetarisch, vegan en plantaardig",Plantaardige toetjes,1.59,1.59,,,,,100 g,prijs per kg €15.90,False,,,,,D,True,AH,https://www.ah.nl/producten/product/wi515724,2026-08-09,AH Terra Vegetable dessert cheesecake berry,vegetarian-vegan-and-plant-based
564861,2456,AH Terra Plantaardig rulgehakt Mexicaans,AH Terra,vegetarisch-vegan-en-plantaardig,"Vegetarisch, vegan en plantaardig",Vegetarisch gehakt,1.99,1.99,,,,,200 g,prijs per kg €9.95,False,,,,,A,True,AH,https://www.ah.nl/producten/product/wi564861,2026-08-09,AH Terra Vegetable Mexican minced meat,vegetarian-vegan-and-plant-based
620364,0,AH Terra Plantaardig rulgehakt Mexicaans 3-pack,AH Terra,vegetarisch-vegan-en-plantaardig,"Vegetarisch, vegan en plantaardig",Vegetarisch gehakt,,,3.0,3% volume voordeel,,,3 stuks,,True,AH,3% volume voordeel,,,,True,AH,https://www.ah.nl/producten/product/wi620364,2026-08-09,AH Terra Vegetable loose minced Mexican 3-pack,vegetarian-vegan-and-plant-based
620365,0,AH Terra Plantaardig rulgehakt Mexicaans 4-pack,AH Terra,vegetarisch-vegan-en-plantaardig,"Vegetarisch, vegan en plantaardig",Vegetarisch gehakt,,,5.0,5% volume voordeel,,,4 stuks,,True,AH,5% volume voordeel,,,,True,AH,https://www.ah.nl/producten/product/wi620365,2026-08-09,AH Terra Plantaardig rulgehakt Mexicaans 4-pack,vegetarian-vegan-and-plant-based
620366,0,AH Terra Plantaardig rulgehakt Mexicaans 6-pack,AH Terra,vegetarisch-vegan-en-plantaardig,"Vegetarisch, vegan en plantaardig",Vegetarisch gehakt,,,8.0,8% volume voordeel,,,6 stuks,,True,AH,8% volume voordeel,,,,True,AH,https://www.ah.nl/producten/product/wi620366,2026-08-09,AH Terra Vegetable loose minced Mexican 6-pack,vegetarian-vegan-and-plant-based
620452,0,AH Terra Plantaardige bacon 3-pack,AH Terra,vegetarisch-vegan-en-plantaardig,"Vegetarisch, vegan en plantaardig",Plantaardige vleeswaren,7.25,7.47,3.0,3% volume voordeel,,,3 stuks,,True,AHOO,3% volume voordeel,2026-08-09,2999-12-31,,True,AH,https://www.ah.nl/producten/product/wi620452,2026-08-09,AH Terra Plantaardige bacon 3-pack,vegetarian-vegan-and-plant-based
620453,0,AH Terra Plantaardige bacon 4-pack,AH Terra,vegetarisch-vegan-en-plantaardig,"Vegetarisch, vegan en plantaardig",Plantaardige vleeswaren,9.36,9.96,6.0,6% volume voordeel,,,4 stuks,,True,AHOO,6% volume voordeel,2026-08-09,2999-12-31,,True,AH,https://www.ah.nl/producten/product/wi620453,2026-08-09,AH Terra Vegetable bacon 4-pack,vegetarian-vegan-and-plant-based
620689,0,AH Terra Plantaardige balletjes Italiaans 4-pack,AH Terra,vegetarisch-vegan-en-plantaardig,"Vegetarisch, vegan en plantaardig",Vega balletjes,8.32,8.76,5.0,5% volume voordeel,,,4 stuks,,True,AHOO,5% volume voordeel,2026-08-09,2999-12-31,,True,AH,https://www.ah.nl/producten/product/wi620689,2026-08-09,AH Terra Vegetable balls Italian 4-pack,vegetarian-vegan-and-plant-based
620690,0,AH Terra Plantaardige balletjes Italiaanse 6-pack,AH Terra,vegetarisch-vegan-en-plantaardig,"Vegetarisch, vegan en plantaardig",Vega balletjes,12.09,13.14,8.0,8% volume voordeel,,,6 stuks,,True,AHOO,8% volume voordeel,2026-08-09,2999-12-31,,True,AH,https://www.ah.nl/producten/product/wi620690,2026-08-09,AH Terra Vegetable balls Italian 6-pack,vegetarian-vegan-and-plant-based
569951,9763,AH Terra Plantaardige spread naturel,AH Terra,vegetarisch-vegan-en-plantaardig,"Vegetarisch, vegan en plantaardig",Plantaardige spreads,1.99,1.99,,,,,150 g,prijs per kg €13.27,False,,,,,D,True,AH,https://www.ah.nl/producten/product/wi569951,2026-08-09,AH Terra Plantaardige spread naturel,vegetarian-vegan-and-plant-based
619085,0,AH Terra Plantaardige pepersalami 3-pack,AH Terra,vegetarisch-vegan-en-plantaardig,"Vegetarisch, vegan en plantaardig",Plantaardige vleeswaren,5.79,5.97,3.0,3% volume voordeel,,,3 stuks,,True,AHOO,3% volume voordeel,2026-08-09,2999-12-31,,True,AH,https://www.ah.nl/producten/product/wi619085,2026-08-09,AH Terra Vegetable pepper salami 3-pack,vegetarian-vegan-and-plant-based
619086,0,AH Terra Plantaardige pepersalami 4-pack,AH Terra,vegetarisch-vegan-en-plantaardig,"Vegetarisch, vegan en plantaardig",Plantaardige vleeswaren,7.48,7.96,6.0,6% volume voordeel,,,4 stuks,,True,AHOO,6% volume voordeel,2026-08-09,2999-12-31,,True,AH,https://www.ah.nl/producten/product/wi619086,2026-08-09,AH Terra Vegetable pepper salami 4-pack,vegetarian-vegan-and-plant-based
580507,23249,AH Terra Biologische seitan rulgehakt,AH Terra,vegetarisch-vegan-en-plantaardig,"Vegetarisch, vegan en plantaardig",Seitan,2.99,2.99,,,,,150 g,prijs per kg €19.93,False,,,,,B,True,AH,https://www.ah.nl/producten/product/wi580507,2026-08-09,AH Terra Organic seitan loosely chopped,vegetarian-vegan-and-plant-based
585908,30737,AH Terra Plantaardig soja kwark blauwe bes,AH Terra,vegetarisch-vegan-en-plantaardig,"Vegetarisch, vegan en plantaardig",Plantaardige yoghurt met smaak,1.99,1.99,,,,,500 g,prijs per kg €3.98,False,,,,,B,True,AH,https://www.ah.nl/producten/product/wi585908,2026-08-09,AH Terra Vegetable soy cottage cheese blueberry,vegetarian-vegan-and-plant-based
498025,799982,AH Terra Plantaardige grillworst pikant,AH Terra,vegetarisch-vegan-en-plantaardig,"Vegetarisch, vegan en plantaardig",Plantaardige vleeswaren,1.99,1.99,,,,,80 g,prijs per kg €24.88,False,,,,,B,True,AH,https://www.ah.nl/producten/product/wi498025,2026-08-09,AH Terra Vegetable grilled sausage spicy,vegetarian-vegan-and-plant-based
603869,56933,AH Terra Pompoen mango spread,AH Terra,vegetarisch-vegan-en-plantaardig,"Vegetarisch, vegan en plantaardig",Vegetarische spreads,1.99,1.99,,,,,190 g,prijs per kg €10.47,False,,,,,A,True,AH,https://www.ah.nl/producten/product/wi603869,2026-08-09,AH Terra Pumpkin mango spread,vegetarian-vegan-and-plant-based
619075,0,AH Terra Plantaardige grillworst pikant 2-pack,AH Terra,vegetarisch-vegan-en-plantaardig,"Vegetarisch, vegan en plantaardig",Plantaardige vleeswaren,3.9,3.98,2.0,2% volume voordeel,,,2 stuks,,True,AHOO,2% volume voordeel,2026-08-09,2999-12-31,,True,AH,https://www.ah.nl/producten/product/wi619075,2026-08-09,AH Terra Vegetable grilled sausage spicy 2-pack,vegetarian-vegan-and-plant-based
619076,0,AH Terra Plantaardige grillworst pikant 3-pack,AH Terra,vegetarisch-vegan-en-plantaardig,"Vegetarisch, vegan en plantaardig",Plantaardige vleeswaren,5.79,5.97,3.0,3% volume voordeel,,,3 stuks,,True,AHOO,3% volume voordeel,2026-08-09,2999-12-31,,True,AH,https://www.ah.nl/producten/product/wi619076,2026-08-09,AH Terra Vegetable grilled sausage spicy 3-pack,vegetarian-vegan-and-plant-based
619077,0,AH Terra Plantaardige grillworst pikant 4-pack,AH Terra,vegetarisch-vegan-en-plantaardig,"Vegetarisch, vegan en plantaardig",Plantaardige vleeswaren,7.48,7.96,6.0,6% volume voordeel,,,4 stuks,,True,AHOO,6% volume voordeel,2026-08-09,2999-12-31,,True,AH,https://www.ah.nl/producten/product/wi619077,2026-08-09,AH Terra Plantaardige grillworst pikant 4-pack,vegetarian-vegan-and-plant-based
598999,48329,Vivera Plantaardige nuggets southern fried,Vivera,vegetarisch-vegan-en-plantaardig,"Vegetarisch, vegan en plantaardig",Vega(n) Snacks,3.19,3.19,,,,,180 g,prijs per kg €17.72,False,,,,,C,True,AH,https://www.ah.nl/producten/product/wi598999,2026-08-09,Vivera Plantaardige nuggets southern fried,vegetarian-vegan-and-plant-based
612661,68571,Vegetarische Slager Griljante burger,Vegetarische Slager,vegetarisch-vegan-en-plantaardig,"Vegetarisch, vegan en plantaardig",Vegetarische burgers,4.69,4.69,,,,,200 g,prijs per kg €23.45,False,,,,,A,True,AH,https://www.ah.nl/producten/product/wi612661,2026-08-09,Vegetarische Slager Griljante burger,vegetarian-vegan-and-plant-based
445422,707250,Kips Vega snijworst,Kips,vegetarisch-vegan-en-plantaardig,"Vegetarisch, vegan en plantaardig",Plantaardige vleeswaren,2.49,2.49,,,,,125 g,prijs per kg €19.92,False,,,,,D,True,AH,https://www.ah.nl/producten/product/wi445422,2026-08-09,Kips Vega cut sausage,vegetarian-vegan-and-plant-based
461861,714664,AH Terra Plantaardige topping,AH Terra,vegetarisch-vegan-en-plantaardig,"Vegetarisch, vegan en plantaardig",Plantaardige room,1.59,1.59,,,,,250 g,prijs per kg €6.36,False,,,,,D,True,AH,https://www.ah.nl/producten/product/wi461861,2026-08-09,AH Terra Plantaardige topping,vegetarian-vegan-and-plant-based
451673,579543,Zonnatura Vegetarische pate naturel,Zonnatura,vegetarisch-vegan-en-plantaardig,"Vegetarisch, vegan en plantaardig",Plantaardige vleeswaren,4.29,4.29,,,,,125 g,prijs per kg €34.32,False,,,,,E,True,AH,https://www.ah.nl/producten/product/wi451673,2026-08-09,Zonnatura Vegetarische pate naturel,vegetarian-vegan-and-plant-based
561005,85228,AH Terra Plantaardige hummus paprika chipotle,AH Terra,vegetarisch-vegan-en-plantaardig,"Vegetarisch, vegan en plantaardig",Hummus met smaakje,1.99,1.99,,,,,175 g,prijs per kg €11.37,False,,,,,C,True,AH,https://www.ah.nl/producten/product/wi561005,2026-08-09,AH Terra Vegetable hummus paprika chipotle,vegetarian-vegan-and-plant-based
606120,60535,AH Terra Kleintje soja desert aardbei,AH Terra,vegetarisch-vegan-en-plantaardig,"Vegetarisch, vegan en plantaardig",Plantaardige toetjes,0.99,0.99,,,,,150 g,prijs per kg €6.60,False,,,,,C,True,AH,https://www.ah.nl/producten/product/wi606120,2026-08-09,AH Terra Small soy desert strawberry,vegetarian-vegan-and-plant-based
539540,74332,Violife Original plakken,Violife,vegetarisch-vegan-en-plantaardig,"Vegetarisch, vegan en plantaardig",Plantaardige kaas voor beleg,2.39,2.39,,,,,140 g,prijs per kg €17.07,False,,,,,E,True,AH,https://www.ah.nl/producten/product/wi539540,2026-08-09,Violife Original paste,vegetarian-vegan-and-plant-based
598996,48326,Planted Steak puntjes,Planted,vegetarisch-vegan-en-plantaardig,"Vegetarisch, vegan en plantaardig",Vegetarische steak,4.49,4.49,,,,,200 g,prijs per kg €22.45,False,,,,,A,True,AH,https://www.ah.nl/producten/product/wi598996,2026-08-09,Planted Steak puntjes,vegetarian-vegan-and-plant-based
437391,701577,AH Terra Plantaardige verse soja keuken,AH Terra,vegetarisch-vegan-en-plantaardig,"Vegetarisch, vegan en plantaardig",Plantaardige room,0.99,0.99,,,,,200 ml,prijs per liter €4.95,False,,,,,B,True,AH,https://www.ah.nl/producten/product/wi437391,2026-08-09,AH Terra Vegetable fresh soy cuisine,vegetarian-vegan-and-plant-based
580506,23248,AH Terra Biologische seitan flakes kebab,AH Terra,vegetarisch-vegan-en-plantaardig,"Vegetarisch, vegan en plantaardig",Seitan,2.99,2.99,,,,,150 g,prijs per kg €19.93,False,,,,,B,True,AH,https://www.ah.nl/producten/product/wi580506,2026-08-09,AH Terra Biologische seitan flakes kebab,vegetarian-vegan-and-plant-based
497594,802276,AH Terra Plantaardige salade alternatief voor ei,AH Terra,vegetarisch-vegan-en-plantaardig,"Vegetarisch, vegan en plantaardig",Plantaardige spreads,1.99,1.99,,,,,150 g,prijs per kg €13.27,False,,,,,D,True,AH,https://www.ah.nl/producten/product/wi497594,2026-08-09,AH Terra Plantaardige salade alternatief voor ei,vegetarian-vegan-and-plant-based
577286,19605,AH Terra Plantaardige flakes pittig,AH Terra,vegetarisch-vegan-en-plantaardig,"Vegetarisch, vegan en plantaardig",Plantaardige kaas voor maaltijden,2.39,2.39,,,,,150 g,prijs per kg €15.93,False,,,,,E,True,AH,https://www.ah.nl/producten/product/wi577286,2026-08-09,AH Terra Plantaardige flakes pittig,vegetarian-vegan-and-plant-based
589938,35597,Beyond Meat Jalapeno burger,Beyond Meat,vegetarisch-vegan-en-plantaardig,"Vegetarisch, vegan en plantaardig",Vegetarische burgers,4.69,4.69,,,,,200 g,prijs per kg €23.45,False,,,,,B,True,AH,https://www.ah.nl/producten/product/wi589938,2026-08-09,Beyond Meat Jalapeno burger,vegetarian-vegan-and-plant-based
598689,47344,AH Terra Groentespread spinazie basilicum cashew,AH Terra,vegetarisch-vegan-en-plantaardig,"Vegetarisch, vegan en plantaardig",Plantaardige spreads,1.99,1.99,,,,,150 g,prijs per kg €13.27,False,,,,,B,True,AH,https://www.ah.nl/producten/product/wi598689,2026-08-09,AH Terra Groentespread spinazie basilicum cashew,vegetarian-vegan-and-plant-based
606119,60536,AH Terra Kleintje soja dessert perzik passie,AH Terra,vegetarisch-vegan-en-plantaardig,"Vegetarisch, vegan en plantaardig",Plantaardige toetjes,0.99,0.99,,,,,150 g,prijs per kg €6.60,False,,,,,C,True,AH,https://www.ah.nl/producten/product/wi606119,2026-08-09,AH Terra Kleintje soy dessert peach passion,vegetarian-vegan-and-plant-based
567842,6763,Redefine Meat Beef mince,Redefine Meat,vegetarisch-vegan-en-plantaardig,"Vegetarisch, vegan en plantaardig",Vegetarisch gehakt,4.99,4.99,,2e Halve Prijs,,2.0,250 g,normale prijs per kg €19.96,True,AH,2e Halve Prijs,2026-08-03,2026-08-09,C,True,AH,https://www.ah.nl/producten/product/wi567842,2026-08-09,Redefine Meat Beef mince,vegetarian-vegan-and-plant-based
598998,48328,Vivera Kaasschnitzel voordeelverpakking,Vivera,vegetarisch-vegan-en-plantaardig,"Vegetarisch, vegan en plantaardig",Vegetarische schnitzel,5.49,5.49,,,,,300 g,prijs per kg €18.30,False,,,,,E,True,AH,https://www.ah.nl/producten/product/wi598998,2026-08-09,Vivera Cheese Schnitzel value pack,vegetarian-vegan-and-plant-based
606975,0,Redefine Meat Beef mince 3-pack,Redefine Meat,vegetarisch-vegan-en-plantaardig,"Vegetarisch, vegan en plantaardig",Vegetarisch gehakt,12.47,14.97,16.7,pakketkorting,,,3 stuks,,True,AHOO,,2026-08-09,2026-08-09,,True,AH,https://www.ah.nl/producten/product/wi606975,2026-08-09,Redefine Meat Beef mince 3-pack,vegetarian-vegan-and-plant-based
580468,23263,Planted Kebab original,Planted,vegetarisch-vegan-en-plantaardig,"Vegetarisch, vegan en plantaardig","Vegetarische shoarma, gyros, kebab",3.99,3.99,,,,,160 g,prijs per kg €24.94,False,,,,,C,True,AH,https://www.ah.nl/producten/product/wi580468,2026-08-09,Planted Kebab original,vegetarian-vegan-and-plant-based
595157,43262,AH Terra Soja kwark vanillesmaak,AH Terra,vegetarisch-vegan-en-plantaardig,"Vegetarisch, vegan en plantaardig","Plantaardige kwark, vla",1.99,1.99,,,,,500 g,prijs per kg €3.98,False,,,,,B,True,AH,https://www.ah.nl/producten/product/wi595157,2026-08-09,AH Terra Soy cottage cheese vanilla flavor,vegetarian-vegan-and-plant-based
599750,49177,Oatly! Matcha haverdrank,Oatly!,vegetarisch-vegan-en-plantaardig,"Vegetarisch, vegan en plantaardig",Haverdrink,3.79,3.79,,,,,1 l,prijs per liter €3.79,False,,,,,D,True,AH,https://www.ah.nl/producten/product/wi599750,2026-08-09,Oatly! Matcha oat drink,vegetarian-vegan-and-plant-based
611237,0,Oatly! Matcha haverdrank 4-pack,Oatly!,vegetarisch-vegan-en-plantaardig,"Vegetarisch, vegan en plantaardig",Haverdrink,14.4,15.16,5.0,5% volume voordeel,,,4 stuks,,True,AHOO,5% volume voordeel,2026-08-09,2999-12-31,,True,AH,https://www.ah.nl/producten/product/wi611237,2026-08-09,Oatly! Matcha haverdrank 4-pack,vegetarian-vegan-and-plant-based
612839,0,Boursin Plantaardig knoflook fijne kruiden 3pack,Boursin,vegetarisch-vegan-en-plantaardig,"Vegetarisch, vegan en plantaardig",Plantaardige kaas voor de borrel,9.95,10.47,5.0,5% volume voordeel,,,3 stuks,,True,AHOO,5% volume voordeel,2026-08-09,2026-08-09,,True,AH,https://www.ah.nl/producten/product/wi612839,2026-08-09,Boursin Plantaardig knoflook fijne kruiden 3pack,vegetarian-vegan-and-plant-based
519786,856712,Natrue Almond drink 0% sugars,Natrue,vegetarisch-vegan-en-plantaardig,"Vegetarisch, vegan en plantaardig","Amandel, cashewdrink",2.59,2.59,,,,,1 l,prijs per liter €2.59,False,,,,,B,True,AH,https://www.ah.nl/producten/product/wi519786,2026-08-09,Natrue Almond drink 0% sugars,vegetarian-vegan-and-plant-based
558313,533380,AH Chili kaasschnitzel,AH,vegetarisch-vegan-en-plantaardig,"Vegetarisch, vegan en plantaardig",Vegetarische schnitzel,2.59,2.59,,,,,200 g,prijs per kg €12.95,False,,,,,D,True,AH,https://www.ah.nl/producten/product/wi558313,2026-08-09,AH Chili kaasschnitzel,vegetarian-vegan-and-plant-based
589939,36184,Planted Steak,Planted,vegetarisch-vegan-en-plantaardig,"Vegetarisch, vegan en plantaardig",Vegetarische steak,4.49,4.49,,,,,150 g,prijs per kg €29.93,False,,,,,A,True,AH,https://www.ah.nl/producten/product/wi589939,2026-08-09,Planted Steak,vegetarian-vegan-and-plant-based
607350,63412,AH Terra Hummus pesto,AH Terra,vegetarisch-vegan-en-plantaardig,"Vegetarisch, vegan en plantaardig",Hummus met smaakje,1.99,1.99,,,,,175 g,prijs per kg €11.37,False,,,,,C,True,AH,https://www.ah.nl/producten/product/wi607350,2026-08-09,AH Terra Hummus pesto,vegetarian-vegan-and-plant-based
582623,26107,AH Terra Plantaardige vissticks,AH Terra,vegetarisch-vegan-en-plantaardig,"Vegetarisch, vegan en plantaardig",Visvervangers,3.49,3.49,,,,,450 g,prijs per kg €7.76,False,,,,,C,True,AH,https://www.ah.nl/producten/product/wi582623,2026-08-09,AH Terra Plantaardige vissticks,vegetarian-vegan-and-plant-based
605275,59976,Oatly! Matcha strawberry flavour,Oatly!,vegetarisch-vegan-en-plantaardig,"Vegetarisch, vegan en plantaardig",Haverdrink,3.99,3.99,,,,,1 l,prijs per liter €3.99,False,,,,,D,True,AH,https://www.ah.nl/producten/product/wi605275,2026-08-09,Oatly! Matcha strawberry flavour,vegetarian-vegan-and-plant-based
606117,60538,AH Terra Kleintje soja dessert vanille,AH Terra,vegetarisch-vegan-en-plantaardig,"Vegetarisch, vegan en plantaardig",Plantaardige toetjes,0.99,0.99,,,,,150 g,prijs per kg €6.60,False,,,,,C,True,AH,https://www.ah.nl/producten/product/wi606117,2026-08-09,AH Terra Kleintje soy dessert vanilla,vegetarian-vegan-and-plant-based
611238,0,Oatly! Matcha strawberry flavour 4-pack,Oatly!,vegetarisch-vegan-en-plantaardig,"Vegetarisch, vegan en plantaardig",Haverdrink,15.16,15.96,5.0,5% volume voordeel,,,4 stuks,,True,AHOO,5% volume voordeel,2026-08-09,2999-12-31,,True,AH,https://www.ah.nl/producten/product/wi611238,2026-08-09,Oatly! Matcha strawberry flavour 4-pack,vegetarian-vegan-and-plant-based
187155,787599,Heinz Sandwich spread komkommer,Heinz,vegetarisch-vegan-en-plantaardig,"Vegetarisch, vegan en plantaardig",Vegetarische spreads,2.49,2.49,,,,,300 g,prijs per kg €8.30,False,,,,,D,True,AH,https://www.ah.nl/producten/product/wi187155,2026-08-09,Heinz Sandwich spread komkommer,vegetarian-vegan-and-plant-based
560999,734910,AH Terra Plantaardige salade gevuld eitje,AH Terra,vegetarisch-vegan-en-plantaardig,"Vegetarisch, vegan en plantaardig",Plantaardige spreads,1.99,1.99,,,,,150 g,prijs per kg €13.27,False,,,,,D,True,AH,https://www.ah.nl/producten/product/wi560999,2026-08-09,AH Terra Plantaardige salade gevuld eitje,vegetarian-vegan-and-plant-based
570154,9685,Vivera Plantaardig kruimgehakt voordeelpak,Vivera,vegetarisch-vegan-en-plantaardig,"Vegetarisch, vegan en plantaardig",Vegetarisch gehakt,4.99,4.99,,,,,375 g,prijs per kg €13.31,False,,,,,A,True,AH,https://www.ah.nl/producten/product/wi570154,2026-08-09,Vivera Plantaardig kruimgehakt voordeelpak,vegetarian-vegan-and-plant-based
575881,17064,Dreamfarm Plantaardig alternatief voor mozzarella,Dreamfarm,vegetarisch-vegan-en-plantaardig,"Vegetarisch, vegan en plantaardig",Plantaardige kaas voor maaltijden,3.79,3.79,,,,,340 g,prijs per kg €30.32,False,,,,,A,True,AH,https://www.ah.nl/producten/product/wi575881,2026-08-09,Dreamfarm Plantaardig alternatief voor mozzarella,vegetarian-vegan-and-plant-based
620306,0,AH Vegetarische kipfilet 4-pack,AH,vegetarisch-vegan-en-plantaardig,"Vegetarisch, vegan en plantaardig",Vegetarische vleeswaren,7.48,7.96,6.0,6% volume voordeel,,,4 stuks,,True,AHOO,6% volume voordeel,2026-08-09,2999-12-31,,True,AH,https://www.ah.nl/producten/product/wi620306,2026-08-09,AH Vegetarische kipfilet 4-pack,vegetarian-vegan-and-plant-based
489286,742892,AH Terra Plantaardige grillworst stuk,AH Terra,vegetarisch-vegan-en-plantaardig,"Vegetarisch, vegan en plantaardig",Plantaardige vleeswaren,2.19,2.19,,,,,125 g,prijs per kg €17.52,False,,,,,C,True,AH,https://www.ah.nl/producten/product/wi489286,2026-08-09,AH Terra Plantaardige grillworst stuk,vegetarian-vegan-and-plant-based
612631,68568,Vivera Plantaardige döner kebab,Vivera,vegetarisch-vegan-en-plantaardig,"Vegetarisch, vegan en plantaardig","Vegetarische shoarma, gyros, kebab",3.19,3.19,,,,,160 g,prijs per kg €19.94,False,,,,,A,True,AH,https://www.ah.nl/producten/product/wi612631,2026-08-09,Vivera Vegetable döner kebab,vegetarian-vegan-and-plant-based
619078,0,AH Terra Plantaardige grillworst stuk 2-pack,AH Terra,vegetarisch-vegan-en-plantaardig,"Vegetarisch, vegan en plantaardig",Plantaardige vleeswaren,4.29,4.38,2.0,2% volume voordeel,,,2 stuks,,True,AHOO,2% volume voordeel,2026-08-09,2999-12-31,,True,AH,https://www.ah.nl/producten/product/wi619078,2026-08-09,AH Terra Plantaardige grillworst stuk 2-pack,vegetarian-vegan-and-plant-based
619079,0,AH Terra Plantaardige grillworst stuk 3-pack,AH Terra,vegetarisch-vegan-en-plantaardig,"Vegetarisch, vegan en plantaardig",Plantaardige vleeswaren,6.37,6.57,3.0,3% volume voordeel,,,3 stuks,,True,AHOO,3% volume voordeel,2026-08-09,2999-12-31,,True,AH,https://www.ah.nl/producten/product/wi619079,2026-08-09,AH Terra Plantaardige grillworst stuk 3-pack,vegetarian-vegan-and-plant-based
619080,0,AH Terra Plantaardige grillworst stuk 4-pack,AH Terra,vegetarisch-vegan-en-plantaardig,"Vegetarisch, vegan en plantaardig",Plantaardige vleeswaren,8.23,8.76,6.0,6% volume voordeel,,,4 stuks,,True,AHOO,6% volume voordeel,2026-08-09,2999-12-31,,True,AH,https://www.ah.nl/producten/product/wi619080,2026-08-09,AH Terra Plantaardige grillworst stuk 4-pack,vegetarian-vegan-and-plant-based
620305,0,AH Vegetarische kipfilet 3-pack,AH,vegetarisch-vegan-en-plantaardig,"Vegetarisch, vegan en plantaardig",Vegetarische vleeswaren,5.79,5.97,3.0,3% volume voordeel,,,3 stuks,,True,AHOO,3% volume voordeel,2026-08-09,2999-12-31,,True,AH,https://www.ah.nl/producten/product/wi620305,2026-08-09,AH Vegetarische kipfilet 3-pack,vegetarian-vegan-and-plant-based
564791,2448,AH Terra Plantaardige balletjes Indische stijl,AH Terra,vegetarisch-vegan-en-plantaardig,"Vegetarisch, vegan en plantaardig",Vega balletjes,2.25,2.25,,,,,200 g,prijs per kg €11.25,False,,,,,A,True,AH,https://www.ah.nl/producten/product/wi564791,2026-08-09,AH Terra Vegetable balls Indian style,vegetarian-vegan-and-plant-based
599749,49176,Natrue Haver barista 0% suiker,Natrue,vegetarisch-vegan-en-plantaardig,"Vegetarisch, vegan en plantaardig",Haverdrink,2.39,2.39,,,,,1 l,prijs per liter €2.39,False,,,,,B,True,AH,https://www.ah.nl/producten/product/wi599749,2026-08-09,Natrue Oats barista 0% sugar,vegetarian-vegan-and-plant-based
587236,32433,AH Terra Gerookte tempeh,AH Terra,vegetarisch-vegan-en-plantaardig,"Vegetarisch, vegan en plantaardig",Tempeh,2.49,2.49,,,,,220 g,prijs per kg €11.32,False,,,,,A,True,AH,https://www.ah.nl/producten/product/wi587236,2026-08-09,AH Terra Smoked tempeh,vegetarian-vegan-and-plant-based
589106,34645,Princes Plantaardige tonijn naturel,Princes,vegetarisch-vegan-en-plantaardig,"Vegetarisch, vegan en plantaardig",Visvervangers,1.69,2.49,32.1,voor 1.69,1.69,,140 g,normale prijs per kg €17.79,True,AH,VOOR 1.69,2026-08-10,2026-08-16,A,True,AH,https://www.ah.nl/producten/product/wi589106,2026-08-09,Princes Plantaardige tonijn naturel,vegetarian-vegan-and-plant-based
603868,56932,AH Terra Rode biet aardbei spread,AH Terra,vegetarisch-vegan-en-plantaardig,"Vegetarisch, vegan en plantaardig",Vegetarische spreads,1.99,1.99,,,,,200 g,prijs per kg €9.95,False,,,,,A,True,AH,https://www.ah.nl/producten/product/wi603868,2026-08-09,AH Terra Beetroot strawberry spread,vegetarian-vegan-and-plant-based
580546,23254,AH Terra Plantaardige kipstukjes Indiase tandoori,AH Terra,vegetarisch-vegan-en-plantaardig,"Vegetarisch, vegan en plantaardig",Vegetarische stukjes,2.49,2.49,,,,,160 g,prijs per kg €15.56,False,,,,,C,True,AH,https://www.ah.nl/producten/product/wi580546,2026-08-09,AH Terra Vegetable chicken pieces Indian tandoori,vegetarian-vegan-and-plant-based
607349,63410,AH Terra Hummus mango chutney,AH Terra,vegetarisch-vegan-en-plantaardig,"Vegetarisch, vegan en plantaardig",Hummus met smaakje,1.99,1.99,,,,,175 g,prijs per kg €11.37,False,,,,,C,True,AH,https://www.ah.nl/producten/product/wi607349,2026-08-09,AH Terra Hummus mango chutney,vegetarian-vegan-and-plant-based
612625,68563,AH Terra Plantaardige spinazierondo,AH Terra,vegetarisch-vegan-en-plantaardig,"Vegetarisch, vegan en plantaardig",Vegetarische burgers,1.79,1.79,,,,,180 g,prijs per kg €9.94,False,,,,,B,True,AH,https://www.ah.nl/producten/product/wi612625,2026-08-09,AH Terra Plantaardige spinazierondo,vegetarian-vegan-and-plant-based
612626,68564,AH Terra Plantaardig gegrilde stukjes,AH Terra,vegetarisch-vegan-en-plantaardig,"Vegetarisch, vegan en plantaardig",Vegetarische burgers,2.49,2.49,,,,,175 g,prijs per kg €14.23,False,,,,,A,True,AH,https://www.ah.nl/producten/product/wi612626,2026-08-09,AH Terra Vegetable grilled pieces,vegetarian-vegan-and-plant-based
515265,29073,AH Terra Plantaardige salade kipsaté,AH Terra,vegetarisch-vegan-en-plantaardig,"Vegetarisch, vegan en plantaardig",Plantaardige spreads,2.59,2.59,,,,,150 g,prijs per kg €17.27,False,,,,,C,True,AH,https://www.ah.nl/producten/product/wi515265,2026-08-09,AH Terra Plantaardige salade kipsaté,vegetarian-vegan-and-plant-based
580479,23269,Planted Filetstukjes lemon & herb,Planted,vegetarisch-vegan-en-plantaardig,"Vegetarisch, vegan en plantaardig",Vegetarische stukjes,4.19,4.19,,,,,160 g,prijs per kg €26.19,False,,,,,C,True,AH,https://www.ah.nl/producten/product/wi580479,2026-08-09,Planted Fillet pieces lemon & herb,vegetarian-vegan-and-plant-based
588162,33265,La Vache Qui Rit Plantaardig knoflook & fijne kruiden,La Vache Qui Rit,vegetarisch-vegan-en-plantaardig,"Vegetarisch, vegan en plantaardig",Plantaardige kaas voor beleg,2.39,3.19,25.0,25% korting,,,128 g,normale prijs per kg €24.92,True,AH,25% korting,2026-08-10,2026-08-16,D,True,AH,https://www.ah.nl/producten/product/wi588162,2026-08-09,La Vache Qui Rit Plantaardig knoflook & fijne kruiden,vegetarian-vegan-and-plant-based
598993,48322,AH Terra Plantaardige runderreepjes,AH Terra,vegetarisch-vegan-en-plantaardig,"Vegetarisch, vegan en plantaardig",Vegetarische steak,2.49,2.49,,,,,175 g,prijs per kg €14.23,False,,,,,A,True,AH,https://www.ah.nl/producten/product/wi598993,2026-08-09,AH Terra Plantaardige runderreepjes,vegetarian-vegan-and-plant-based
612874,0,La Vache Qui Rit Plantaardig knoflook & fijne krui 3-pack,La Vache Qui Rit,vegetarisch-vegan-en-plantaardig,"Vegetarisch, vegan en plantaardig",Plantaardige kaas voor beleg,9.09,9.57,5.0,5% volume voordeel,,,3 stuks,,True,AHOO,5% volume voordeel,2026-08-09,2026-08-09,,True,AH,https://www.ah.nl/producten/product/wi612874,2026-08-09,La Vache Qui Rit Vegetable garlic & fine herbs 3-pack,vegetarian-vegan-and-plant-based
612627,68565,AH Terra Plantaardige Toscaanse carré,AH Terra,vegetarisch-vegan-en-plantaardig,"Vegetarisch, vegan en plantaardig",Vegetarische burgers,2.49,2.49,,,,,160 g,prijs per kg €15.56,False,,,,,C,True,AH,https://www.ah.nl/producten/product/wi612627,2026-08-09,AH Terra Plantaardige Toscaanse carré,vegetarian-vegan-and-plant-based
605274,59975,Oatly! Barista edition churros flavour,Oatly!,vegetarisch-vegan-en-plantaardig,"Vegetarisch, vegan en plantaardig",Haverdrink,2.99,2.99,,,,,1 l,prijs per liter €2.99,False,,,,,E,True,AH,https://www.ah.nl/producten/product/wi605274,2026-08-09,Oatly! Barista edition churros flavour,vegetarian-vegan-and-plant-based
611252,0,Oatly! Barista edition coconut flavour 4-pack,Oatly!,vegetarisch-vegan-en-plantaardig,"Vegetarisch, vegan en plantaardig",Haverdrink,11.36,11.96,5.0,5% volume voordeel,,,4 stuks,,True,AHOO,5% volume voordeel,2026-08-09,2999-12-31,,True,AH,https://www.ah.nl/producten/product/wi611252,2026-08-09,Oatly! Barista edition coconut flavor 4-pack,vegetarian-vegan-and-plant-based
398402,848570,BioToday Edelgistvlokken,BioToday,vegetarisch-vegan-en-plantaardig,"Vegetarisch, vegan en plantaardig",Plantaardige kaas voor maaltijden,6.79,6.79,,,,,115 g,prijs per kg €59.04,False,,,,,A,True,AH,https://www.ah.nl/producten/product/wi398402,2026-08-09,BioToday Edelgistvlokken,vegetarian-vegan-and-plant-based
539535,671140,AH Terra Plantaardige plakken fenegriek,AH Terra,vegetarisch-vegan-en-plantaardig,"Vegetarisch, vegan en plantaardig",Plantaardige kaas voor beleg,2.29,2.29,,,,,200 g,prijs per kg €11.45,False,,,,,E,True,AH,https://www.ah.nl/producten/product/wi539535,2026-08-09,AH Terra Vegetable fenugreek slices,vegetarian-vegan-and-plant-based
577291,19610,Johma 100% plantaardig gevulde eitje salade,Johma,vegetarisch-vegan-en-plantaardig,"Vegetarisch, vegan en plantaardig",Plantaardige spreads,1.9967,3.19,37.4,3 stuks 5.99,5.99,3.0,175 g,normale prijs per kg €18.23,True,AH,3 stapelen voor 5.99,2026-08-10,2026-08-16,D,True,AH,https://www.ah.nl/producten/product/wi577291,2026-08-09,Johma 100% plantaardig gevulde eitje salade,vegetarian-vegan-and-plant-based
511422,668224,AH Terra Plantaardige grillworst alternatief kaas,AH Terra,vegetarisch-vegan-en-plantaardig,"Vegetarisch, vegan en plantaardig",Plantaardige vleeswaren,1.99,1.99,,,,,80 g,prijs per kg €24.88,False,,,,,C,True,AH,https://www.ah.nl/producten/product/wi511422,2026-08-09,AH Terra Vegetable grilled sausage alternative to cheese,vegetarian-vegan-and-plant-based
560679,680246,Vegetarische Slager Hamplackjes,Vegetarische Slager,vegetarisch-vegan-en-plantaardig,"Vegetarisch, vegan en plantaardig",Plantaardige vleeswaren,2.79,2.79,,,,,100 g,prijs per kg €27.90,False,,,,,C,True,AH,https://www.ah.nl/producten/product/wi560679,2026-08-09,Vegetarian Butcher Ham Slices,vegetarian-vegan-and-plant-based
567845,6766,Redefine Meat Lamb kofta mix,Redefine Meat,vegetarisch-vegan-en-plantaardig,"Vegetarisch, vegan en plantaardig",Vegetarisch gehakt,4.55,4.55,,2e Halve Prijs,,2.0,250 g,normale prijs per kg €18.20,True,AH,2e Halve Prijs,2026-08-03,2026-08-09,D,True,AH,https://www.ah.nl/producten/product/wi567845,2026-08-09,Redefine Meat Lamb kofta mix,vegetarian-vegan-and-plant-based
606977,0,Redefine Meat Lamb kofta mix 3-pack,Redefine Meat,vegetarisch-vegan-en-plantaardig,"Vegetarisch, vegan en plantaardig",Vegetarisch gehakt,11.37,13.65,16.7,pakketkorting,,,3 stuks,,True,AHOO,,2026-08-09,2026-08-09,,True,AH,https://www.ah.nl/producten/product/wi606977,2026-08-09,Redefine Meat Lamb kofta mix 3-pack,vegetarian-vegan-and-plant-based
619523,0,AH Terra Plntaardig grillworst alterntif kaas 2pk,AH Terra,vegetarisch-vegan-en-plantaardig,"Vegetarisch, vegan en plantaardig",Plantaardige vleeswaren,3.9,3.98,2.0,2% volume voordeel,,,2 stuks,,True,AHOO,2% volume voordeel,2026-08-09,2999-12-31,,True,AH,https://www.ah.nl/producten/product/wi619523,2026-08-09,AH Terra Plntaardig grillworst alterntif kaas 2pk,vegetarian-vegan-and-plant-based
461523,713793,Zonnatura Spinazie spread 64% groente,Zonnatura,vegetarisch-vegan-en-plantaardig,"Vegetarisch, vegan en plantaardig",Plantaardige spreads,3.09,3.09,,,,,135 g,prijs per kg €22.89,False,,,,,C,True,AH,https://www.ah.nl/producten/product/wi461523,2026-08-09,Zonnatura Spinach spread 64% vegetable,vegetarian-vegan-and-plant-based
619524,0,AH Terra Plntaardig grillworst alterntif kaas 3pk,AH Terra,vegetarisch-vegan-en-plantaardig,"Vegetarisch, vegan en plantaardig",Plantaardige vleeswaren,5.79,5.97,3.0,3% volume voordeel,,,3 stuks,,True,AHOO,3% volume voordeel,2026-08-09,2999-12-31,,True,AH,https://www.ah.nl/producten/product/wi619524,2026-08-09,AH Terra Regular grill sausage alterntif cheese 3pk,vegetarian-vegan-and-plant-based
619525,0,AH Terra Plntaardig grillworst alterntif kaas 4pk,AH Terra,vegetarisch-vegan-en-plantaardig,"Vegetarisch, vegan en plantaardig",Plantaardige vleeswaren,7.48,7.96,6.0,6% volume voordeel,,,4 stuks,,True,AHOO,6% volume voordeel,2026-08-09,2999-12-31,,True,AH,https://www.ah.nl/producten/product/wi619525,2026-08-09,AH Terra Regular grill sausage alterntif cheese 4pk,vegetarian-vegan-and-plant-based
545626,77219,Neni Baba ganoush,Neni,vegetarisch-vegan-en-plantaardig,"Vegetarisch, vegan en plantaardig",Plantaardige spreads,3.39,3.39,,,,,200 g,prijs per kg €16.95,False,,,,,C,True,AH,https://www.ah.nl/producten/product/wi545626,2026-08-09,Neni Baba ganoush,vegetarian-vegan-and-plant-based
561050,68343,Klilah Hummus classic,Klilah,vegetarisch-vegan-en-plantaardig,"Vegetarisch, vegan en plantaardig",Hummus naturel,3.19,3.19,,,,,200 g,prijs per kg €15.95,False,,,,,C,True,AH,https://www.ah.nl/producten/product/wi561050,2026-08-09,Klilah Hummus classic,vegetarian-vegan-and-plant-based
567846,6767,Redefine Meat Pulled beef,Redefine Meat,vegetarisch-vegan-en-plantaardig,"Vegetarisch, vegan en plantaardig",Vegetarische steak,4.99,4.99,,2e Halve Prijs,,2.0,200 g,normale prijs per kg €24.95,True,AH,2e Halve Prijs,2026-08-03,2026-08-09,C,True,AH,https://www.ah.nl/producten/product/wi567846,2026-08-09,Redefine Meat Pulled beef,vegetarian-vegan-and-plant-based
577294,19613,AH Terra Plantaardige Indiaase madras spread,AH Terra,vegetarisch-vegan-en-plantaardig,"Vegetarisch, vegan en plantaardig",Plantaardige spreads,1.99,1.99,,,,,150 g,prijs per kg €13.27,False,,,,,A,True,AH,https://www.ah.nl/producten/product/wi577294,2026-08-09,AH Terra Plantaardige Indiaase madras spread,vegetarian-vegan-and-plant-based
606979,0,Redefine Meat Pulled beef 3-pack,Redefine Meat,vegetarisch-vegan-en-plantaardig,"Vegetarisch, vegan en plantaardig",Vegetarische steak,12.47,14.97,16.7,pakketkorting,,,3 stuks,,True,AHOO,,2026-08-09,2026-08-09,,True,AH,https://www.ah.nl/producten/product/wi606979,2026-08-09,Redefine Meat Pulled beef 3-pack,vegetarian-vegan-and-plant-based
412544,855982,Zonnatura Spicy tomaat spread 72% groente,Zonnatura,vegetarisch-vegan-en-plantaardig,"Vegetarisch, vegan en plantaardig",Plantaardige spreads,3.09,3.09,,,,,135 g,prijs per kg €22.89,False,,,,,C,True,AH,https://www.ah.nl/producten/product/wi412544,2026-08-09,Zonnatura Spicy tomato spread 72% vegetable,vegetarian-vegan-and-plant-based
577295,19614,AH Terra Plantaardige Thaise pinda kokos spread,AH Terra,vegetarisch-vegan-en-plantaardig,"Vegetarisch, vegan en plantaardig",Plantaardige spreads,1.99,1.99,,,,,150 g,prijs per kg €13.27,False,,,,,C,True,AH,https://www.ah.nl/producten/product/wi577295,2026-08-09,AH Terra Plantaardige Thaise pinda kokos spread,vegetarian-vegan-and-plant-based
598988,48317,AH Vegetarische kaasschnitzel sweet onion,AH,vegetarisch-vegan-en-plantaardig,"Vegetarisch, vegan en plantaardig",Vegetarische schnitzel,2.59,2.59,,,,,200 g,prijs per kg €12.95,False,,,,,E,True,AH,https://www.ah.nl/producten/product/wi598988,2026-08-09,AH Vegetarische kaasschnitzel sweet onion,vegetarian-vegan-and-plant-based
605204,59973,Natrue Barista oat pistachio,Natrue,vegetarisch-vegan-en-plantaardig,"Vegetarisch, vegan en plantaardig",Haverdrink,2.79,2.79,,,,,1 l,prijs per liter €2.79,False,,,,,D,True,AH,https://www.ah.nl/producten/product/wi605204,2026-08-09,Natrue Barista oat pistachio,vegetarian-vegan-and-plant-based
622097,0,AH Vegetarische kaasschnitzel swt onion 2pk,AH,vegetarisch-vegan-en-plantaardig,"Vegetarisch, vegan en plantaardig",Vegetarische schnitzel,,,2.0,2% volume voordeel,,,2 stuks,,True,AH,2% volume voordeel,,,,True,AH,https://www.ah.nl/producten/product/wi622097,2026-08-09,AH Vegetarische kaasschnitzel swt onion 2pk,vegetarian-vegan-and-plant-based
622098,0,AH Vegetarische kaasschnitzel swt onion 3pk,AH,vegetarisch-vegan-en-plantaardig,"Vegetarisch, vegan en plantaardig",Vegetarische schnitzel,,,4.0,4% volume voordeel,,,3 stuks,,True,AH,4% volume voordeel,,,,True,AH,https://www.ah.nl/producten/product/wi622098,2026-08-09,AH Vegetarische kaasschnitzel swt onion 3pk,vegetarian-vegan-and-plant-based
622099,0,AH Vegetarische kaasschnitzel swt onion 4pk,AH,vegetarisch-vegan-en-plantaardig,"Vegetarisch, vegan en plantaardig",Vegetarische schnitzel,,,5.0,5% volume voordeel,,,4 stuks,,True,AH,5% volume voordeel,,,,True,AH,https://www.ah.nl/producten/product/wi622099,2026-08-09,AH Vegetarische kaasschnitzel swt onion 4pk,vegetarian-vegan-and-plant-based
469101,90748,AH Terra Kokos plantaardig alternatief voor room,AH Terra,vegetarisch-vegan-en-plantaardig,"Vegetarisch, vegan en plantaardig",Plantaardige room,1.15,1.15,,,,,200 ml,prijs per liter €5.75,False,,,,,D,True,AH,https://www.ah.nl/producten/product/wi469101,2026-08-09,AH Terra Kokos plantaardig alternatief voor room,vegetarian-vegan-and-plant-based
598692,47352,AH Terra Groentespread edamame tuinkruiden,AH Terra,vegetarisch-vegan-en-plantaardig,"Vegetarisch, vegan en plantaardig",Plantaardige spreads,1.99,1.99,,,,,150 g,prijs per kg €13.27,False,,,,,A,True,AH,https://www.ah.nl/producten/product/wi598692,2026-08-09,AH Terra Vegetable spread edamame garden herbs,vegetarian-vegan-and-plant-based
598691,47351,AH Terra Groentespread rode biet cashew,AH Terra,vegetarisch-vegan-en-plantaardig,"Vegetarisch, vegan en plantaardig",Plantaardige spreads,1.99,1.99,,,,,150 g,prijs per kg €13.27,False,,,,,B,True,AH,https://www.ah.nl/producten/product/wi598691,2026-08-09,AH Terra Vegetable spread beetroot cashew,vegetarian-vegan-and-plant-based
588074,33207,Natrue Barista matcha haver,Natrue,vegetarisch-vegan-en-plantaardig,"Vegetarisch, vegan en plantaardig",Haverdrink,2.89,2.89,,,,,1 l,prijs per liter €2.89,False,,,,,D,True,AH,https://www.ah.nl/producten/product/wi588074,2026-08-09,Natrue Barista matcha haver,vegetarian-vegan-and-plant-based
564892,2473,AH Terra Tempeh sweet chili,AH Terra,vegetarisch-vegan-en-plantaardig,"Vegetarisch, vegan en plantaardig",Tempeh,2.39,2.39,,,,,180 g,prijs per kg €13.28,False,,,,,A,True,AH,https://www.ah.nl/producten/product/wi564892,2026-08-09,AH Terra Tempeh sweet chili,vegetarian-vegan-and-plant-based
604949,58807,AH Excellent Hummus zwarte knoflook,AH Excellent,vegetarisch-vegan-en-plantaardig,"Vegetarisch, vegan en plantaardig",Hummus met smaakje,1.9967,2.99,33.2,3 voor 5.99,5.99,3.0,150 g,normale prijs per kg €19.93,True,AH,3 VOOR 5.99,2026-08-03,2026-08-09,C,True,AH,https://www.ah.nl/producten/product/wi604949,2026-08-09,AH Excellent Hummus zwarte knoflook,vegetarian-vegan-and-plant-based
622374,0,AH Excellent Hummus zwarte knoflook 2-pack,AH Excellent,vegetarisch-vegan-en-plantaardig,"Vegetarisch, vegan en plantaardig",Hummus met smaakje,3.99,5.98,33.3,pakketkorting,,,2 stuks,,True,AHOO,,2026-08-10,2026-08-16,,True,AH,https://www.ah.nl/producten/product/wi622374,2026-08-09,AH Excellent Hummus black garlic 2-pack,vegetarian-vegan-and-plant-based
622375,0,AH Excellent Hummus zwarte knoflook 3-pack,AH Excellent,vegetarisch-vegan-en-plantaardig,"Vegetarisch, vegan en plantaardig",Hummus met smaakje,5.99,8.97,33.2,pakketkorting,,,3 stuks,,True,AHOO,,2026-08-09,2026-08-09,,True,AH,https://www.ah.nl/producten/product/wi622375,2026-08-09,AH Excellent Hummus zwarte knoflook 3-pack,vegetarian-vegan-and-plant-based
622376,0,AH Excellent Hummus zwarte knoflook 4-pack,AH Excellent,vegetarisch-vegan-en-plantaardig,"Vegetarisch, vegan en plantaardig",Hummus met smaakje,8.98,11.96,24.9,pakketkorting,,,4 stuks,,True,AHOO,,2026-08-09,2026-08-09,,True,AH,https://www.ah.nl/producten/product/wi622376,2026-08-09,AH Excellent Hummus zwarte knoflook 4-pack,vegetarian-vegan-and-plant-based
599930,49996,John West Plantaardige tonijn olie,John West,vegetarisch-vegan-en-plantaardig,"Vegetarisch, vegan en plantaardig",Visvervangers,1.69,1.69,,,,,85 g,prijs per kg €19.88,False,,,,,B,True,AH,https://www.ah.nl/producten/product/wi599930,2026-08-09,John West Vegetable tuna oil,vegetarian-vegan-and-plant-based
578055,21519,Redefine Meat Flank steak,Redefine Meat,vegetarisch-vegan-en-plantaardig,"Vegetarisch, vegan en plantaardig",Vegetarische steak,8.99,8.99,,2e Halve Prijs,,2.0,200 g,normale prijs per kg €44.95,True,AH,2e Halve Prijs,2026-08-03,2026-08-09,A,True,AH,https://www.ah.nl/producten/product/wi578055,2026-08-09,Redefine Meat Flank steak,vegetarian-vegan-and-plant-based
599293,48324,AH Terra Bio seitan bites paprika en wortel,AH Terra,vegetarisch-vegan-en-plantaardig,"Vegetarisch, vegan en plantaardig",Seitan,2.69,2.69,,,,,176 g,prijs per kg €15.28,False,,,,,B,True,AH,https://www.ah.nl/producten/product/wi599293,2026-08-09,AH Terra Bio seitan bites peppers and carrots,vegetarian-vegan-and-plant-based
606976,0,Redefine Meat Flank steak 3-pack,Redefine Meat,vegetarisch-vegan-en-plantaardig,"Vegetarisch, vegan en plantaardig",Vegetarische steak,22.47,26.97,16.7,pakketkorting,,,3 stuks,,True,AHOO,,2026-08-09,2026-08-09,,True,AH,https://www.ah.nl/producten/product/wi606976,2026-08-09,Redefine Meat Flank steak 3-pack,vegetarian-vegan-and-plant-based
598989,48318,AH Vegetarische kaasbite,AH,vegetarisch-vegan-en-plantaardig,"Vegetarisch, vegan en plantaardig",Vega(n) Snacks,2.39,2.39,,,,,185 g,prijs per kg €12.92,False,,,,,D,True,AH,https://www.ah.nl/producten/product/wi598989,2026-08-09,AH Vegetarian cheese bite,vegetarian-vegan-and-plant-based
604136,56980,Zonnatura Aubergine creamy spread,Zonnatura,vegetarisch-vegan-en-plantaardig,"Vegetarisch, vegan en plantaardig",Plantaardige spreads,3.29,3.29,,,,,175 g,prijs per kg €18.80,False,,,,,D,True,AH,https://www.ah.nl/producten/product/wi604136,2026-08-09,Zonnatura Aubergine creamy spread,vegetarian-vegan-and-plant-based
606477,61416,Redefine Meat Shoarma,Redefine Meat,vegetarisch-vegan-en-plantaardig,"Vegetarisch, vegan en plantaardig","Vegetarische shoarma, gyros, kebab",4.99,4.99,,2e Halve Prijs,,2.0,200 g,normale prijs per kg €24.95,True,AH,2e Halve Prijs,2026-08-03,2026-08-09,A,True,AH,https://www.ah.nl/producten/product/wi606477,2026-08-09,Redefine Meat Shoarma,vegetarian-vegan-and-plant-based
621548,0,AH Excellent Zwarte knoflook pate 2-pack,AH Excellent,vegetarisch-vegan-en-plantaardig,"Vegetarisch, vegan en plantaardig",Vegetarische spreads,3.86,3.98,3.0,3% volume voordeel,,,2 stuks,,True,AHOO,3% volume voordeel,2026-08-09,2999-12-31,,True,AH,https://www.ah.nl/producten/product/wi621548,2026-08-09,AH Excellent Black garlic pate 2-pack,vegetarian-vegan-and-plant-based
569965,9783,AH Terra Plantaardige groene peper worst,AH Terra,vegetarisch-vegan-en-plantaardig,"Vegetarisch, vegan en plantaardig",Plantaardige vleeswaren,1.99,1.99,,,,,80 g,prijs per kg €24.88,False,,,,,C,True,AH,https://www.ah.nl/producten/product/wi569965,2026-08-09,AH Terra Plantaardige groene peper worst,vegetarian-vegan-and-plant-based
620457,0,AH Terra Plantaardige groene peper worst 2-pack,AH Terra,vegetarisch-vegan-en-plantaardig,"Vegetarisch, vegan en plantaardig",Plantaardige vleeswaren,3.9,3.98,2.0,2% volume voordeel,,,2 stuks,,True,AHOO,2% volume voordeel,2026-08-09,2999-12-31,,True,AH,https://www.ah.nl/producten/product/wi620457,2026-08-09,AH Terra Plantaardige groene peper worst 2-pack,vegetarian-vegan-and-plant-based
621491,0,AH Excellent Notenpate-pack,AH Excellent,vegetarisch-vegan-en-plantaardig,"Vegetarisch, vegan en plantaardig",Vegetarische spreads,4.25,4.38,3.0,3% volume voordeel,,,2 stuks,,True,AHOO,3% volume voordeel,2026-08-09,2999-12-31,,True,AH,https://www.ah.nl/producten/product/wi621491,2026-08-09,AH Excellent Notenpate-pack,vegetarian-vegan-and-plant-based
621549,0,AH Excellent Zwarte knoflook pate 3-pack,AH Excellent,vegetarisch-vegan-en-plantaardig,"Vegetarisch, vegan en plantaardig",Vegetarische spreads,5.55,5.97,7.0,7% volume voordeel,,,3 stuks,,True,AHOO,7% volume voordeel,2026-08-09,2999-12-31,,True,AH,https://www.ah.nl/producten/product/wi621549,2026-08-09,AH Excellent Zwarte knoflook pate 3-pack,vegetarian-vegan-and-plant-based
621550,0,AH Excellent Zwarte knoflook pate 4-pack,AH Excellent,vegetarisch-vegan-en-plantaardig,"Vegetarisch, vegan en plantaardig",Vegetarische spreads,7.16,7.96,10.0,10% volume voordeel,,,4 stuks,,True,AHOO,10% volume voordeel,2026-08-09,2999-12-31,,True,AH,https://www.ah.nl/producten/product/wi621550,2026-08-09,AH Excellent Black garlic pate 4-pack,vegetarian-vegan-and-plant-based
598655,47338,AH Terra Groentespread doperwten pikant,AH Terra,vegetarisch-vegan-en-plantaardig,"Vegetarisch, vegan en plantaardig",Plantaardige spreads,1.99,1.99,,,,,150 g,prijs per kg €13.27,False,,,,,A,True,AH,https://www.ah.nl/producten/product/wi598655,2026-08-09,AH Terra Groentespread doperwten pikant,vegetarian-vegan-and-plant-based
604135,56979,Zonnatura Tomaat creamy spread,Zonnatura,vegetarisch-vegan-en-plantaardig,"Vegetarisch, vegan en plantaardig",Plantaardige spreads,3.29,3.29,,,,,175 g,prijs per kg €18.80,False,,,,,D,True,AH,https://www.ah.nl/producten/product/wi604135,2026-08-09,Zonnatura Tomaat creamy spread,vegetarian-vegan-and-plant-based
620458,0,AH Terra Plantaardige groene peper worst 3-pack,AH Terra,vegetarisch-vegan-en-plantaardig,"Vegetarisch, vegan en plantaardig",Plantaardige vleeswaren,5.79,5.97,3.0,3% volume voordeel,,,3 stuks,,True,AHOO,3% volume voordeel,2026-08-09,2999-12-31,,True,AH,https://www.ah.nl/producten/product/wi620458,2026-08-09,AH Terra Plantaardige groene peper worst 3-pack,vegetarian-vegan-and-plant-based
620459,0,AH Terra Plantaardige groene peper worst 4-pack,AH Terra,vegetarisch-vegan-en-plantaardig,"Vegetarisch, vegan en plantaardig",Plantaardige vleeswaren,7.48,7.96,6.0,6% volume voordeel,,,4 stuks,,True,AHOO,6% volume voordeel,2026-08-09,2999-12-31,,True,AH,https://www.ah.nl/producten/product/wi620459,2026-08-09,AH Terra Vegetable green pepper sausage 4-pack,vegetarian-vegan-and-plant-based
621492,0,AH Excellent Notenpate 3-pack,AH Excellent,vegetarisch-vegan-en-plantaardig,"Vegetarisch, vegan en plantaardig",Vegetarische spreads,6.11,6.57,7.0,7% volume voordeel,,,3 stuks,,True,AHOO,7% volume voordeel,2026-08-09,2999-12-31,,True,AH,https://www.ah.nl/producten/product/wi621492,2026-08-09,AH Excellent Notenpate 3-pack,vegetarian-vegan-and-plant-based
621493,0,AH Excellent Notenpate 4-pack,AH Excellent,vegetarisch-vegan-en-plantaardig,"Vegetarisch, vegan en plantaardig",Vegetarische spreads,7.88,8.76,10.0,10% volume voordeel,,,4 stuks,,True,AHOO,10% volume voordeel,2026-08-09,2999-12-31,,True,AH,https://www.ah.nl/producten/product/wi621493,2026-08-09,AH Excellent Nut Pate 4-pack,vegetarian-vegan-and-plant-based
577364,19625,Maza Biologische hoemoes jalapeño,Maza,vegetarisch-vegan-en-plantaardig,"Vegetarisch, vegan en plantaardig",Plantaardige spreads,3.49,3.49,,,,,175 g,prijs per kg €19.94,False,,,,,C,True,AH,https://www.ah.nl/producten/product/wi577364,2026-08-09,Maza Organic hummus jalapeño,vegetarian-vegan-and-plant-based
598694,47354,AH Terra Plantaardige filet americain ui,AH Terra,vegetarisch-vegan-en-plantaardig,"Vegetarisch, vegan en plantaardig",Plantaardige vleeswaren,2.19,2.19,,,,,150 g,prijs per kg €14.60,False,,,,,C,True,AH,https://www.ah.nl/producten/product/wi598694,2026-08-09,AH Terra Plantaardige filet americain ui,vegetarian-vegan-and-plant-based
561049,701227,Klilah Aubergine babaganush,Klilah,vegetarisch-vegan-en-plantaardig,"Vegetarisch, vegan en plantaardig",Vegetarische spreads,3.59,3.59,,,,,200 g,prijs per kg €17.95,False,,,,,C,True,AH,https://www.ah.nl/producten/product/wi561049,2026-08-09,Klilah Aubergine babaganush,vegetarian-vegan-and-plant-based
577365,19624,Maza Biologische baba ganoush,Maza,vegetarisch-vegan-en-plantaardig,"Vegetarisch, vegan en plantaardig",Plantaardige spreads,3.49,3.49,,,,,175 g,prijs per kg €19.94,False,,,,,C,True,AH,https://www.ah.nl/producten/product/wi577365,2026-08-09,Maza Organic baba ganoush,vegetarian-vegan-and-plant-based
577366,19623,Maza Biologische hoemoes kalamata olijven,Maza,vegetarisch-vegan-en-plantaardig,"Vegetarisch, vegan en plantaardig",Plantaardige spreads,3.49,3.49,,,,,175 g,prijs per kg €19.94,False,,,,,C,True,AH,https://www.ah.nl/producten/product/wi577366,2026-08-09,Maza Organic hummus kalamata olives,vegetarian-vegan-and-plant-based
570776,10966,Neni Hummus pikant,Neni,vegetarisch-vegan-en-plantaardig,"Vegetarisch, vegan en plantaardig",Hummus met smaakje,3.39,3.39,,,,,200 g,prijs per kg €16.95,False,,,,,C,True,AH,https://www.ah.nl/producten/product/wi570776,2026-08-09,Neni Hummus spicy,vegetarian-vegan-and-plant-based
607351,63413,AH Terra Plantaardige salade alternatief tonijn,AH Terra,vegetarisch-vegan-en-plantaardig,"Vegetarisch, vegan en plantaardig",Plantaardige spreads,2.39,2.39,,,,,150 g,prijs per kg €15.93,False,,,,,C,True,AH,https://www.ah.nl/producten/product/wi607351,2026-08-09,AH Terra Plantaardige salade alternatief tonijn,vegetarian-vegan-and-plant-based
561009,707125,AH Terra Plantaardig Indische pinda spread,AH Terra,vegetarisch-vegan-en-plantaardig,"Vegetarisch, vegan en plantaardig",Plantaardige spreads,1.99,1.99,,,,,150 g,prijs per kg €13.27,False,,,,,C,True,AH,https://www.ah.nl/producten/product/wi561009,2026-08-09,AH Terra Plantaardig Indische pinda spread,vegetarian-vegan-and-plant-based
607368,63411,AH Terra Pittige pinda spread,AH Terra,vegetarisch-vegan-en-plantaardig,"Vegetarisch, vegan en plantaardig",Plantaardige spreads,1.99,1.99,,,,,150 g,prijs per kg €13.27,False,,,,,C,True,AH,https://www.ah.nl/producten/product/wi607368,2026-08-09,AH Terra Spicy peanut spread,vegetarian-vegan-and-plant-based
598990,48319,AH Vegetarische kaasbite jalapeño,AH,vegetarisch-vegan-en-plantaardig,"Vegetarisch, vegan en plantaardig",Vega(n) Snacks,2.49,2.49,,,,,185 g,prijs per kg €13.46,False,,,,,D,True,AH,https://www.ah.nl/producten/product/wi598990,2026-08-09,AH Vegetarian cheese bite jalapeño,vegetarian-vegan-and-plant-based
588090,33274,Kips Plantaardige tonijnspread,Kips,vegetarisch-vegan-en-plantaardig,"Vegetarisch, vegan en plantaardig",Plantaardige spreads,2.79,2.79,,,,,125 g,prijs per kg €22.32,False,,,,,C,True,AH,https://www.ah.nl/producten/product/wi588090,2026-08-09,Kips Vegetable tuna spread,vegetarian-vegan-and-plant-based
605205,59979,Rude Health Barista hazelnut,Rude Health,vegetarisch-vegan-en-plantaardig,"Vegetarisch, vegan en plantaardig",Haverdrink,2.99,2.99,,,,,1 l,prijs per liter €2.99,False,,,,,D,True,AH,https://www.ah.nl/producten/product/wi605205,2026-08-09,Rude Health Barista hazelnut,vegetarian-vegan-and-plant-based
598693,47353,AH Terra Groentespread edamame sesam-smaak,AH Terra,vegetarisch-vegan-en-plantaardig,"Vegetarisch, vegan en plantaardig",Plantaardige spreads,1.99,1.99,,,,,150 g,prijs per kg €13.27,False,,,,,B,True,AH,https://www.ah.nl/producten/product/wi598693,2026-08-09,AH Terra Vegetable spread edamame sesame flavor,vegetarian-vegan-and-plant-based
537043,666199,Princes Plantaardige tonijn met groenten in saus,Princes,vegetarisch-vegan-en-plantaardig,"Vegetarisch, vegan en plantaardig",Visvervangers,1.69,2.99,43.5,voor 1.69,1.69,,170 g,normale prijs per kg €17.59,True,AH,VOOR 1.69,2026-08-10,2026-08-16,C,True,AH,https://www.ah.nl/producten/product/wi537043,2026-08-09,Princes Plantaardige tonijn met groenten in saus,vegetarian-vegan-and-plant-based
588092,33269,AH Terra Plantaardige salade sea cocktail,AH Terra,vegetarisch-vegan-en-plantaardig,"Vegetarisch, vegan en plantaardig",Plantaardige spreads,2.39,2.39,,,,,150 g,prijs per kg €15.93,False,,,,,D,True,AH,https://www.ah.nl/producten/product/wi588092,2026-08-09,AH Terra Plantaardige salade sea cocktail,vegetarian-vegan-and-plant-based
621530,0,AH Excellent Truffelpate 2-pack,AH Excellent,vegetarisch-vegan-en-plantaardig,"Vegetarisch, vegan en plantaardig",Vegetarische spreads,4.25,4.38,3.0,3% volume voordeel,,,2 stuks,,True,AHOO,3% volume voordeel,2026-08-09,2999-12-31,,True,AH,https://www.ah.nl/producten/product/wi621530,2026-08-09,AH Excellent Truffle Pate 2-pack,vegetarian-vegan-and-plant-based
621531,0,AH Excellent Truffelpate 3-pack,AH Excellent,vegetarisch-vegan-en-plantaardig,"Vegetarisch, vegan en plantaardig",Vegetarische spreads,6.11,6.57,7.0,7% volume voordeel,,,3 stuks,,True,AHOO,7% volume voordeel,2026-08-09,2999-12-31,,True,AH,https://www.ah.nl/producten/product/wi621531,2026-08-09,AH Excellent Truffelpate 3-pack,vegetarian-vegan-and-plant-based
621532,0,AH Excellent Truffelpate 4-pack,AH Excellent,vegetarisch-vegan-en-plantaardig,"Vegetarisch, vegan en plantaardig",Vegetarische spreads,7.88,8.76,10.0,10% volume voordeel,,,4 stuks,,True,AHOO,10% volume voordeel,2026-08-09,2999-12-31,,True,AH,https://www.ah.nl/producten/product/wi621532,2026-08-09,AH Excellent Truffelpate 4-pack,vegetarian-vegan-and-plant-based
588091,33275,Kips Plantaardige zalmspread,Kips,vegetarisch-vegan-en-plantaardig,"Vegetarisch, vegan en plantaardig",Plantaardige spreads,2.79,2.79,,,,,125 g,prijs per kg €22.32,False,,,,,D,True,AH,https://www.ah.nl/producten/product/wi588091,2026-08-09,Kips Vegetable salmon spread,vegetarian-vegan-and-plant-based
601594,52650,Oatly! Barista jigger,Oatly!,vegetarisch-vegan-en-plantaardig,"Vegetarisch, vegan en plantaardig",Haverdrink,14.99,14.99,,,,,100 stuks,,False,,,,,D,True,AH,https://www.ah.nl/producten/product/wi601594,2026-08-09,Oatly! Barista jigger,vegetarian-vegan-and-plant-based
612628,68567,Planted Steak herbs,Planted,vegetarisch-vegan-en-plantaardig,"Vegetarisch, vegan en plantaardig",Vegetarische steak,5.99,5.99,,,,,160 g,prijs per kg €37.44,False,,,,,B,True,AH,https://www.ah.nl/producten/product/wi612628,2026-08-09,Planted steak herbs,vegetarian-vegan-and-plant-based
580203,23406,MamasChai Masala chai drink,MamasChai,vegetarisch-vegan-en-plantaardig,"Vegetarisch, vegan en plantaardig","Amandel, cashewdrink",3.39,3.39,,,,,1 l,prijs per liter €3.39,False,,,,,C,True,AH,https://www.ah.nl/producten/product/wi580203,2026-08-09,MamasChai Masala chai drink,vegetarian-vegan-and-plant-based
451722,582905,AH Plantaardige hummus zongedroogde tomaat,AH,vegetarisch-vegan-en-plantaardig,"Vegetarisch, vegan en plantaardig",Hummus met smaakje,1.39,1.39,,,,,200 g,prijs per kg €6.95,False,,,,,C,True,AH,https://www.ah.nl/producten/product/wi451722,2026-08-09,AH Vegetable hummus sun-dried tomato,vegetarian-vegan-and-plant-based
564796,2455,AH Terra Plantaardig rulgehakt,AH Terra,vegetarisch-vegan-en-plantaardig,"Vegetarisch, vegan en plantaardig",Vegetarisch gehakt,1.55,1.55,,,,,200 g,prijs per kg €7.75,False,,,,,A,True,AH,https://www.ah.nl/producten/product/wi564796,2026-08-09,AH Terra Vegetable minced meat,vegetarian-vegan-and-plant-based
563701,1197,AH Terra Plantaardige burger,AH Terra,vegetarisch-vegan-en-plantaardig,"Vegetarisch, vegan en plantaardig",Vegetarische burgers,1.39,1.39,,,,,200 g,prijs per kg €6.95,False,,,,,A,True,AH,https://www.ah.nl/producten/product/wi563701,2026-08-09,AH Terra Plant-based burger,vegetarian-vegan-and-plant-based
564890,2470,AH Terra Biologische falafel,AH Terra,vegetarisch-vegan-en-plantaardig,"Vegetarisch, vegan en plantaardig",Falafel,2.35,2.35,,,,,325 g,prijs per kg €7.23,False,,,,,A,True,AH,https://www.ah.nl/producten/product/wi564890,2026-08-09,AH Terra Organic falafel,vegetarian-vegan-and-plant-based
563704,1200,AH Terra Plantaardige krokante kipschnitzel,AH Terra,vegetarisch-vegan-en-plantaardig,"Vegetarisch, vegan en plantaardig",Vegetarische schnitzel,1.95,1.95,,,,,200 g,prijs per kg €9.75,False,,,,,C,True,AH,https://www.ah.nl/producten/product/wi563704,2026-08-09,AH Terra Plantaardige krokante kipschnitzel,vegetarian-vegan-and-plant-based
519526,2451,AH Terra Plantaardige spekjes,AH Terra,vegetarisch-vegan-en-plantaardig,"Vegetarisch, vegan en plantaardig",Vegetarische spekjes,1.49,1.49,,,,,140 g,prijs per kg €10.64,False,,,,,D,True,AH,https://www.ah.nl/producten/product/wi519526,2026-08-09,AH Terra Vegetable bacon,vegetarian-vegan-and-plant-based
564793,2450,AH Terra Biologische falafel,AH Terra,vegetarisch-vegan-en-plantaardig,"Vegetarisch, vegan en plantaardig",Falafel,1.49,1.49,,,,,200 g,prijs per kg €7.45,False,,,,,A,True,AH,https://www.ah.nl/producten/product/wi564793,2026-08-09,AH Terra Organic falafel,vegetarian-vegan-and-plant-based
565424,2913,AH Terra Plantaardige rasp mild,AH Terra,vegetarisch-vegan-en-plantaardig,"Vegetarisch, vegan en plantaardig",Plantaardige kaas voor maaltijden,1.55,1.55,,,,,200 g,prijs per kg €7.75,False,,,,,E,True,AH,https://www.ah.nl/producten/product/wi565424,2026-08-09,AH Terra Plantaardige rasp mild,vegetarian-vegan-and-plant-based
482834,737528,AH Terra Plantaardige balletjes,AH Terra,vegetarisch-vegan-en-plantaardig,"Vegetarisch, vegan en plantaardig",Vega balletjes,2.65,2.65,,,,,350 g,prijs per kg €7.57,False,,,,,A,True,AH,https://www.ah.nl/producten/product/wi482834,2026-08-09,AH Terra Plantaardige balletjes,vegetarian-vegan-and-plant-based
560661,55112,AH Terra Plantaardige kruiden créme,AH Terra,vegetarisch-vegan-en-plantaardig,"Vegetarisch, vegan en plantaardig",Plantaardige kaas voor de borrel,1.15,1.15,,,,,100 g,prijs per kg €11.50,False,,,,,E,True,AH,https://www.ah.nl/producten/product/wi560661,2026-08-09,AH Terra Vegetable herbal cream,vegetarian-vegan-and-plant-based
437119,64182,AH Terra AH Terra champignon burger,AH Terra,vegetarisch-vegan-en-plantaardig,"Vegetarisch, vegan en plantaardig",Vegetarische burgers,2.69,2.69,,,,,160 g,prijs per kg €16.81,False,,,,,C,True,AH,https://www.ah.nl/producten/product/wi437119,2026-08-09,AH Terra AH Terra mushroom burger,vegetarian-vegan-and-plant-based
565737,3422,AH Terra Groenteschnitzel,AH Terra,vegetarisch-vegan-en-plantaardig,"Vegetarisch, vegan en plantaardig",Vegetarische schnitzel,1.69,1.69,,,,,200 g,prijs per kg €8.45,False,,,,,A,True,AH,https://www.ah.nl/producten/product/wi565737,2026-08-09,AH Terra Groenteschnitzel,vegetarian-vegan-and-plant-based
564794,2452,AH Terra Plantaardige shoarma,AH Terra,vegetarisch-vegan-en-plantaardig,"Vegetarisch, vegan en plantaardig","Vegetarische shoarma, gyros, kebab",1.79,1.79,,,,,175 g,prijs per kg €10.23,False,,,,,A,True,AH,https://www.ah.nl/producten/product/wi564794,2026-08-09,AH Terra Plantaardige shoarma,vegetarian-vegan-and-plant-based
227410,820943,Smaakt Seitan naturel,Smaakt,vegetarisch-vegan-en-plantaardig,"Vegetarisch, vegan en plantaardig",Seitan,6.19,6.19,,,,,350 g,prijs per kg €30.95,False,,,,,A,True,AH,https://www.ah.nl/producten/product/wi227410,2026-08-09,Smaakt Seitan naturel,vegetarian-vegan-and-plant-based
587279,32440,Vivera Zachte tofu,Vivera,vegetarisch-vegan-en-plantaardig,"Vegetarisch, vegan en plantaardig",Tofu,1.99,1.99,,,,,550 g,prijs per kg €7.11,False,,,,,A,True,AH,https://www.ah.nl/producten/product/wi587279,2026-08-09,Vivera Soft tofu,vegetarian-vegan-and-plant-based
621454,0,AH Excellent Aspergepate 2-pack,AH Excellent,vegetarisch-vegan-en-plantaardig,"Vegetarisch, vegan en plantaardig",Vegetarische spreads,,,3.0,3% volume voordeel,,,2 stuks,,True,AH,3% volume voordeel,,,,True,AH,https://www.ah.nl/producten/product/wi621454,2026-08-09,AH Excellent Aspergepate 2-pack,vegetarian-vegan-and-plant-based
621455,0,AH Excellent Aspergepate 3-pack,AH Excellent,vegetarisch-vegan-en-plantaardig,"Vegetarisch, vegan en plantaardig",Vegetarische spreads,,,7.0,7% volume voordeel,,,3 stuks,,True,AH,7% volume voordeel,,,,True,AH,https://www.ah.nl/producten/product/wi621455,2026-08-09,AH Excellent Aspergepate 3-pack,vegetarian-vegan-and-plant-based
621456,0,AH Excellent Aspergepate 4-pack,AH Excellent,vegetarisch-vegan-en-plantaardig,"Vegetarisch, vegan en plantaardig",Vegetarische spreads,,,10.0,10% volume voordeel,,,4 stuks,,True,AH,10% volume voordeel,,,,True,AH,https://www.ah.nl/producten/product/wi621456,2026-08-09,AH Excellent Aspergepate 4-pack,vegetarian-vegan-and-plant-based
621499,0,AH Terra Plantaardige rosbief 4-pack,AH Terra,vegetarisch-vegan-en-plantaardig,"Vegetarisch, vegan en plantaardig",Plantaardige vleeswaren,10.11,10.76,6.0,6% volume voordeel,,,4 stuks,,True,AHOO,6% volume voordeel,2026-08-09,2999-12-31,,True,AH,https://www.ah.nl/producten/product/wi621499,2026-08-09,AH Terra Plantaardige rosbief 4-pack,vegetarian-vegan-and-plant-based
54074,508672,AH Komkommer,AH,groente-aardappelen,"Groente, aardappelen",Komkommer,0.99,0.99,,,,,per stuk,,False,,,,,A,True,AH,https://www.ah.nl/producten/product/wi54074,2026-08-09,AH Cucumber,vegetable potatoes
4117,646784,AH Paprika rood,AH,groente-aardappelen,"Groente, aardappelen",Paprika,0.99,0.99,,1 + 1 gratis,,1.0,per stuk,,True,AH,1 + 1 gratis,2026-08-10,2026-08-16,A,True,AH,https://www.ah.nl/producten/product/wi4117,2026-08-09,AH Paprika red,vegetable potatoes
4164,21003,AH Courgette,AH,groente-aardappelen,"Groente, aardappelen",Courgette,0.495,0.95,47.9,2 voor 0.99,0.99,2.0,per stuk,,True,AH,2 VOOR 0.99,2026-08-03,2026-08-09,A,True,AH,https://www.ah.nl/producten/product/wi4164,2026-08-09,AH Zucchini,vegetable potatoes
101130,529604,AH Biologisch Komkommer,AH Biologisch,groente-aardappelen,"Groente, aardappelen",Komkommer,1.65,1.65,,,,,per stuk,,False,,,,,A,True,AH,https://www.ah.nl/producten/product/wi101130,2026-08-09,AH Biologisch Komkommer,vegetable potatoes
4177,582666,AH Broccoli,AH,groente-aardappelen,"Groente, aardappelen",Broccoli,0.89,1.35,34.1,per 500 GRAM voor €0.89,0.89,500.0,500 g,normale prijs per kg €2.70,True,AH,500 GRAM VOOR 0.89,2026-08-10,2026-08-16,A,True,AH,https://www.ah.nl/producten/product/wi4177,2026-08-09,AH Broccoli,vegetable potatoes
41194,21006,AH Paprika mix,AH,groente-aardappelen,"Groente, aardappelen",Paprika,1.99,1.99,,,,,3 stuks,,False,,,,,A,True,AH,https://www.ah.nl/producten/product/wi41194,2026-08-09,AH Paprika mix,vegetable potatoes
169797,597702,AH Avocado,AH,groente-aardappelen,"Groente, aardappelen",Avocado,1.39,1.39,,,,,per stuk,,False,,,,,A,True,AH,https://www.ah.nl/producten/product/wi169797,2026-08-09,AH Avocado,vegetable potatoes
4137,36597,AH Cherrytomaten,AH,groente-aardappelen,"Groente, aardappelen",Tomaten,1.09,1.09,,,,,250 g,prijs per kg €4.36,False,,,,,A,True,AH,https://www.ah.nl/producten/product/wi4137,2026-08-09,AH Cherry tomatoes,vegetable potatoes
129400,571118,AH Avocado eetrijp,AH,groente-aardappelen,"Groente, aardappelen",Avocado,2.99,2.99,,,,,2 stuks,,False,,,,,A,True,AH,https://www.ah.nl/producten/product/wi129400,2026-08-09,AH Avocado eetrijp,vegetable potatoes
171425,767852,AH Prei,AH,groente-aardappelen,"Groente, aardappelen",Prei,0.75,0.75,,,,,per stuk,,False,,,,,A,True,AH,https://www.ah.nl/producten/product/wi171425,2026-08-09,AH Prei,vegetable potatoes
471641,723890,AH Snoepgroente tomaat,AH,groente-aardappelen,"Groente, aardappelen",Snoepgroente,3.29,3.29,,,,,500 g,prijs per kg €6.58,False,,,,,A,True,AH,https://www.ah.nl/producten/product/wi471641,2026-08-09,AH Candy vegetable tomato,vegetable potatoes
169813,599987,AH Bosui,AH,groente-aardappelen,"Groente, aardappelen",Ui,0.99,0.99,,,,,per bosje,,False,,,,,A,True,AH,https://www.ah.nl/producten/product/wi169813,2026-08-09,AH Bosui,vegetable potatoes
4180,809016,AH Aubergine,AH,groente-aardappelen,"Groente, aardappelen",Aubergine,0.645,0.99,34.8,2 voor 1.29,1.29,2.0,per stuk,,True,AH,2 voor 1.29,2026-08-10,2026-08-16,A,True,AH,https://www.ah.nl/producten/product/wi4180,2026-08-09,AH Eggplant,vegetable potatoes
502305,819328,AH Snoepgroente komkommer,AH,groente-aardappelen,"Groente, aardappelen",Snoepgroente,1.6667,2.19,23.9,3 voor 5.00,5.0,3.0,230 g,normale prijs per kg €9.52,True,AH,3 VOOR 5.00,2026-08-03,2026-08-09,A,True,AH,https://www.ah.nl/producten/product/wi502305,2026-08-09,AH Candy vegetable cucumber,vegetable potatoes
111767,555634,AH Rucola,AH,groente-aardappelen,"Groente, aardappelen",Sla,1.09,1.09,,,,,85 g,prijs per kg €12.82,False,,,,,A,True,AH,https://www.ah.nl/producten/product/wi111767,2026-08-09,AH Arugula,vegetable potatoes
4183,20960,AH Bloemkool,AH,groente-aardappelen,"Groente, aardappelen",Bloemkool,1.99,1.99,,VOOR 1.29,1.29,,per stuk,,True,AH,VOOR 1.29,2026-08-03,2026-08-09,A,True,AH,https://www.ah.nl/producten/product/wi4183,2026-08-09,AH Bloemkool,vegetable potatoes
123865,526638,AH Sweet palermo rode puntpaprika,AH,groente-aardappelen,"Groente, aardappelen",Paprika,1.69,1.69,,,,,2 stuks,,False,,,,,A,True,AH,https://www.ah.nl/producten/product/wi123865,2026-08-09,AH Sweet palermo rode puntpaprika,vegetable potatoes
123864,501842,AH Tasty Tom trostomaten,AH,groente-aardappelen,"Groente, aardappelen",Tomaten,2.79,2.79,,,,,380 g,prijs per kg €7.34,False,,,,,A,True,AH,https://www.ah.nl/producten/product/wi123864,2026-08-09,AH Tasty Tom vine tomatoes,vegetable potatoes
193247,794420,AH Fijngesneden ijsbergsla,AH,groente-aardappelen,"Groente, aardappelen",Sla,0.99,0.99,,,,,100 g,prijs per kg €9.90,False,,,,,A,True,AH,https://www.ah.nl/producten/product/wi193247,2026-08-09,AH Fijngesneden ijsbergsla,vegetable potatoes
165583,596488,AH Sweet cherry cherrytomaten,AH,groente-aardappelen,"Groente, aardappelen",Tomaten,2.99,2.99,,,,,250 g,prijs per kg €11.96,False,,,,,A,True,AH,https://www.ah.nl/producten/product/wi165583,2026-08-09,AH Sweet cherry cherrytomaten,vegetable potatoes
4088,582662,AH Tomaten,AH,groente-aardappelen,"Groente, aardappelen",Tomaten,1.79,1.79,,,,,500 g,prijs per kg €3.58,False,,,,,A,True,AH,https://www.ah.nl/producten/product/wi4088,2026-08-09,AH Tomatoes,vegetable potatoes
238834,831963,AH Witlof,AH,groente-aardappelen,"Groente, aardappelen",Witlof en roodlof,2.29,2.29,,,,,4 stuks,,False,,,,,A,True,AH,https://www.ah.nl/producten/product/wi238834,2026-08-09,AH Chicory,vegetable potatoes
4099,20952,AH Ijsbergsla,AH,groente-aardappelen,"Groente, aardappelen",Sla,1.09,1.09,,,,,per stuk,,False,,,,,A,True,AH,https://www.ah.nl/producten/product/wi4099,2026-08-09,AH Ijsbergsla,vegetable potatoes
611642,67842,AH Basilicum,AH,groente-aardappelen,"Groente, aardappelen",Verse kruiden,1.19,1.19,,,,,22 g,prijs per kg €54.09,False,,,,,A,True,AH,https://www.ah.nl/producten/product/wi611642,2026-08-09,AH Basilicum,vegetable potatoes
129684,583659,AH IJsbergsla,AH,groente-aardappelen,"Groente, aardappelen",Sla,1.09,1.09,,,,,200 g,prijs per kg €5.45,False,,,,,A,True,AH,https://www.ah.nl/producten/product/wi129684,2026-08-09,AH IJsbergsla,vegetable potatoes
4160,21023,AH Knoflook,AH,groente-aardappelen,"Groente, aardappelen",Knoflook,1.45,1.45,,,,,2 stuks,,False,,,,,A,True,AH,https://www.ah.nl/producten/product/wi4160,2026-08-09,AH Knoflook,vegetable potatoes
198690,583615,AH Mini krieltjes,AH,groente-aardappelen,"Groente, aardappelen",Krieltjes geschild,1.19,1.19,,,,,600 g,prijs per kg €1.98,False,,,,,A,True,AH,https://www.ah.nl/producten/product/wi198690,2026-08-09,AH Mini krieltjes,vegetable potatoes
389076,845953,AH Biologisch Trostomaten,AH Biologisch,groente-aardappelen,"Groente, aardappelen",Tomaten,2.99,2.99,,,,,500 g,prijs per kg €5.98,False,,,,,A,True,AH,https://www.ah.nl/producten/product/wi389076,2026-08-09,AH Organic Vine tomatoes,vegetable potatoes
185202,780552,AH Biologisch Courgette,AH Biologisch,groente-aardappelen,"Groente, aardappelen",Courgette,1.19,1.19,,,,,per stuk,,False,,,,,A,True,AH,https://www.ah.nl/producten/product/wi185202,2026-08-09,AH Biologisch Courgette,vegetable potatoes
4169,21012,AH Witte champignons,AH,groente-aardappelen,"Groente, aardappelen",Champignons,1.25,1.25,,,,,250 g,prijs per kg €5.00,False,,,,,A,True,AH,https://www.ah.nl/producten/product/wi4169,2026-08-09,AH Witte champignons,vegetable potatoes
4102,582663,AH Sperziebonen,AH,groente-aardappelen,"Groente, aardappelen",Sperziebonen,2.49,2.49,,,,,500 g,prijs per kg €4.98,False,,,,,A,True,AH,https://www.ah.nl/producten/product/wi4102,2026-08-09,AH Sperziebonen,vegetable potatoes
4083,20988,AH Gele uien,AH,groente-aardappelen,"Groente, aardappelen",Ui,1.65,1.65,,,,,1 kg,prijs per kg €1.65,False,,,,,A,True,AH,https://www.ah.nl/producten/product/wi4083,2026-08-09,AH Yellow onions,vegetable potatoes
104818,526617,AH Biologisch Gember,AH Biologisch,groente-aardappelen,"Groente, aardappelen",Gember en pepers,2.19,2.19,,,,,150 g,prijs per kg €14.60,False,,,,,A,True,AH,https://www.ah.nl/producten/product/wi104818,2026-08-09,AH Biologisch Gember,vegetable potatoes
128148,583663,AH Geschrapte worteltjes grootverpakking,AH,groente-aardappelen,"Groente, aardappelen",Wortel en peen,1.79,1.79,,,,,500 g,prijs per kg €3.58,False,,,,,A,True,AH,https://www.ah.nl/producten/product/wi128148,2026-08-09,AH Geschrapte worteltjes grootverpakking,vegetable potatoes
395946,847344,AH Sperziebonen,AH,groente-aardappelen,"Groente, aardappelen",Sperziebonen,2.39,2.39,,VOOR 1.79,1.79,,400 g,normale prijs per kg €5.98,True,AH,VOOR 1.79,2026-08-03,2026-08-09,A,True,AH,https://www.ah.nl/producten/product/wi395946,2026-08-09,AH Sperziebonen,vegetable potatoes
490796,745269,AH Snoepgroente tomaat,AH,groente-aardappelen,"Groente, aardappelen",Snoepgroente,1.6667,2.29,27.2,3 voor 5.00,5.0,3.0,250 g,normale prijs per kg €9.16,True,AH,3 VOOR 5.00,2026-08-03,2026-08-09,A,True,AH,https://www.ah.nl/producten/product/wi490796,2026-08-09,AH Candy vegetable tomato,vegetable potatoes
394821,846713,AH Snoepgroente worteltjes,AH,groente-aardappelen,"Groente, aardappelen",Snoepgroente,0.99,0.99,,,,,150 g,prijs per kg €6.60,False,,,,,A,True,AH,https://www.ah.nl/producten/product/wi394821,2026-08-09,AH Snoepgroente worteltjes,vegetable potatoes
425999,692778,AH Biologisch Zoete puntpaprika,AH Biologisch,groente-aardappelen,"Groente, aardappelen",Paprika,2.99,2.99,,,,,2 stuks,,False,,,,,A,True,AH,https://www.ah.nl/producten/product/wi425999,2026-08-09,AH Biologisch Zoete puntpaprika,vegetable potatoes
2226,80364,AH Tomatenpuree,AH,groente-aardappelen,"Pasta, rijst, wereldkeuken",Tomatenpuree,0.49,0.49,,,,,70 g,prijs per kg €7.00,False,,,,,A,True,AH,https://www.ah.nl/producten/product/wi2226,2026-08-09,AH Tomatenpuree,vegetable potatoes
99036,538981,AH Winterpeen,AH,groente-aardappelen,"Groente, aardappelen",Wortel en peen,0.35,0.35,,,,,per stuk,,False,,,,,,True,AH,https://www.ah.nl/producten/product/wi99036,2026-08-09,AH Winter carrot,vegetable potatoes
455430,711407,AH Finest Red Nederlandse trostomaten,AH,groente-aardappelen,"Groente, aardappelen",Tomaten,2.49,2.49,,,,,450 g,prijs per kg €5.53,False,,,,,A,True,AH,https://www.ah.nl/producten/product/wi455430,2026-08-09,AH Finest Red Dutch vine tomatoes,vegetable potatoes
41080,91082,AH Roerbakgroente Italiaans,AH,groente-aardappelen,"Groente, aardappelen",Roerbakgroente,1.995,2.29,12.9,2 voor 3.99,3.99,2.0,400 g,normale prijs per kg €5.73,True,AH,2 voor 3.99,2026-08-10,2026-08-16,A,True,AH,https://www.ah.nl/producten/product/wi41080,2026-08-09,AH Roerbakgroente Italiaans,vegetable potatoes
525254,747629,AH Mini krieltjes bistro,AH,groente-aardappelen,"Groente, aardappelen",Krieltjes geschild,1.09,1.09,,VOOR 0.89,0.89,,450 g,normale prijs per kg €2.42,True,AH,VOOR 0.89,2026-08-03,2026-08-09,B,True,AH,https://www.ah.nl/producten/product/wi525254,2026-08-09,AH Mini krieltjes bistro,vegetable potatoes
96049,549729,AH Iets kruimige aardappel,AH,groente-aardappelen,"Groente, aardappelen",Iets kruimige aardappelen,3.85,3.85,,,,,3 kg,prijs per kg €1.28,False,,,,,B,True,AH,https://www.ah.nl/producten/product/wi96049,2026-08-09,AH Iets kruimige aardappel,vegetable potatoes
155600,622991,AH Aardappelschijfjes,AH,groente-aardappelen,"Groente, aardappelen",Aardappelschijfjes,1.19,1.19,,,,,600 g,prijs per kg €1.98,False,,,,,A,True,AH,https://www.ah.nl/producten/product/wi155600,2026-08-09,AH Potato slices,vegetable potatoes
221495,815501,AH Wortelen,AH,groente-aardappelen,"Groente, aardappelen",Wortel en peen,1.29,1.29,,,,,500 g,prijs per kg €2.58,False,,,,,A,True,AH,https://www.ah.nl/producten/product/wi221495,2026-08-09,AH Carrots,vegetable potatoes
502389,813914,AH Biologisch Snoepgroente tomaat,AH Biologisch,groente-aardappelen,"Groente, aardappelen",Snoepgroente,3.99,3.99,,,,,400 g,prijs per kg €9.98,False,,,,,A,True,AH,https://www.ah.nl/producten/product/wi502389,2026-08-09,AH Biologisch Snoepgroente tomaat,vegetable potatoes
415248,686902,AH Biologisch Paprika duo,AH Biologisch,groente-aardappelen,"Groente, aardappelen",Paprika,2.99,2.99,,,,,2 stuks,,False,,,,,A,True,AH,https://www.ah.nl/producten/product/wi415248,2026-08-09,AH Biologisch Paprika duo,vegetable potatoes
567548,0,AH Groene pesto 4-pack,AH,groente-aardappelen,"Soepen, sauzen, kruiden, olie",Kappertjes,8.98,11.96,24.9,pakketkorting,,,4 stuks,,True,AHOO,,2026-08-09,2026-08-09,,True,AH,https://www.ah.nl/producten/product/wi567548,2026-08-09,AH Green pesto 4-pack,vegetable potatoes
481844,736631,AH Tomaten passata gezeefd,AH,groente-aardappelen,"Pasta, rijst, wereldkeuken","Gezeefde tomaten, frito, passata",0.75,0.75,,,,,500 g,prijs per kg €1.50,False,,,,,A,True,AH,https://www.ah.nl/producten/product/wi481844,2026-08-09,AH Tomaten passata gezeefd,vegetable potatoes
525847,738410,AH Gele uien,AH,groente-aardappelen,"Groente, aardappelen",Ui,1.09,1.09,,,,,3 stuks,,False,,,,,A,True,AH,https://www.ah.nl/producten/product/wi525847,2026-08-09,AH Yellow onions,vegetable potatoes
466127,715890,AH Biologisch Broccoli,AH Biologisch,groente-aardappelen,"Groente, aardappelen",Broccoli,2.79,2.79,,,,,per stuk,,False,,,,,A,True,AH,https://www.ah.nl/producten/product/wi466127,2026-08-09,AH Biologisch Broccoli,vegetable potatoes
111781,563896,AH Geschrapte worteltjes,AH,groente-aardappelen,"Groente, aardappelen",Wortel en peen,1.29,1.29,,,,,300 g,prijs per kg €4.30,False,,,,,A,True,AH,https://www.ah.nl/producten/product/wi111781,2026-08-09,AH Scraped carrots,vegetable potatoes
395948,847346,AH Spinazie kleinverpakking,AH,groente-aardappelen,"Groente, aardappelen",Spinazie (vers),1.69,1.69,,,,,200 g,prijs per kg €8.45,False,,,,,A,True,AH,https://www.ah.nl/producten/product/wi395948,2026-08-09,AH Spinazie kleinverpakking,vegetable potatoes
107685,534133,AH Romaatjes,AH,groente-aardappelen,"Groente, aardappelen",Tomaten,2.09,2.09,,,,,250 g,prijs per kg €8.36,False,,,,,A,True,AH,https://www.ah.nl/producten/product/wi107685,2026-08-09,AH Romaatoes,vegetable potatoes
615295,0,AH Spinazie kleinverpakking 2-pack,AH,groente-aardappelen,"Groente, aardappelen",Spinazie (vers),3.21,3.38,5.0,5% volume voordeel,,,2 stuks,,True,AHOO,5% volume voordeel,2026-08-09,2999-12-31,,True,AH,https://www.ah.nl/producten/product/wi615295,2026-08-09,AH Spinach small package 2-pack,vegetable potatoes
368705,834546,AH Paprika geel,AH,groente-aardappelen,"Groente, aardappelen",Paprika,1.09,1.09,,1 + 1 gratis,,1.0,per stuk,,True,AH,1 + 1 gratis,2026-08-10,2026-08-16,A,True,AH,https://www.ah.nl/producten/product/wi368705,2026-08-09,AH Paprika geel,vegetable potatoes
395960,847359,AH Spinazie,AH,groente-aardappelen,"Groente, aardappelen",Spinazie (vers),0.99,2.19,54.8,voor 0.99,0.99,,450 g,normale prijs per kg €4.87,True,AH,VOOR 0.99,2026-08-10,2026-08-16,A,True,AH,https://www.ah.nl/producten/product/wi395960,2026-08-09,AH Spinazie,vegetable potatoes
67874,537853,AH Roma tomaten,AH,groente-aardappelen,"Groente, aardappelen",Tomaten,2.89,2.89,,,,,750 g,prijs per kg €3.85,False,,,,,A,True,AH,https://www.ah.nl/producten/product/wi67874,2026-08-09,AH Roma tomaten,vegetable potatoes
615296,0,AH Spinazie kleinverpakking 3-pack,AH,groente-aardappelen,"Groente, aardappelen",Spinazie (vers),4.56,5.07,10.0,10% volume voordeel,,,3 stuks,,True,AHOO,10% volume voordeel,2026-08-09,2999-12-31,,True,AH,https://www.ah.nl/producten/product/wi615296,2026-08-09,AH Spinazie kleinverpakking 3-pack,vegetable potatoes
561136,581596,AH Biologisch Winterpeen,AH Biologisch,groente-aardappelen,"Groente, aardappelen",Wortel en peen,1.39,1.39,,,,,750 g,prijs per kg €1.85,False,,,,,A,True,AH,https://www.ah.nl/producten/product/wi561136,2026-08-09,AH Organic Winter Carrots,vegetable potatoes
490280,744328,AH Rode uien,AH,groente-aardappelen,"Groente, aardappelen",Ui,1.09,1.09,,,,,3 stuks,,False,,,,,A,True,AH,https://www.ah.nl/producten/product/wi490280,2026-08-09,AH Rode uien,vegetable potatoes
449311,708785,AH Biologisch Baby romaine,AH Biologisch,groente-aardappelen,"Groente, aardappelen",Sla,2.39,2.39,,,,,2 stuks,,False,,,,,A,True,AH,https://www.ah.nl/producten/product/wi449311,2026-08-09,AH Biologisch Baby romaine,vegetable potatoes
114589,517459,AH Biologisch Avocado,AH Biologisch,groente-aardappelen,"Groente, aardappelen",Avocado,2.99,2.99,,,,,2 stuks,,False,,,,,A,True,AH,https://www.ah.nl/producten/product/wi114589,2026-08-09,AH Biologisch Avocado,vegetable potatoes
111388,549733,AH Iets kruimige aardappelen,AH,groente-aardappelen,"Groente, aardappelen",Iets kruimige aardappelen,1.29,1.29,,,,,1 kg,prijs per kg €1.29,False,,,,,B,True,AH,https://www.ah.nl/producten/product/wi111388,2026-08-09,AH Slightly floury potatoes,vegetable potatoes
218641,813831,AH Biologisch Rode bieten gekookt,AH Biologisch,groente-aardappelen,"Groente, aardappelen",Rode bieten,1.65,1.65,,,,,500 g,prijs per kg €3.30,False,,,,,A,True,AH,https://www.ah.nl/producten/product/wi218641,2026-08-09,AH Organic Boiled beetroot,vegetable potatoes
167873,644793,AH Terra Kikkererwten,AH Terra,groente-aardappelen,"Soepen, sauzen, kruiden, olie",Kikkererwten,0.99,0.99,,,,,400 g,prijs per kg €3.74,False,,,,,A,True,AH,https://www.ah.nl/producten/product/wi167873,2026-08-09,AH Terra Kikkererwten,vegetable potatoes
579310,22924,AH Sweet Palermo rode puntpaprika,AH,groente-aardappelen,"Groente, aardappelen",Paprika,3.29,3.29,,,,,500 g,prijs per kg €6.58,False,,,,,A,True,AH,https://www.ah.nl/producten/product/wi579310,2026-08-09,AH Sweet Palermo red pointed pepper,vegetable potatoes
164358,636033,AH Oranje zoete aardappel,AH,groente-aardappelen,"Groente, aardappelen",Zoete aardappelen,3.49,3.49,,,,,1 kg,prijs per kg €3.49,False,,,,,B,True,AH,https://www.ah.nl/producten/product/wi164358,2026-08-09,AH Orange sweet potato,vegetable potatoes
387770,845187,AH Rode peper,AH,groente-aardappelen,"Groente, aardappelen",Gember en pepers,0.49,0.49,,,,,per stuk,,False,,,,,A,True,AH,https://www.ah.nl/producten/product/wi387770,2026-08-09,AH Rode peper,vegetable potatoes
67907,540287,AH Krieltjes,AH,groente-aardappelen,"Groente, aardappelen",Krieltjes geschild,1.09,1.09,,VOOR 0.89,0.89,,500 g,normale prijs per kg €2.18,True,AH,VOOR 0.89,2026-08-03,2026-08-09,B,True,AH,https://www.ah.nl/producten/product/wi67907,2026-08-09,AH Krieltjes,vegetable potatoes
3840,46102,AH IJsbergsla melange,AH,groente-aardappelen,"Groente, aardappelen",Sla,1.39,1.39,,2e Halve Prijs,,2.0,200 g,normale prijs per kg €6.95,True,AH,2e Halve Prijs,2026-08-03,2026-08-09,A,True,AH,https://www.ah.nl/producten/product/wi3840,2026-08-09,AH IJsbergsla melange,vegetable potatoes
465601,714549,AH Snoepgroente tomaat,AH,groente-aardappelen,"Groente, aardappelen",Snoepgroente,5.99,5.99,,,,,1 kg,prijs per kg €5.99,False,,,,,A,True,AH,https://www.ah.nl/producten/product/wi465601,2026-08-09,AH Candy vegetable tomato,vegetable potatoes
127259,559681,AH Snijbonen,AH,groente-aardappelen,"Groente, aardappelen",Snijbonen,2.59,2.59,,,,,400 g,prijs per kg €6.48,False,,,,,A,True,AH,https://www.ah.nl/producten/product/wi127259,2026-08-09,AH Snijbonen,vegetable potatoes
502289,818887,AH Snoepgroente paprikamix,AH,groente-aardappelen,"Groente, aardappelen",Snoepgroente,1.6667,2.29,27.2,3 voor 5.00,5.0,3.0,175 g,normale prijs per kg €13.09,True,AH,3 VOOR 5.00,2026-08-03,2026-08-09,A,True,AH,https://www.ah.nl/producten/product/wi502289,2026-08-09,AH Candy vegetable pepper mix,vegetable potatoes
800,48118,AH Maiskorrels fris en knapperig,AH,groente-aardappelen,"Soepen, sauzen, kruiden, olie",Mais conserven,1.19,1.19,,,,,340 g,prijs per kg €4.18,False,,,,,A,True,AH,https://www.ah.nl/producten/product/wi800,2026-08-09,AH Maiskorrels fris en knapperig,vegetable potatoes
439146,70928,AH Rode uien,AH,groente-aardappelen,"Groente, aardappelen",Ui,1.39,1.39,,,,,1 kg,prijs per kg €1.39,False,,,,,A,True,AH,https://www.ah.nl/producten/product/wi439146,2026-08-09,AH Rode uien,vegetable potatoes
62661,526266,AH Rucola slamelange,AH,groente-aardappelen,"Groente, aardappelen",Sla,1.39,1.39,,2e Halve Prijs,,2.0,75 g,normale prijs per kg €18.53,True,AH,2e Halve Prijs,2026-08-03,2026-08-09,A,True,AH,https://www.ah.nl/producten/product/wi62661,2026-08-09,AH Arugula salad mix,vegetable potatoes
235203,828280,AH Biologisch Spinazie,AH Biologisch,groente-aardappelen,"Groente, aardappelen",Spinazie (vers),2.79,2.79,,,,,200 g,prijs per kg €13.95,False,,,,,A,True,AH,https://www.ah.nl/producten/product/wi235203,2026-08-09,AH Organic Spinach,vegetable potatoes
238971,831603,AH Platte peterselie,AH,groente-aardappelen,"Groente, aardappelen",Verse kruiden,1.19,1.19,,,,,15 g,prijs per kg €79.33,False,,,,,A,True,AH,https://www.ah.nl/producten/product/wi238971,2026-08-09,AH Platte peterselie,vegetable potatoes
482757,737742,AH Aardappelen kruimig,AH,groente-aardappelen,"Groente, aardappelen",Stamppot aardappelen,1.49,1.49,,,,,800 g,prijs per kg €1.86,False,,,,,B,True,AH,https://www.ah.nl/producten/product/wi482757,2026-08-09,AH Potatoes floury,vegetable potatoes
128874,537135,AH Biologisch Paprika rood,AH Biologisch,groente-aardappelen,"Groente, aardappelen",Paprika,1.45,1.45,,,,,per stuk,,False,,,,,A,True,AH,https://www.ah.nl/producten/product/wi128874,2026-08-09,AH Biologisch Paprika rood,vegetable potatoes
30428,83690,AH Terra Kidneybonen,AH Terra,groente-aardappelen,"Soepen, sauzen, kruiden, olie",Kidney bonen,0.65,0.65,,,,,400 g,prijs per kg €2.60,False,,,,,A,True,AH,https://www.ah.nl/producten/product/wi30428,2026-08-09,AH Terra Kidneybonen,vegetable potatoes
441049,704657,AH Radijs,AH,groente-aardappelen,"Groente, aardappelen",Radijs,0.79,0.79,,,,,200 g,prijs per kg €3.95,False,,,,,A,True,AH,https://www.ah.nl/producten/product/wi441049,2026-08-09,AH Radish,vegetable potatoes
476241,729095,AH Mini krieltjes,AH,groente-aardappelen,"Groente, aardappelen",Krieltjes geschild,0.95,0.95,,VOOR 0.89,0.89,,450 g,normale prijs per kg €2.11,True,AH,VOOR 0.89,2026-08-03,2026-08-09,A,True,AH,https://www.ah.nl/producten/product/wi476241,2026-08-09,AH Mini krieltjes,vegetable potatoes
104817,510567,AH Peen julienne,AH,groente-aardappelen,"Groente, aardappelen",Wortel en peen,1.19,1.19,,,,,150 g,prijs per kg €7.93,False,,,,,A,True,AH,https://www.ah.nl/producten/product/wi104817,2026-08-09,AH Peen julienne,vegetable potatoes
382984,842312,AH Kropsla,AH,groente-aardappelen,"Groente, aardappelen",Sla,0.99,0.99,,,,,per stuk,,False,,,,,,True,AH,https://www.ah.nl/producten/product/wi382984,2026-08-09,AH Head lettuce,vegetable potatoes
230848,817389,AH Sperziebonen kleinverpakking,AH,groente-aardappelen,"Groente, aardappelen",Sperziebonen,1.99,1.99,,,,,200 g,prijs per kg €9.95,False,,,,,A,True,AH,https://www.ah.nl/producten/product/wi230848,2026-08-09,AH Green beans small package,vegetable potatoes
418283,689618,AH Roerbakgroente Italiaans fijngesneden,AH,groente-aardappelen,"Groente, aardappelen",Roerbakgroente,1.995,2.99,33.3,2 voor 3.99,3.99,2.0,400 g,normale prijs per kg €7.48,True,AH,2 voor 3.99,2026-08-10,2026-08-16,A,True,AH,https://www.ah.nl/producten/product/wi418283,2026-08-09,"AH Italian stir-fry vegetables, finely chopped",vegetable potatoes
490798,745271,AH Snoepgroente komkommer,AH,groente-aardappelen,"Groente, aardappelen",Snoepgroente,3.39,3.39,,,,,400 g,prijs per kg €8.48,False,,,,,A,True,AH,https://www.ah.nl/producten/product/wi490798,2026-08-09,AH Candy vegetable cucumber,vegetable potatoes
185774,521755,AH Biologisch Knoflook,AH Biologisch,groente-aardappelen,"Groente, aardappelen",Knoflook,1.45,1.45,,,,,100 g,prijs per kg €14.50,False,,,,,A,True,AH,https://www.ah.nl/producten/product/wi185774,2026-08-09,AH Biologisch Knoflook,vegetable potatoes
615293,0,AH Sperziebonen kleinverpakking 2-pack,AH,groente-aardappelen,"Groente, aardappelen",Sperziebonen,3.78,3.98,5.0,5% volume voordeel,,,2 stuks,,True,AHOO,5% volume voordeel,2026-08-09,2999-12-31,,True,AH,https://www.ah.nl/producten/product/wi615293,2026-08-09,AH Sperziebonen kleinverpakking 2-pack,vegetable potatoes
509288,712412,AH Maiskorrels fris en knapperig 3-pack,AH,groente-aardappelen,"Soepen, sauzen, kruiden, olie",Mais conserven,1.99,1.99,,,,,450 g,prijs per kg €14.21,False,,,,,A,True,AH,https://www.ah.nl/producten/product/wi509288,2026-08-09,AH Maiskorrels fris en knapperig 3-pack,vegetable potatoes
615294,0,AH Sperziebonen kleinverpakking 3-pack,AH,groente-aardappelen,"Groente, aardappelen",Sperziebonen,5.37,5.97,10.0,10% volume voordeel,,,3 stuks,,True,AHOO,10% volume voordeel,2026-08-09,2999-12-31,,True,AH,https://www.ah.nl/producten/product/wi615294,2026-08-09,AH Green beans small package 3-pack,vegetable potatoes
497411,798683,AH Mini krieltjes BBQ,AH,groente-aardappelen,"Groente, aardappelen",Krieltjes geschild,1.29,1.29,,,,,600 g,prijs per kg €2.15,False,,,,,B,True,AH,https://www.ah.nl/producten/product/wi497411,2026-08-09,AH Mini krieltjes BBQ,vegetable potatoes
67593,60443,AH Veldsla,AH,groente-aardappelen,"Groente, aardappelen",Sla,1.29,1.29,,,,,85 g,prijs per kg €15.18,False,,,,,A,True,AH,https://www.ah.nl/producten/product/wi67593,2026-08-09,AH Veldsla,vegetable potatoes
476742,730437,AH Biologisch Rucola,AH Biologisch,groente-aardappelen,"Groente, aardappelen",Sla,1.39,1.39,,,,,40 g,prijs per kg €34.75,False,,,,,A,True,AH,https://www.ah.nl/producten/product/wi476742,2026-08-09,AH Organic Arugula,vegetable potatoes
67842,535883,AH Witte champignons,AH,groente-aardappelen,"Groente, aardappelen",Champignons,1.99,1.99,,,,,400 g,prijs per kg €4.98,False,,,,,A,True,AH,https://www.ah.nl/producten/product/wi67842,2026-08-09,AH Witte champignons,vegetable potatoes
3527,80365,AH Tomatenpuree,AH,groente-aardappelen,"Pasta, rijst, wereldkeuken",Tomatenpuree,0.69,0.69,,,,,140 g,prijs per kg €4.93,False,,,,,A,True,AH,https://www.ah.nl/producten/product/wi3527,2026-08-09,AH Tomatenpuree,vegetable potatoes
494452,749690,AH Nasi groente,AH,groente-aardappelen,"Groente, aardappelen",Wokgroente,1.89,1.89,,,,,450 g,prijs per kg €4.20,False,,,,,A,True,AH,https://www.ah.nl/producten/product/wi494452,2026-08-09,AH Nasi groente,vegetable potatoes
4178,20948,AH Bleekselderij,AH,groente-aardappelen,"Groente, aardappelen",Bleekselderij,1.49,1.49,,,,,per stuk,,False,,,,,A,True,AH,https://www.ah.nl/producten/product/wi4178,2026-08-09,AH Celery,vegetable potatoes
494448,749686,AH Macaroni spaghetti groente,AH,groente-aardappelen,"Groente, aardappelen",Roerbakgroente,1.89,1.89,,,,,450 g,prijs per kg €4.20,False,,,,,A,True,AH,https://www.ah.nl/producten/product/wi494448,2026-08-09,AH Macaroni spaghetti groente,vegetable potatoes
4076,92890,AH Winterpeen,AH,groente-aardappelen,"Groente, aardappelen",Wortel en peen,1.39,1.39,,,,,1 kg,prijs per kg €1.39,False,,,,,A,True,AH,https://www.ah.nl/producten/product/wi4076,2026-08-09,AH Winter carrot,vegetable potatoes
611645,67845,AH Munt grootverpakking,AH,groente-aardappelen,"Groente, aardappelen",Verse kruiden,1.99,1.99,,,,,75 g,prijs per kg €26.53,False,,,,,A,True,AH,https://www.ah.nl/producten/product/wi611645,2026-08-09,AH Munt grootverpakking,vegetable potatoes
215683,809213,AH Krieltjes vastkokend,AH,groente-aardappelen,"Groente, aardappelen",Krieltjes ongeschild,2.39,2.39,,,,,1 kg,prijs per kg €2.39,False,,,,,B,True,AH,https://www.ah.nl/producten/product/wi215683,2026-08-09,AH Baking potatoes,vegetable potatoes
186650,787633,AH Biologisch Prei,AH Biologisch,groente-aardappelen,"Groente, aardappelen",Prei,0.99,0.99,,,,,per stuk,,False,,,,,A,True,AH,https://www.ah.nl/producten/product/wi186650,2026-08-09,AH Biologisch Prei,vegetable potatoes
127590,583138,AH Bospeen,AH,groente-aardappelen,"Groente, aardappelen",Wortel en peen,1.59,1.59,,,,,per bos,,False,,,,,A,True,AH,https://www.ah.nl/producten/product/wi127590,2026-08-09,AH Bospeen,vegetable potatoes
436200,700218,Looye Honingtomaten,Looye,groente-aardappelen,"Groente, aardappelen",Tomaten,3.99,3.99,,,,,180 g,prijs per kg €22.17,False,,,,,A,True,AH,https://www.ah.nl/producten/product/wi436200,2026-08-09,Looye Honey Tomatoes,vegetable potatoes
520805,886718,AH Snoepgroente tomatenmix,AH,groente-aardappelen,"Groente, aardappelen",Snoepgroente,1.6667,2.29,27.2,3 voor 5.00,5.0,3.0,250 g,normale prijs per kg €9.16,True,AH,3 VOOR 5.00,2026-08-03,2026-08-09,A,True,AH,https://www.ah.nl/producten/product/wi520805,2026-08-09,AH Candy vegetable tomato mix,vegetable potatoes
238969,831601,AH Munt,AH,groente-aardappelen,"Groente, aardappelen",Verse kruiden,1.19,1.19,,,,,15 g,prijs per kg €79.33,False,,,,,A,True,AH,https://www.ah.nl/producten/product/wi238969,2026-08-09,AH Mint,vegetable potatoes
96050,549735,AH Vastkokende aardappelen,AH,groente-aardappelen,"Groente, aardappelen",Vastkokende aardappelen,3.85,3.85,,,,,3 kg,prijs per kg €1.28,False,,,,,B,True,AH,https://www.ah.nl/producten/product/wi96050,2026-08-09,AH Vastkokende aardappelen,vegetable potatoes
41203,77602,AH Kastanjechampignons,AH,groente-aardappelen,"Groente, aardappelen",Champignons,1.95,1.95,,,,,250 g,prijs per kg €7.80,False,,,,,A,True,AH,https://www.ah.nl/producten/product/wi41203,2026-08-09,AH Kastanjechampignons,vegetable potatoes
101132,531327,AH Biologisch Kastanjechampignons,AH Biologisch,groente-aardappelen,"Groente, aardappelen",Champignons,2.19,2.19,,,,,250 g,prijs per kg €8.76,False,,,,,A,True,AH,https://www.ah.nl/producten/product/wi101132,2026-08-09,AH Biologisch Kastanjechampignons,vegetable potatoes
462427,713320,AH Avocado,AH,groente-aardappelen,"Groente, aardappelen",Avocado,3.19,3.19,,,,,650 g,prijs per kg €4.91,False,,,,,A,True,AH,https://www.ah.nl/producten/product/wi462427,2026-08-09,AH Avocado,vegetable potatoes
169688,647499,AH Aardappelen voor de stamppot,AH,groente-aardappelen,"Groente, aardappelen",Stamppot aardappelen,1.59,1.59,,,,,600 g,prijs per kg €2.65,False,,,,,A,True,AH,https://www.ah.nl/producten/product/wi169688,2026-08-09,AH Potatoes for the stew,vegetable potatoes
41069,91084,AH Wokgroente Chinees,AH,groente-aardappelen,"Groente, aardappelen",Wokgroente,1.995,2.39,16.5,2 voor 3.99,3.99,2.0,400 g,normale prijs per kg €5.98,True,AH,2 VOOR 3.99,2026-08-03,2026-08-09,A,True,AH,https://www.ah.nl/producten/product/wi41069,2026-08-09,AH Wokgroente Chinees,vegetable potatoes
238968,831600,AH Koriander,AH,groente-aardappelen,"Groente, aardappelen",Verse kruiden,1.19,1.19,,,,,15 g,prijs per kg €79.33,False,,,,,A,True,AH,https://www.ah.nl/producten/product/wi238968,2026-08-09,AH Koriander,vegetable potatoes
615297,0,AH Wokgroente Chinees 2-pack,AH,groente-aardappelen,"Groente, aardappelen",Wokgroente,3.99,4.78,16.5,pakketkorting,,,2 stuks,,True,AHOO,,2026-08-09,2026-08-09,,True,AH,https://www.ah.nl/producten/product/wi615297,2026-08-09,AH Chinese stir-fry vegetables 2-pack,vegetable potatoes
378632,839779,Heinz Tomato frito original,Heinz,groente-aardappelen,"Pasta, rijst, wereldkeuken","Gezeefde tomaten, frito, passata",1.39,1.39,,,,,350 g,prijs per kg €3.97,False,,,,,A,True,AH,https://www.ah.nl/producten/product/wi378632,2026-08-09,Heinz Tomato frito original,vegetable potatoes
123866,549732,AH Vastkokende aardappelen,AH,groente-aardappelen,"Groente, aardappelen",Vastkokende aardappelen,1.29,1.29,,,,,1 kg,prijs per kg €1.29,False,,,,,B,True,AH,https://www.ah.nl/producten/product/wi123866,2026-08-09,AH Vastkokende aardappelen,vegetable potatoes
615298,0,AH Wokgroente Chinees 3-pack,AH,groente-aardappelen,"Groente, aardappelen",Wokgroente,6.38,7.17,11.0,pakketkorting,,,3 stuks,,True,AHOO,,2026-08-09,2026-08-09,,True,AH,https://www.ah.nl/producten/product/wi615298,2026-08-09,AH Wokgroente Chinees 3-pack,vegetable potatoes
233440,826271,AH Curry madras verspakket,AH,groente-aardappelen,"Groente, aardappelen",Ongesneden verspakketten,5.99,5.99,,,,,4 pers | 30 min,,False,,,,,B,True,AH,https://www.ah.nl/producten/product/wi233440,2026-08-09,AH Curry madras fresh package,vegetable potatoes
525357,98278,AH Aardappel partjes provencaals gekruid,AH,groente-aardappelen,"Groente, aardappelen",Aardappelpartjes,1.49,1.49,,,,,600 g,prijs per kg €2.48,False,,,,,B,True,AH,https://www.ah.nl/producten/product/wi525357,2026-08-09,AH Aardappel partjes provencaals gekruid,vegetable potatoes
612292,0,Heinz Tomato frito original 3-pack,Heinz,groente-aardappelen,"Pasta, rijst, wereldkeuken","Gezeefde tomaten, frito, passata",3.75,4.17,10.0,10% volume voordeel,,,3 stuks,,True,AHOO,10% volume voordeel,2026-08-09,2999-12-31,,True,AH,https://www.ah.nl/producten/product/wi612292,2026-08-09,Heinz Tomato frito original 3-pack,vegetable potatoes
56338,514236,AH Andijvie fijngesneden kleinverpakking,AH,groente-aardappelen,"Groente, aardappelen",Andijvie,1.49,1.49,,,,,250 g,prijs per kg €5.96,False,,,,,A,True,AH,https://www.ah.nl/producten/product/wi56338,2026-08-09,AH Andijvie fijngesneden kleinverpakking,vegetable potatoes
409997,854218,AH Biologisch Bladspinazie deelblokjes,AH Biologisch,groente-aardappelen,Diepvries,Spinazie (diepvries),1.39,1.39,,,,,450 g,prijs per kg €3.09,False,,,,,A,True,AH,https://www.ah.nl/producten/product/wi409997,2026-08-09,AH Biologisch Bladspinazie deelblokjes,vegetable potatoes
435427,46885,AH Snoepgroente worteltjes,AH,groente-aardappelen,"Groente, aardappelen",Snoepgroente,2.99,2.99,,,,,650 g,prijs per kg €4.60,False,,,,,A,True,AH,https://www.ah.nl/producten/product/wi435427,2026-08-09,AH Snoepgroente worteltjes,vegetable potatoes
611643,67843,AH Dille,AH,groente-aardappelen,"Groente, aardappelen",Verse kruiden,1.19,1.19,,,,,20 g,prijs per kg €59.50,False,,,,,A,True,AH,https://www.ah.nl/producten/product/wi611643,2026-08-09,AH Dill,vegetable potatoes
226181,820552,AH Venkel,AH,groente-aardappelen,"Groente, aardappelen",Venkel,1.09,1.09,,,,,per stuk,,False,,,,,A,True,AH,https://www.ah.nl/producten/product/wi226181,2026-08-09,AH Venkel,vegetable potatoes
615265,0,AH Andijvie fijngesneden kleinverpak 2-pack,AH,groente-aardappelen,"Groente, aardappelen",Andijvie,2.83,2.98,5.0,5% volume voordeel,,,2 stuks,,True,AHOO,5% volume voordeel,2026-08-09,2999-12-31,,True,AH,https://www.ah.nl/producten/product/wi615265,2026-08-09,"AH Endive finely chopped, small pack, 2-pack",vegetable potatoes
4162,21025,AH Maiskolven,AH,groente-aardappelen,"Groente, aardappelen",Maiskolven,2.59,2.59,,,,,2 stuks,,False,,,,,A,True,AH,https://www.ah.nl/producten/product/wi4162,2026-08-09,AH Corn on the cob,vegetable potatoes
185200,779669,AH Gemengde salade,AH,groente-aardappelen,"Groente, aardappelen",Sla,2.69,2.69,,,,,150 g,prijs per kg €17.93,False,,,,,A,True,AH,https://www.ah.nl/producten/product/wi185200,2026-08-09,AH Gemengde salade,vegetable potatoes
192851,602895,AH Bimi,AH,groente-aardappelen,"Groente, aardappelen",Broccoli,2.99,2.99,,,,,200 g,prijs per kg €14.95,False,,,,,A,True,AH,https://www.ah.nl/producten/product/wi192851,2026-08-09,AH Bimi,vegetable potatoes
615266,0,AH Andijvie fijngesneden kleinverpak 3-pack,AH,groente-aardappelen,"Groente, aardappelen",Andijvie,4.02,4.47,10.0,10% volume voordeel,,,3 stuks,,True,AHOO,10% volume voordeel,2026-08-09,2999-12-31,,True,AH,https://www.ah.nl/producten/product/wi615266,2026-08-09,AH Andijvie fijngesneden kleinverpak 3-pack,vegetable potatoes
475828,728736,AH Minikriel kruidenboter,AH,groente-aardappelen,"Groente, aardappelen",Krieltjes geschild,1.29,1.29,,VOOR 0.89,0.89,,450 g,normale prijs per kg €2.87,True,AH,VOOR 0.89,2026-08-03,2026-08-09,C,True,AH,https://www.ah.nl/producten/product/wi475828,2026-08-09,AH Minikriel kruidenboter,vegetable potatoes
217088,810984,AH Bakaardappeltjes,AH,groente-aardappelen,"Groente, aardappelen",Aardappelpartjes,1.09,1.09,,VOOR 0.89,0.89,,500 g,normale prijs per kg €2.18,True,AH,VOOR 0.89,2026-08-03,2026-08-09,A,True,AH,https://www.ah.nl/producten/product/wi217088,2026-08-09,AH Bakaardappeltjes,vegetable potatoes
612294,0,Heinz Tomato frito original 6-pack,Heinz,groente-aardappelen,"Pasta, rijst, wereldkeuken","Gezeefde tomaten, frito, passata",7.09,8.34,15.0,15% volume voordeel,,,6 stuks,,True,AHOO,15% volume voordeel,2026-08-09,2999-12-31,,True,AH,https://www.ah.nl/producten/product/wi612294,2026-08-09,Heinz Tomato frito original 6-pack,vegetable potatoes
168154,633950,AH Slamelange jonge bladsla veldsla,AH,groente-aardappelen,"Groente, aardappelen",Sla,1.89,1.89,,2e Halve Prijs,,2.0,100 g,normale prijs per kg €18.90,True,AH,2e Halve Prijs,2026-08-03,2026-08-09,A,True,AH,https://www.ah.nl/producten/product/wi168154,2026-08-09,AH Slamelange jonge bladsla veldsla,vegetable potatoes
914,9887,AH Augurken partysticks zoetzuur,AH,groente-aardappelen,"Soepen, sauzen, kruiden, olie",Augurken,1.15,1.15,,,,,670 g,prijs per kg €3.19,False,,,,,A,True,AH,https://www.ah.nl/producten/product/wi914,2026-08-09,AH Pickles party sticks sweet and sour,vegetable potatoes
594650,43349,AH Biologisch Sweet Cherry trostomaten,AH Biologisch,groente-aardappelen,"Groente, aardappelen",Tomaten,2.99,2.99,,,,,200 g,prijs per kg €14.95,False,,,,,A,True,AH,https://www.ah.nl/producten/product/wi594650,2026-08-09,AH Biologisch Sweet Cherry trostomaten,vegetable potatoes
67739,523224,AH Biologisch Cherrytomaten,AH Biologisch,groente-aardappelen,"Groente, aardappelen",Tomaten,2.99,2.99,,,,,250 g,prijs per kg €11.96,False,,,,,A,True,AH,https://www.ah.nl/producten/product/wi67739,2026-08-09,AH Organic Cherry Tomatoes,vegetable potatoes
226973,821430,AH Lasagne verspakket,AH,groente-aardappelen,"Groente, aardappelen",Ongesneden verspakketten,5.99,5.99,,,,,4 pers | 25 min,,False,,,,,C,True,AH,https://www.ah.nl/producten/product/wi226973,2026-08-09,AH Lasagne verspakket,vegetable potatoes
133277,596503,AH Roerbakgroente Italiaans champignons,AH,groente-aardappelen,"Groente, aardappelen",Roerbakgroente,1.995,2.29,12.9,2 voor 3.99,3.99,2.0,400 g,normale prijs per kg €5.73,True,AH,2 voor 3.99,2026-08-10,2026-08-16,A,True,AH,https://www.ah.nl/producten/product/wi133277,2026-08-09,AH Stir-fry vegetables Italian mushrooms,vegetable potatoes
169198,559663,AH Biologisch Iets kruimige aardappelen,AH Biologisch,groente-aardappelen,"Groente, aardappelen",Iets kruimige aardappelen,2.19,2.19,,,,,1 kg,prijs per kg €2.19,False,,,,,B,True,AH,https://www.ah.nl/producten/product/wi169198,2026-08-09,AH Biologisch Iets kruimige aardappelen,vegetable potatoes
238965,831597,AH Bieslook,AH,groente-aardappelen,"Groente, aardappelen",Verse kruiden,1.19,1.19,,,,,25 g,prijs per kg €47.60,False,,,,,A,True,AH,https://www.ah.nl/producten/product/wi238965,2026-08-09,AH Chives,vegetable potatoes
198386,800277,AH Tomatensoep verspakket,AH,groente-aardappelen,"Groente, aardappelen",Soeppakketten,4.79,4.79,,,,,6 pers | 30 min,,False,,,,,B,True,AH,https://www.ah.nl/producten/product/wi198386,2026-08-09,AH Tomato soup fresh package,vegetable potatoes
186043,582453,AH Biologisch Bleekselderij,AH Biologisch,groente-aardappelen,"Groente, aardappelen",Bleekselderij,2.09,2.09,,,,,per stuk,,False,,,,,A,True,AH,https://www.ah.nl/producten/product/wi186043,2026-08-09,AH Biologisch Bleekselderij,vegetable potatoes
224710,817384,AH Babyspinazie,AH,groente-aardappelen,"Groente, aardappelen",Spinazie (vers),1.39,1.39,,,,,100 g,prijs per kg €13.90,False,,,,,A,True,AH,https://www.ah.nl/producten/product/wi224710,2026-08-09,AH Baby spinach,vegetable potatoes
239244,830558,AH Biologisch Aubergine,AH Biologisch,groente-aardappelen,"Groente, aardappelen",Aubergine,1.69,1.69,,,,,per stuk,,False,,,,,A,True,AH,https://www.ah.nl/producten/product/wi239244,2026-08-09,AH Organic Eggplant,vegetable potatoes
395947,847345,AH Sperziebonen grootverpakking,AH,groente-aardappelen,"Groente, aardappelen",Sperziebonen,3.49,3.49,,,,,600 g,prijs per kg €5.82,False,,,,,A,True,AH,https://www.ah.nl/producten/product/wi395947,2026-08-09,AH Sperziebonen grootverpakking,vegetable potatoes
123184,540286,AH Aardappelpartjes,AH,groente-aardappelen,"Groente, aardappelen",Aardappelpartjes,1.39,1.39,,VOOR 0.89,0.89,,500 g,normale prijs per kg €2.78,True,AH,VOOR 0.89,2026-08-03,2026-08-09,B,True,AH,https://www.ah.nl/producten/product/wi123184,2026-08-09,AH Potato wedges,vegetable potatoes
611644,67844,AH Koriander grootverpakking,AH,groente-aardappelen,"Groente, aardappelen",Verse kruiden,1.49,1.49,,,,,50 g,prijs per kg €29.80,False,,,,,A,True,AH,https://www.ah.nl/producten/product/wi611644,2026-08-09,AH Koriander grootverpakking,vegetable potatoes
519871,882305,AH Puntpaprika mix,AH,groente-aardappelen,"Groente, aardappelen",Paprika,3.29,3.29,,,,,4 stuks,,False,,,,,A,True,AH,https://www.ah.nl/producten/product/wi519871,2026-08-09,AH Pointed pepper mix,vegetable potatoes
168092,644402,AH Rucola grootverpakking,AH,groente-aardappelen,"Groente, aardappelen",Sla,1.79,1.79,,,,,150 g,prijs per kg €11.93,False,,,,,A,True,AH,https://www.ah.nl/producten/product/wi168092,2026-08-09,AH Rucola grootverpakking,vegetable potatoes
465600,714548,AH Snoepgroente komkommer,AH,groente-aardappelen,"Groente, aardappelen",Snoepgroente,5.79,5.79,,VOOR 3.99,3.99,,700 g,normale prijs per kg €8.27,True,AH,VOOR 3.99,2026-08-03,2026-08-09,A,True,AH,https://www.ah.nl/producten/product/wi465600,2026-08-09,AH Candy vegetable cucumber,vegetable potatoes
41219,88596,AH Paksoi,AH,groente-aardappelen,"Groente, aardappelen",Paksoi,1.55,1.55,,,,,per stuk,,False,,,,,A,True,AH,https://www.ah.nl/producten/product/wi41219,2026-08-09,AH Pak Choi,vegetable potatoes
185765,781270,AH Roerbakgroente Mexicaans,AH,groente-aardappelen,"Groente, aardappelen",Roerbakgroente,1.995,2.49,19.9,2 voor 3.99,3.99,2.0,400 g,normale prijs per kg €6.23,True,AH,2 voor 3.99,2026-08-10,2026-08-16,A,True,AH,https://www.ah.nl/producten/product/wi185765,2026-08-09,AH Roerbakgroente Mexicaans,vegetable potatoes
186629,532357,AH Biologisch Bloemkool,AH Biologisch,groente-aardappelen,"Groente, aardappelen",Bloemkool,3.29,3.29,,,,,per stuk,,False,,,,,,True,AH,https://www.ah.nl/producten/product/wi186629,2026-08-09,AH Biologisch Bloemkool,vegetable potatoes
517597,738386,AH IJsbergsla fijngesneden,AH,groente-aardappelen,"Groente, aardappelen",Sla,1.69,1.69,,,,,200 g,prijs per kg €8.45,False,,,,,A,True,AH,https://www.ah.nl/producten/product/wi517597,2026-08-09,AH IJsbergsla fijngesneden,vegetable potatoes
395954,847353,AH Broccoli,AH,groente-aardappelen,"Groente, aardappelen",Broccoli,2.49,2.49,,,,,400 g,prijs per kg €6.23,False,,,,,A,True,AH,https://www.ah.nl/producten/product/wi395954,2026-08-09,AH Broccoli,vegetable potatoes
500621,812465,Heinz Tomato frito biologisch,Heinz,groente-aardappelen,"Pasta, rijst, wereldkeuken","Gezeefde tomaten, frito, passata",1.99,1.99,,,,,350 g,prijs per kg €5.69,False,,,,,A,True,AH,https://www.ah.nl/producten/product/wi500621,2026-08-09,Heinz Tomato frito biologisch,vegetable potatoes
525848,68426,AH Biologisch Gele uien,AH Biologisch,groente-aardappelen,"Groente, aardappelen",Ui,0.99,0.99,,,,,500 g,prijs per kg €1.98,False,,,,,A,True,AH,https://www.ah.nl/producten/product/wi525848,2026-08-09,AH Biologisch Gele uien,vegetable potatoes
291654,834394,AH Maiskolf,AH,groente-aardappelen,"Groente, aardappelen",Maiskolven,1.19,1.19,,VOOR 0.59,0.59,,per stuk,,True,AH,VOOR 0.59,2026-08-03,2026-08-09,A,True,AH,https://www.ah.nl/producten/product/wi291654,2026-08-09,AH Corn on the cob,vegetable potatoes
207510,802782,AH Biologisch Tomaten gepeld,AH Biologisch,groente-aardappelen,"Pasta, rijst, wereldkeuken",Gepelde tomaten,0.79,0.79,,,,,400 g,prijs per kg €1.98,False,,,,,A,True,AH,https://www.ah.nl/producten/product/wi207510,2026-08-09,AH Biologisch Tomaten gepeld,vegetable potatoes
226440,786925,Iglo Spinazie à la crème,Iglo,groente-aardappelen,Diepvries,Spinazie (diepvries),2.29,2.29,,,,,750 g,prijs per kg €3.05,False,,,,,A,True,AH,https://www.ah.nl/producten/product/wi226440,2026-08-09,Igloo Spinach à la crème,vegetable potatoes
165336,622946,AH Snijbonen,AH,groente-aardappelen,"Groente, aardappelen",Snijbonen,2.39,2.39,,,,,400 g,prijs per kg €5.98,False,,,,,A,True,AH,https://www.ah.nl/producten/product/wi165336,2026-08-09,AH Snijbonen,vegetable potatoes
470588,723066,AH Baby avocado eetrijp,AH,groente-aardappelen,"Groente, aardappelen",Avocado,2.99,2.99,,,,,4 stuks,,False,,,,,A,True,AH,https://www.ah.nl/producten/product/wi470588,2026-08-09,AH Baby avocado eetrijp,vegetable potatoes
494450,749688,AH Bami groente,AH,groente-aardappelen,"Groente, aardappelen",Roerbakgroente,1.89,1.89,,,,,450 g,prijs per kg €4.20,False,,,,,A,True,AH,https://www.ah.nl/producten/product/wi494450,2026-08-09,AH Bami vegetable,vegetable potatoes
525846,70633,AH Sjalotten,AH,groente-aardappelen,"Groente, aardappelen",Ui,1.49,1.49,,,,,500 g,prijs per kg €2.98,False,,,,,A,True,AH,https://www.ah.nl/producten/product/wi525846,2026-08-09,AH Sjalotten,vegetable potatoes
509423,725718,AH Snoepgroente pitloze paprika rood,AH,groente-aardappelen,"Groente, aardappelen",Snoepgroente,1.6667,2.29,27.2,3 voor 5.00,5.0,3.0,175 g,normale prijs per kg €13.09,True,AH,3 VOOR 5.00,2026-08-03,2026-08-09,A,True,AH,https://www.ah.nl/producten/product/wi509423,2026-08-09,AH Snoepgroente pitloze paprika rood,vegetable potatoes
803,1557,AH Tomaten gepeld,AH,groente-aardappelen,"Pasta, rijst, wereldkeuken",Gepelde tomaten,0.69,0.69,,,,,400 g,prijs per kg €1.73,False,,,,,A,True,AH,https://www.ah.nl/producten/product/wi803,2026-08-09,AH Tomaten gepeld,vegetable potatoes
497403,797688,AH Verse friet,AH,groente-aardappelen,"Groente, aardappelen",Verse friet,2.59,2.59,,,,,1 kg,prijs per kg €2.59,False,,,,,A,True,AH,https://www.ah.nl/producten/product/wi497403,2026-08-09,AH Fresh fries,vegetable potatoes
185768,781312,AH Luxe wok Japans champignons peultjes,AH,groente-aardappelen,"Groente, aardappelen",Wokgroente,1.995,2.99,33.3,2 voor 3.99,3.99,2.0,400 g,normale prijs per kg €7.48,True,AH,2 VOOR 3.99,2026-08-03,2026-08-09,A,True,AH,https://www.ah.nl/producten/product/wi185768,2026-08-09,AH Luxury wok Japanese mushrooms snow peas,vegetable potatoes
186750,596489,AH Biologisch Witlof,AH Biologisch,groente-aardappelen,"Groente, aardappelen",Witlof en roodlof,3.19,3.19,,,,,500 g,prijs per kg €6.38,False,,,,,A,True,AH,https://www.ah.nl/producten/product/wi186750,2026-08-09,AH Organic Chicory,vegetable potatoes
368706,834547,AH Paprika groen,AH,groente-aardappelen,"Groente, aardappelen",Paprika,1.09,1.09,,,,,per stuk,,False,,,,,A,True,AH,https://www.ah.nl/producten/product/wi368706,2026-08-09,AH Paprika groen,vegetable potatoes
4074,20917,AH Andijvie gesneden,AH,groente-aardappelen,"Groente, aardappelen",Andijvie,1.79,1.79,,,,,400 g,prijs per kg €4.48,False,,,,,A,True,AH,https://www.ah.nl/producten/product/wi4074,2026-08-09,AH Cut endive,vegetable potatoes
572142,14346,AH Koolmix,AH,groente-aardappelen,"Groente, aardappelen",Rauwkost,1.69,1.69,,,,,150 g,prijs per kg €11.27,False,,,,,A,True,AH,https://www.ah.nl/producten/product/wi572142,2026-08-09,AH Koolmix,vegetable potatoes
615281,0,AH Luxe wok Japans champignons peultjes 2pk,AH,groente-aardappelen,"Groente, aardappelen",Wokgroente,3.99,5.98,33.3,pakketkorting,,,2 stuks,,True,AHOO,,2026-08-09,2026-08-09,,True,AH,https://www.ah.nl/producten/product/wi615281,2026-08-09,AH Luxury wok Japanese mushrooms snow peas 2pk,vegetable potatoes
547130,677924,AH Biologisch Gekookte maïskolven,AH Biologisch,groente-aardappelen,"Groente, aardappelen",Maiskolven,2.99,2.99,,,,,2 stuks,,False,,,,,A,True,AH,https://www.ah.nl/producten/product/wi547130,2026-08-09,AH Biologisch Gekookte maïskolven,vegetable potatoes
553673,698301,AH Biologisch Pompoen stukjes,AH Biologisch,groente-aardappelen,"Groente, aardappelen",Pompoen,1.99,1.99,,,,,450 g,prijs per kg €4.42,False,,,,,A,True,AH,https://www.ah.nl/producten/product/wi553673,2026-08-09,AH Biologisch Pompoen stukjes,vegetable potatoes
155598,622962,AH Rucola slamelange grootverpakking,AH,groente-aardappelen,"Groente, aardappelen",Sla,2.49,2.49,,,,,150 g,prijs per kg €16.60,False,,,,,A,True,AH,https://www.ah.nl/producten/product/wi155598,2026-08-09,AH Rucola slamelange grootverpakking,vegetable potatoes
777,6441,AH Spinazie à la creme,AH,groente-aardappelen,Diepvries,Spinazie (diepvries),0.89,0.89,,,,,450 g,prijs per kg €1.98,False,,,,,A,True,AH,https://www.ah.nl/producten/product/wi777,2026-08-09,AH Spinazie à la creme,vegetable potatoes
495901,787489,AH Gesneden verspakket nasi,AH,groente-aardappelen,"Groente, aardappelen",Gesneden verspakketten,6.99,6.99,,,,,2-3 pers|15 min,,False,,,,,B,True,AH,https://www.ah.nl/producten/product/wi495901,2026-08-09,AH Sliced ​​fresh package of nasi,vegetable potatoes
160720,627245,AH Andijvie fijngesneden grootverpakking,AH,groente-aardappelen,"Groente, aardappelen",Andijvie,2.89,2.89,,,,,500 g,prijs per kg €5.78,False,,,,,A,True,AH,https://www.ah.nl/producten/product/wi160720,2026-08-09,AH Endive finely chopped bulk packaging,vegetable potatoes
593055,40967,AH Tagliatelle met roomsaus verspakket,AH,groente-aardappelen,"Groente, aardappelen",Ongesneden verspakketten,5.99,5.99,,,,,4 pers | 25 min,,False,,,,,B,True,AH,https://www.ah.nl/producten/product/wi593055,2026-08-09,AH Tagliatelle with cream sauce fresh package,vegetable potatoes
104819,532495,AH Biologisch Uiensnippers,AH Biologisch,groente-aardappelen,"Groente, aardappelen",Ui,2.09,2.09,,,,,175 g,prijs per kg €11.94,False,,,,,A,True,AH,https://www.ah.nl/producten/product/wi104819,2026-08-09,AH Organic Onion Slices,vegetable potatoes
101207,548473,AH Biologisch Tomaten passata gezeefd,AH Biologisch,groente-aardappelen,"Pasta, rijst, wereldkeuken","Gezeefde tomaten, frito, passata",1.99,1.99,,,,,690 g,prijs per kg €2.88,False,,,,,A,True,AH,https://www.ah.nl/producten/product/wi101207,2026-08-09,AH Biologisch Tomaten passata gezeefd,vegetable potatoes
476324,729693,AH Bakaardappeltjes paprika en knoflook,AH,groente-aardappelen,"Groente, aardappelen",Aardappelpartjes,1.39,1.39,,VOOR 0.89,0.89,,450 g,normale prijs per kg €3.09,True,AH,VOOR 0.89,2026-08-03,2026-08-09,C,True,AH,https://www.ah.nl/producten/product/wi476324,2026-08-09,"AH Baking potatoes, peppers and garlic",vegetable potatoes
168153,633946,AH IJsbergsla grootverpakking,AH,groente-aardappelen,"Groente, aardappelen",Sla,1.99,1.99,,,,,400 g,prijs per kg €4.98,False,,,,,A,True,AH,https://www.ah.nl/producten/product/wi168153,2026-08-09,AH IJsbergsla grootverpakking,vegetable potatoes
615282,0,AH Luxe wok Japans champignons peultjes 3pk,AH,groente-aardappelen,"Groente, aardappelen",Wokgroente,6.98,8.97,22.2,pakketkorting,,,3 stuks,,True,AHOO,,2026-08-09,2026-08-09,,True,AH,https://www.ah.nl/producten/product/wi615282,2026-08-09,AH Luxury wok Japanese mushrooms snow peas 3pk,vegetable potatoes
39103,25658,AH Doperwten en wortelen,AH,groente-aardappelen,"Soepen, sauzen, kruiden, olie",Groentemix conserven,0.59,0.59,,,,,680 g,prijs per kg €1.31,False,,,,,A,True,AH,https://www.ah.nl/producten/product/wi39103,2026-08-09,AH Peas and carrots,vegetable potatoes
41084,91080,AH Roerbakgroente Hollands,AH,groente-aardappelen,"Groente, aardappelen",Roerbakgroente,1.995,2.49,19.9,2 voor 3.99,3.99,2.0,400 g,normale prijs per kg €6.23,True,AH,2 voor 3.99,2026-08-10,2026-08-16,A,True,AH,https://www.ah.nl/producten/product/wi41084,2026-08-09,AH Roerbakgroente Hollands,vegetable potatoes
197384,649011,AH Rauwkost komkommer,AH,groente-aardappelen,"Groente, aardappelen",Rauwkost,2.0,2.49,19.7,2 voor 4.00,4.0,2.0,150 g,normale prijs per kg €16.60,True,AH,2 VOOR 4.00,2026-08-03,2026-08-09,A,True,AH,https://www.ah.nl/producten/product/wi197384,2026-08-09,AH Raw cucumber,vegetable potatoes
455936,612266,AH Krulslamelange,AH,groente-aardappelen,"Groente, aardappelen",Sla,1.29,1.29,,2e Halve Prijs,,2.0,100 g,normale prijs per kg €12.90,True,AH,2e Halve Prijs,2026-08-03,2026-08-09,A,True,AH,https://www.ah.nl/producten/product/wi455936,2026-08-09,AH Krulslamelange,vegetable potatoes
613973,71076,Heinz Frito tomatenblokjes,Heinz,groente-aardappelen,"Pasta, rijst, wereldkeuken","Gezeefde tomaten, frito, passata",1.69,1.69,,,,,390 g,prijs per kg €4.33,False,,,,,A,True,AH,https://www.ah.nl/producten/product/wi613973,2026-08-09,Heinz Frito tomatenblokjes,vegetable potatoes
164108,617706,AH Haricots verts,AH,groente-aardappelen,"Groente, aardappelen",Haricots verts,3.89,3.89,,,,,350 g,prijs per kg €11.11,False,,,,,A,True,AH,https://www.ah.nl/producten/product/wi164108,2026-08-09,AH Haricots verts,vegetable potatoes
196691,797847,AH Aardappelschijfjes kleinverpakking,AH,groente-aardappelen,"Groente, aardappelen",Aardappelschijfjes,0.85,0.85,,,,,200 g,prijs per kg €4.25,False,,,,,A,True,AH,https://www.ah.nl/producten/product/wi196691,2026-08-09,AH Aardappelschijfjes kleinverpakking,vegetable potatoes
394814,846705,AH Kastanjechampignons,AH,groente-aardappelen,"Groente, aardappelen",Champignons,2.69,2.69,,,,,400 g,prijs per kg €6.73,False,,,,,A,True,AH,https://www.ah.nl/producten/product/wi394814,2026-08-09,AH Kastanjechampignons,vegetable potatoes
611646,67853,AH Peterselie,AH,groente-aardappelen,"Groente, aardappelen",Verse kruiden,1.19,1.19,,,,,45 g,prijs per kg €26.44,False,,,,,A,True,AH,https://www.ah.nl/producten/product/wi611646,2026-08-09,AH Peterselie,vegetable potatoes
525266,697601,AH Slaverrijker sojabonen,AH,groente-aardappelen,"Groente, aardappelen",Slaverrijkers,2.0,2.29,12.7,3 voor 6.00,6.0,3.0,120 g,normale prijs per kg €19.08,True,AH,3 VOOR 6.00,2026-08-03,2026-08-09,A,True,AH,https://www.ah.nl/producten/product/wi525266,2026-08-09,AH Slaverrijker sojabonen,vegetable potatoes
67663,502942,AH Thaise wokgroente prei rode peper,AH,groente-aardappelen,"Groente, aardappelen",Wokgroente,1.995,2.39,16.5,2 voor 3.99,3.99,2.0,400 g,normale prijs per kg €5.98,True,AH,2 VOOR 3.99,2026-08-03,2026-08-09,A,True,AH,https://www.ah.nl/producten/product/wi67663,2026-08-09,AH Thaise wokgroente prei rode peper,vegetable potatoes
591518,39362,AH Midi komkommers,AH,groente-aardappelen,"Groente, aardappelen",Komkommer,1.49,1.99,25.1,voor 1.49,1.49,,3 stuks,,True,AH,VOOR 1.49,2026-08-10,2026-08-16,A,True,AH,https://www.ah.nl/producten/product/wi591518,2026-08-09,AH Midi komkommers,vegetable potatoes
615303,0,AH Thaise wokgroente prei rode peper 2-pack,AH,groente-aardappelen,"Groente, aardappelen",Wokgroente,3.99,4.78,16.5,pakketkorting,,,2 stuks,,True,AHOO,,2026-08-09,2026-08-09,,True,AH,https://www.ah.nl/producten/product/wi615303,2026-08-09,AH Thaise wokgroente prei rode peper 2-pack,vegetable potatoes
160707,587841,AH Spinazie grootverpakking,AH,groente-aardappelen,"Groente, aardappelen",Spinazie (vers),2.99,2.99,,,,,600 g,prijs per kg €4.98,False,,,,,A,True,AH,https://www.ah.nl/producten/product/wi160707,2026-08-09,AH Spinach bulk packaging,vegetable potatoes
195105,798355,Hak Doperwtjes met worteltjes,Hak,groente-aardappelen,"Soepen, sauzen, kruiden, olie",Groentemix conserven,2.15,2.15,,1 + 1 gratis,,1.0,350 g,normale prijs per kg €9.35,True,AH,1 + 1 gratis,2026-08-10,2026-08-16,A,True,AH,https://www.ah.nl/producten/product/wi195105,2026-08-09,Hak Doperwtjes met worteltjes,vegetable potatoes
610246,0,Hak Doperwtjes met worteltjes 4-pack,Hak,groente-aardappelen,"Soepen, sauzen, kruiden, olie",Groentemix conserven,7.74,8.6,10.0,10% volume voordeel,,,4 stuks,,True,AHOO,10% volume voordeel,2026-08-09,2026-08-09,,True,AH,https://www.ah.nl/producten/product/wi610246,2026-08-09,Hak Doperwtjes met worteltjes 4-pack,vegetable potatoes
168788,646188,AH Augurken plakjes zoetzuur,AH,groente-aardappelen,"Soepen, sauzen, kruiden, olie",Augurken,1.39,1.39,,,,,530 g,prijs per kg €4.79,False,,,,,A,True,AH,https://www.ah.nl/producten/product/wi168788,2026-08-09,AH Pickles slices sweet and sour,vegetable potatoes
188265,788909,AH Terra Zwarte bonen,AH Terra,groente-aardappelen,"Soepen, sauzen, kruiden, olie",Zwarte bonen,1.05,1.05,,,,,400 g,prijs per kg €4.17,False,,,,,A,True,AH,https://www.ah.nl/producten/product/wi188265,2026-08-09,AH Terra Black beans,vegetable potatoes
378626,839773,Heinz Tomaten blokjes naturel,Heinz,groente-aardappelen,"Pasta, rijst, wereldkeuken",Tomatenblokjes,1.35,1.35,,,,,390 g,prijs per kg €3.46,False,,,,,B,True,AH,https://www.ah.nl/producten/product/wi378626,2026-08-09,Heinz Tomaten blokjes naturel,vegetable potatoes
41138,68087,AH Taugé,AH,groente-aardappelen,"Groente, aardappelen",Kiemgroenten en tauge,1.09,1.09,,,,,125 g,prijs per kg €8.72,False,,,,,A,True,AH,https://www.ah.nl/producten/product/wi41138,2026-08-09,AH Taugé,vegetable potatoes
582544,25160,AH Paprikablokjes,AH,groente-aardappelen,"Groente, aardappelen",Paprika,1.89,1.89,,,,,450 g,prijs per kg €4.20,False,,,,,A,True,AH,https://www.ah.nl/producten/product/wi582544,2026-08-09,AH Paprika cubes,vegetable potatoes
486429,741250,Iglo Spinazie à la crème,Iglo,groente-aardappelen,Diepvries,Spinazie (diepvries),1.59,1.59,,,,,500 g,prijs per kg €3.18,False,,,,,A,True,AH,https://www.ah.nl/producten/product/wi486429,2026-08-09,Igloo Spinach à la crème,vegetable potatoes
378693,839801,AH Champignons gesneden,AH,groente-aardappelen,"Groente, aardappelen",Champignons,1.99,1.99,,,,,250 g,prijs per kg €7.96,False,,,,,A,True,AH,https://www.ah.nl/producten/product/wi378693,2026-08-09,AH Sliced ​​mushrooms,vegetable potatoes
532245,699921,AH Biologisch Krieltjes vastkokend,AH Biologisch,groente-aardappelen,"Groente, aardappelen",Krieltjes ongeschild,2.09,2.09,,,,,500 g,prijs per kg €4.18,False,,,,,B,True,AH,https://www.ah.nl/producten/product/wi532245,2026-08-09,"AH Organic Baby potatoes, waxy cooking",vegetable potatoes
139446,601049,AH Verse franse friet,AH,groente-aardappelen,"Groente, aardappelen",Verse friet,1.99,1.99,,,,,700 g,prijs per kg €2.84,False,,,,,A,True,AH,https://www.ah.nl/producten/product/wi139446,2026-08-09,AH Fresh French fries,vegetable potatoes
160705,567103,AH Gemengde salade grootverpakking,AH,groente-aardappelen,"Groente, aardappelen",Sla,3.99,3.99,,,,,300 g,prijs per kg €13.30,False,,,,,A,True,AH,https://www.ah.nl/producten/product/wi160705,2026-08-09,AH Mixed salad bulk packaging,vegetable potatoes
583799,27042,AH Biologisch Maiskorrels 0% zout toegevoegd,AH Biologisch,groente-aardappelen,"Soepen, sauzen, kruiden, olie",Mais conserven,0.99,0.99,,,,,150 g,prijs per kg €7.07,False,,,,,A,True,AH,https://www.ah.nl/producten/product/wi583799,2026-08-09,AH Organic Corn kernels 0% salt added,vegetable potatoes
615304,0,AH Thaise wokgroente prei rode peper 3-pack,AH,groente-aardappelen,"Groente, aardappelen",Wokgroente,6.38,7.17,11.0,pakketkorting,,,3 stuks,,True,AHOO,,2026-08-09,2026-08-09,,True,AH,https://www.ah.nl/producten/product/wi615304,2026-08-09,AH Thai stir-fried vegetables leek red pepper 3-pack,vegetable potatoes
159762,605569,AH Roerbakgroente Italiaans grootverpakking,AH,groente-aardappelen,"Groente, aardappelen",Roerbakgroente,3.19,3.19,,,,,600 g,prijs per kg €5.32,False,,,,,A,True,AH,https://www.ah.nl/producten/product/wi159762,2026-08-09,AH Italian stir-fry vegetables in bulk packaging,vegetable potatoes
80217,545342,AH Botersla,AH,groente-aardappelen,"Groente, aardappelen",Sla,2.79,2.79,,,,,100 g,prijs per kg €27.90,False,,,,,A,True,AH,https://www.ah.nl/producten/product/wi80217,2026-08-09,AH Botersla,vegetable potatoes
133275,596472,AH Aardappelpuree,AH,groente-aardappelen,"Groente, aardappelen","Aardappel ovenschotel, gratin en puree",1.59,1.59,,,,,450 g,prijs per kg €3.53,False,,,,,C,True,AH,https://www.ah.nl/producten/product/wi133275,2026-08-09,AH Mashed Potatoes,vegetable potatoes
139461,609630,AH Rauwkost radijs,AH,groente-aardappelen,"Groente, aardappelen",Rauwkost,2.0,2.49,19.7,2 voor 4.00,4.0,2.0,150 g,normale prijs per kg €16.60,True,AH,2 VOOR 4.00,2026-08-03,2026-08-09,A,True,AH,https://www.ah.nl/producten/product/wi139461,2026-08-09,AH Rauwkost radijs,vegetable potatoes
612280,0,Heinz Tomaten blokjes naturel 3-pack,Heinz,groente-aardappelen,"Pasta, rijst, wereldkeuken",Tomatenblokjes,3.64,4.05,10.0,10% volume voordeel,,,3 stuks,,True,AHOO,10% volume voordeel,2026-08-09,2999-12-31,,True,AH,https://www.ah.nl/producten/product/wi612280,2026-08-09,Heinz Tomato cubes natural 3-pack,vegetable potatoes
189681,791532,AH Zongedroogde tomaten,AH,groente-aardappelen,"Pasta, rijst, wereldkeuken",Zongedroogde tomaten,1.75,1.75,,,,,285 g,prijs per kg €9.72,False,,,,,C,True,AH,https://www.ah.nl/producten/product/wi189681,2026-08-09,AH Zongedroogde tomaten,vegetable potatoes
611647,67854,AH Platte peterselie grootverpakking,AH,groente-aardappelen,"Groente, aardappelen",Verse kruiden,1.49,1.49,,,,,50 g,prijs per kg €29.80,False,,,,,A,True,AH,https://www.ah.nl/producten/product/wi611647,2026-08-09,AH Platte peterselie grootverpakking,vegetable potatoes
3537,32155,Bonduelle Crispy maïs,Bonduelle,groente-aardappelen,"Soepen, sauzen, kruiden, olie",Mais conserven,0.83,1.39,40.3,3 voor 2.49,2.49,3.0,150 g,normale prijs per kg €9.93,True,AH,3 VOOR 2.49,2026-08-03,2026-08-09,A,True,AH,https://www.ah.nl/producten/product/wi3537,2026-08-09,Bonduelle Crispy corn,vegetable potatoes
203003,792399,AH Biologisch Pastinaak,AH Biologisch,groente-aardappelen,"Groente, aardappelen",Pastinaak,1.99,1.99,,,,,400 g,prijs per kg €4.98,False,,,,,A,True,AH,https://www.ah.nl/producten/product/wi203003,2026-08-09,AH Organic Parsnip,vegetable potatoes
160709,609635,AH Fijne soepgroente grootverpakking,AH,groente-aardappelen,"Groente, aardappelen",Soepgroente,1.89,1.89,,,,,400 g,prijs per kg €4.73,False,,,,,A,True,AH,https://www.ah.nl/producten/product/wi160709,2026-08-09,AH Fine soup vegetables in bulk packaging,vegetable potatoes
369971,835265,AH Bloemkool broccoli kleinverpakking,AH,groente-aardappelen,"Groente, aardappelen",Bloemkool,1.99,1.99,,,,,200 g,prijs per kg €9.95,False,,,,,A,True,AH,https://www.ah.nl/producten/product/wi369971,2026-08-09,AH Bloemkool broccoli kleinverpakking,vegetable potatoes
575197,16869,AH Vleestomaten,AH,groente-aardappelen,"Groente, aardappelen",Tomaten,1.99,1.99,,,,,2 stuks,,False,,,,,A,True,AH,https://www.ah.nl/producten/product/wi575197,2026-08-09,AH Beef tomatoes,vegetable potatoes
230681,817380,AH Fijngesneden prei,AH,groente-aardappelen,"Groente, aardappelen",Prei,1.09,1.09,,,,,200 g,prijs per kg €5.45,False,,,,,A,True,AH,https://www.ah.nl/producten/product/wi230681,2026-08-09,AH Finely chopped leek,vegetable potatoes
107686,538674,AH Groene aspergetips,AH,groente-aardappelen,"Groente, aardappelen",Asperges,4.49,4.49,,,,,100 g,prijs per kg €44.90,False,,,,,A,True,AH,https://www.ah.nl/producten/product/wi107686,2026-08-09,AH Green asparagus tips,vegetable potatoes
416509,857260,AH Zongedroogde tomaten jullienne,AH,groente-aardappelen,"Pasta, rijst, wereldkeuken",Zongedroogde tomaten,1.89,1.89,,,,,285 g,prijs per kg €10.50,False,,,,,C,True,AH,https://www.ah.nl/producten/product/wi416509,2026-08-09,AH Zongedroogde tomaten jullienne,vegetable potatoes
525845,757649,AH Biologisch Rode uien,AH Biologisch,groente-aardappelen,"Groente, aardappelen",Ui,1.09,1.09,,,,,500 g,prijs per kg €2.18,False,,,,,A,True,AH,https://www.ah.nl/producten/product/wi525845,2026-08-09,AH Organic Red onions,vegetable potatoes
216034,809955,AH Rauwkost Amsterdamse ui,AH,groente-aardappelen,"Groente, aardappelen",Rauwkost,2.0,2.39,16.3,2 voor 4.00,4.0,2.0,150 g,normale prijs per kg €15.93,True,AH,2 VOOR 4.00,2026-08-03,2026-08-09,A,True,AH,https://www.ah.nl/producten/product/wi216034,2026-08-09,AH Rauwkost Amsterdamse ui,vegetable potatoes
494449,749687,AH Macaroni spaghetti groente klein,AH,groente-aardappelen,"Groente, aardappelen",Roerbakgroente,1.59,1.59,,,,,250 g,prijs per kg €6.36,False,,,,,A,True,AH,https://www.ah.nl/producten/product/wi494449,2026-08-09,AH Macaroni spaghetti vegetable small,vegetable potatoes
378694,839802,AH Kastanjechampignons gesneden,AH,groente-aardappelen,"Groente, aardappelen",Champignons,2.19,2.19,,,,,250 g,prijs per kg €8.76,False,,,,,A,True,AH,https://www.ah.nl/producten/product/wi378694,2026-08-09,AH Kastanjechampignons gesneden,vegetable potatoes
395953,847352,AH Bloemkoolroosjes,AH,groente-aardappelen,"Groente, aardappelen",Bloemkool,2.49,2.49,,,,,400 g,prijs per kg €6.23,False,,,,,A,True,AH,https://www.ah.nl/producten/product/wi395953,2026-08-09,AH Cauliflower florets,vegetable potatoes
615267,0,AH Bloemkool broccoli kleinverpakking 2-pck,AH,groente-aardappelen,"Groente, aardappelen",Bloemkool,3.78,3.98,5.0,5% volume voordeel,,,2 stuks,,True,AHOO,5% volume voordeel,2026-08-09,2999-12-31,,True,AH,https://www.ah.nl/producten/product/wi615267,2026-08-09,AH Cauliflower broccoli small pack 2-pc,vegetable potatoes
215707,811636,AH Groene asperges,AH,groente-aardappelen,"Groente, aardappelen",Asperges,5.49,5.49,,,,,350 g,prijs per kg €15.69,False,,,,,A,True,AH,https://www.ah.nl/producten/product/wi215707,2026-08-09,AH Green asparagus,vegetable potatoes
615285,0,AH Macaroni spaghetti groente klein 2-pack,AH,groente-aardappelen,"Groente, aardappelen",Roerbakgroente,3.02,3.18,5.0,5% volume voordeel,,,2 stuks,,True,AHOO,5% volume voordeel,2026-08-09,2999-12-31,,True,AH,https://www.ah.nl/producten/product/wi615285,2026-08-09,AH Macaroni spaghetti vegetables small 2-pack,vegetable potatoes
822,1151,AH Gebroken sperziebonen,AH,groente-aardappelen,"Soepen, sauzen, kruiden, olie",Sperziebonen (conserven),1.19,1.19,,,,,660 g,prijs per kg €3.31,False,,,,,A,True,AH,https://www.ah.nl/producten/product/wi822,2026-08-09,AH Gebroken sperziebonen,vegetable potatoes
435436,47017,AH Biologisch Slamelange rucola veldsla,AH Biologisch,groente-aardappelen,"Groente, aardappelen",Sla,1.99,1.99,,2e Halve Prijs,,2.0,100 g,normale prijs per kg €19.90,True,AH,2e Halve Prijs,2026-08-03,2026-08-09,A,True,AH,https://www.ah.nl/producten/product/wi435436,2026-08-09,AH Organic Lettuce Mixed arugula lamb's lettuce,vegetable potatoes
395956,847355,AH Fijne soepgroente,AH,groente-aardappelen,"Groente, aardappelen",Soepgroente,1.19,1.19,,,,,250 g,prijs per kg €4.76,False,,,,,A,True,AH,https://www.ah.nl/producten/product/wi395956,2026-08-09,AH Fijne soepgroente,vegetable potatoes
234848,827845,Mutti Polpa fijne tomatenpulp,Mutti,groente-aardappelen,"Pasta, rijst, wereldkeuken",Tomatenpulp,1.99,1.99,,,,,425 ml,prijs per liter €4.68,False,,,,,A,True,AH,https://www.ah.nl/producten/product/wi234848,2026-08-09,Mutti Polpa fijne tomatenpulp,vegetable potatoes
404283,851618,AH Gesneden rode uien,AH,groente-aardappelen,"Groente, aardappelen",Ui,1.89,1.89,,,,,150 g,prijs per kg €12.60,False,,,,,A,True,AH,https://www.ah.nl/producten/product/wi404283,2026-08-09,AH Sliced ​​red onions,vegetable potatoes
395949,847347,AH Fijngesneden spitskool,AH,groente-aardappelen,"Groente, aardappelen",Spitskool,1.09,1.09,,,,,200 g,prijs per kg €5.45,False,,,,,A,True,AH,https://www.ah.nl/producten/product/wi395949,2026-08-09,AH Fijngesneden spitskool,vegetable potatoes
202196,798339,Hak Witte bonen in tomatensaus,Hak,groente-aardappelen,"Soepen, sauzen, kruiden, olie",Witte bonen,2.59,2.59,,1 + 1 gratis,,1.0,360 g,normale prijs per kg €7.19,True,AH,1 + 1 gratis,2026-08-10,2026-08-16,A,True,AH,https://www.ah.nl/producten/product/wi202196,2026-08-09,Hak White beans in tomato sauce,vegetable potatoes
610266,0,Hak Witte bonen in tomatensaus 4-pack,Hak,groente-aardappelen,"Soepen, sauzen, kruiden, olie",Witte bonen,9.32,10.36,10.0,10% volume voordeel,,,4 stuks,,True,AHOO,10% volume voordeel,2026-08-09,2026-08-09,,True,AH,https://www.ah.nl/producten/product/wi610266,2026-08-09,Hak White beans in tomato sauce 4-pack,vegetable potatoes
615268,0,AH Bloemkool broccoli kleinverpakking 3-pck,AH,groente-aardappelen,"Groente, aardappelen",Bloemkool,5.37,5.97,10.0,10% volume voordeel,,,3 stuks,,True,AHOO,10% volume voordeel,2026-08-09,2999-12-31,,True,AH,https://www.ah.nl/producten/product/wi615268,2026-08-09,AH Bloemkool broccoli kleinverpakking 3-pck,vegetable potatoes
615286,0,AH Macaroni spaghetti groente klein 3-pack,AH,groente-aardappelen,"Groente, aardappelen",Roerbakgroente,4.29,4.77,10.0,10% volume voordeel,,,3 stuks,,True,AHOO,10% volume voordeel,2026-08-09,2999-12-31,,True,AH,https://www.ah.nl/producten/product/wi615286,2026-08-09,AH Macaroni spaghetti groente klein 3-pack,vegetable potatoes
611859,67918,AH Biologisch Veldsla,AH Biologisch,groente-aardappelen,"Groente, aardappelen",Sla,1.55,1.55,,,,,40 g,prijs per kg €38.75,False,,,,,A,True,AH,https://www.ah.nl/producten/product/wi611859,2026-08-09,AH Biologisch Veldsla,vegetable potatoes
612281,0,Heinz Tomaten blokjes naturel 6-pack,Heinz,groente-aardappelen,"Pasta, rijst, wereldkeuken",Tomatenblokjes,6.88,8.1,15.0,15% volume voordeel,,,6 stuks,,True,AHOO,15% volume voordeel,2026-08-09,2999-12-31,,True,AH,https://www.ah.nl/producten/product/wi612281,2026-08-09,Heinz Tomaten blokjes naturel 6-pack,vegetable potatoes
128941,586420,AH Aardappel partjes Toscaans gekruid,AH,groente-aardappelen,"Groente, aardappelen",Aardappelpartjes,0.99,0.99,,,,,450 g,prijs per kg €2.20,False,,,,,C,True,AH,https://www.ah.nl/producten/product/wi128941,2026-08-09,AH Tuscan seasoned potato wedges,vegetable potatoes
614638,72543,AH Biologisch Snoepgroente tomaat,AH Biologisch,groente-aardappelen,"Groente, aardappelen",Snoepgroente,1.6667,2.19,23.9,3 voor 5.00,5.0,3.0,200 g,normale prijs per kg €10.95,True,AH,3 VOOR 5.00,2026-08-03,2026-08-09,A,True,AH,https://www.ah.nl/producten/product/wi614638,2026-08-09,AH Biologisch Snoepgroente tomaat,vegetable potatoes
491167,745533,AH Snoepgroente tomatenmix,AH,groente-aardappelen,"Groente, aardappelen",Snoepgroente,2.99,2.99,,,,,400 g,prijs per kg €7.48,False,,,,,A,True,AH,https://www.ah.nl/producten/product/wi491167,2026-08-09,AH Candy vegetable tomato mix,vegetable potatoes
221221,815503,AH Salademix,AH,groente-aardappelen,"Groente, aardappelen",Sla,1.49,1.49,,,,,300 g,prijs per kg €4.97,False,,,,,A,True,AH,https://www.ah.nl/producten/product/wi221221,2026-08-09,AH Salad mix,vegetable potatoes
575257,16865,AH Pomodoro San Marzano tomaten,AH,groente-aardappelen,"Groente, aardappelen",Tomaten,2.99,2.99,,,,,500 g,prijs per kg €5.98,False,,,,,A,True,AH,https://www.ah.nl/producten/product/wi575257,2026-08-09,AH Pomodoro San Marzano tomaten,vegetable potatoes
615655,73206,AH Snoepgroente pitloze paprika rood,AH,groente-aardappelen,"Groente, aardappelen",Snoepgroente,3.29,3.29,,,,,300 g,prijs per kg €10.97,False,,,,,A,True,AH,https://www.ah.nl/producten/product/wi615655,2026-08-09,AH Snoepgroente pitloze paprika rood,vegetable potatoes
415244,686822,AH Jalapeño peper groen,AH,groente-aardappelen,"Groente, aardappelen",Gember en pepers,0.59,0.59,,,,,per stuk,,False,,,,,,True,AH,https://www.ah.nl/producten/product/wi415244,2026-08-09,AH Jalapeño pepper green,vegetable potatoes
230846,817388,AH Snijbonen kleinverpakking,AH,groente-aardappelen,"Groente, aardappelen",Snijbonen,1.99,1.99,,,,,200 g,prijs per kg €9.95,False,,,,,A,True,AH,https://www.ah.nl/producten/product/wi230846,2026-08-09,AH Snijbonen kleinverpakking,vegetable potatoes
168813,646453,AH Terra Biologisch kikkererwten,AH Terra,groente-aardappelen,"Soepen, sauzen, kruiden, olie",Kikkererwten,1.29,1.29,,,,,330 g,prijs per kg €6.00,False,,,,,A,True,AH,https://www.ah.nl/producten/product/wi168813,2026-08-09,AH Terra Biologisch kikkererwten,vegetable potatoes
197296,540823,AH Kleine bloemkool,AH,groente-aardappelen,"Groente, aardappelen",Bloemkool,1.29,1.29,,,,,per stuk,,False,,,,,A,True,AH,https://www.ah.nl/producten/product/wi197296,2026-08-09,AH Kleine bloemkool,vegetable potatoes
196692,797851,AH BBQ mini krieltjes,AH,groente-aardappelen,"Groente, aardappelen",Krieltjes geschild,0.79,0.79,,,,,200 g,prijs per kg €3.95,False,,,,,B,True,AH,https://www.ah.nl/producten/product/wi196692,2026-08-09,AH BBQ mini krieltjes,vegetable potatoes
597255,45908,AH Halve kriel rozemarijn zeezout,AH,groente-aardappelen,"Groente, aardappelen",Krieltjes geschild,1.25,1.25,,VOOR 0.89,0.89,,500 g,normale prijs per kg €2.50,True,AH,VOOR 0.89,2026-08-03,2026-08-09,C,True,AH,https://www.ah.nl/producten/product/wi597255,2026-08-09,AH Halve kriel rozemarijn zeezout,vegetable potatoes
615291,0,AH Snijbonen kleinverpakking 2-pack,AH,groente-aardappelen,"Groente, aardappelen",Snijbonen,3.78,3.98,5.0,5% volume voordeel,,,2 stuks,,True,AHOO,5% volume voordeel,2026-08-09,2999-12-31,,True,AH,https://www.ah.nl/producten/product/wi615291,2026-08-09,AH Snijbonen kleinverpakking 2-pack,vegetable potatoes
195104,798352,Hak Doperwtjes,Hak,groente-aardappelen,"Groente, aardappelen",Doperwten,2.49,2.49,,1 + 1 gratis,,1.0,350 g,normale prijs per kg €10.83,True,AH,1 + 1 gratis,2026-08-10,2026-08-16,A,True,AH,https://www.ah.nl/producten/product/wi195104,2026-08-09,Hak Doperwtjes,vegetable potatoes
195106,798362,Hak Doperwtjes met worteltjes,Hak,groente-aardappelen,"Soepen, sauzen, kruiden, olie",Groentemix conserven,2.79,2.79,,1 + 1 gratis,,1.0,680 g,normale prijs per kg €6.20,True,AH,1 + 1 gratis,2026-08-10,2026-08-16,A,True,AH,https://www.ah.nl/producten/product/wi195106,2026-08-09,Hak Doperwtjes met worteltjes,vegetable potatoes
476323,729692,AH Krieltjes kleinverpakking,AH,groente-aardappelen,"Groente, aardappelen",Krieltjes geschild,0.79,0.79,,,,,200 g,prijs per kg €3.95,False,,,,,B,True,AH,https://www.ah.nl/producten/product/wi476323,2026-08-09,AH Krieltjes kleinverpakking,vegetable potatoes
504991,839867,AH Sugar snaps,AH,groente-aardappelen,"Groente, aardappelen",Peultjes,2.99,2.99,,,,,250 g,prijs per kg €11.96,False,,,,,A,True,AH,https://www.ah.nl/producten/product/wi504991,2026-08-09,AH Sugar snaps,vegetable potatoes
610245,0,Hak Doperwtjes 4-pack,Hak,groente-aardappelen,"Groente, aardappelen",Doperwten,8.96,9.96,10.0,10% volume voordeel,,,4 stuks,,True,AHOO,10% volume voordeel,2026-08-09,2026-08-09,,True,AH,https://www.ah.nl/producten/product/wi610245,2026-08-09,Hak Peas 4-pack,vegetable potatoes
96399,536500,AH Eikenblad slamelange,AH,groente-aardappelen,"Groente, aardappelen",Sla,1.59,1.59,,2e Halve Prijs,,2.0,100 g,normale prijs per kg €15.90,True,AH,2e Halve Prijs,2026-08-03,2026-08-09,A,True,AH,https://www.ah.nl/producten/product/wi96399,2026-08-09,AH Oak leaf lettuce blend,vegetable potatoes
133238,576914,AH Jonge bladsla met rucola,AH,groente-aardappelen,"Groente, aardappelen",Sla,1.89,1.89,,2e Halve Prijs,,2.0,100 g,normale prijs per kg €18.90,True,AH,2e Halve Prijs,2026-08-03,2026-08-09,A,True,AH,https://www.ah.nl/producten/product/wi133238,2026-08-09,AH Jonge bladsla met rucola,vegetable potatoes
226376,658104,AH Peen julienne,AH,groente-aardappelen,"Groente, aardappelen",Wortel en peen,1.99,1.99,,,,,300 g,prijs per kg €6.63,False,,,,,A,True,AH,https://www.ah.nl/producten/product/wi226376,2026-08-09,AH Peen julienne,vegetable potatoes
615292,0,AH Snijbonen kleinverpakking 3-pack,AH,groente-aardappelen,"Groente, aardappelen",Snijbonen,5.37,5.97,10.0,10% volume voordeel,,,3 stuks,,True,AHOO,10% volume voordeel,2026-08-09,2999-12-31,,True,AH,https://www.ah.nl/producten/product/wi615292,2026-08-09,AH Snijbonen kleinverpakking 3-pack,vegetable potatoes
198387,800281,AH Groentesoep verspakket,AH,groente-aardappelen,"Groente, aardappelen",Soeppakketten,4.99,4.99,,,,,6 pers | 30 min,,False,,,,,B,True,AH,https://www.ah.nl/producten/product/wi198387,2026-08-09,AH Vegetable soup fresh package,vegetable potatoes
127726,549727,AH Biologisch Vastkokende aardappelen,AH Biologisch,groente-aardappelen,"Groente, aardappelen",Vastkokende aardappelen,2.19,2.19,,,,,1 kg,prijs per kg €2.19,False,,,,,B,True,AH,https://www.ah.nl/producten/product/wi127726,2026-08-09,AH Organic Waxy potatoes,vegetable potatoes
167872,644792,AH Terra Linzen,AH Terra,groente-aardappelen,"Soepen, sauzen, kruiden, olie",Linzen,1.15,1.15,,,,,400 g,prijs per kg €4.34,False,,,,,A,True,AH,https://www.ah.nl/producten/product/wi167872,2026-08-09,AH Terra Linzen,vegetable potatoes
99028,502940,AH Luxe roerbak Provençaals,AH,groente-aardappelen,"Groente, aardappelen",Roerbakgroente,1.995,2.99,33.3,2 voor 3.99,3.99,2.0,400 g,normale prijs per kg €7.48,True,AH,2 voor 3.99,2026-08-10,2026-08-16,A,True,AH,https://www.ah.nl/producten/product/wi99028,2026-08-09,AH Luxury stir-fry Provencal,vegetable potatoes
104064,81345,Bonduelle Crispy maïs,Bonduelle,groente-aardappelen,"Soepen, sauzen, kruiden, olie",Mais conserven,2.19,2.19,,,,,300 g,prijs per kg €7.68,False,,,,,A,True,AH,https://www.ah.nl/producten/product/wi104064,2026-08-09,Bonduelle Crispy corn,vegetable potatoes
769,6430,AH Spinazie,AH,groente-aardappelen,Diepvries,Spinazie (diepvries),0.99,0.99,,,,,450 g,prijs per kg €2.20,False,,,,,A,True,AH,https://www.ah.nl/producten/product/wi769,2026-08-09,AH Spinazie,vegetable potatoes
108672,562194,AH Biologisch Iets kruimige aardappelen,AH Biologisch,groente-aardappelen,"Groente, aardappelen",Iets kruimige aardappelen,5.49,5.49,,,,,3 kg,prijs per kg €1.83,False,,,,,B,True,AH,https://www.ah.nl/producten/product/wi108672,2026-08-09,AH Biologisch Iets kruimige aardappelen,vegetable potatoes
418286,689621,AH Slamelange rodebiet,AH,groente-aardappelen,"Groente, aardappelen",Sla,2.69,2.69,,,,,150 g,prijs per kg €17.93,False,,,,,A,True,AH,https://www.ah.nl/producten/product/wi418286,2026-08-09,AH Slamelange rodebiet,vegetable potatoes
582313,25127,AH Macaroni groente,AH,groente-aardappelen,"Groente, aardappelen",Roerbakgroente,1.59,1.59,,,,,450 g,prijs per kg €3.53,False,,,,,A,True,AH,https://www.ah.nl/producten/product/wi582313,2026-08-09,AH Macaroni vegetable,vegetable potatoes
471758,677222,AH Terra Zwarte bonen,AH Terra,groente-aardappelen,"Soepen, sauzen, kruiden, olie",Zwarte bonen,0.79,0.79,,,,,200 g,prijs per kg €6.08,False,,,,,A,True,AH,https://www.ah.nl/producten/product/wi471758,2026-08-09,AH Terra Black beans,vegetable potatoes
167874,644794,AH Terra Kikkererwten,AH Terra,groente-aardappelen,"Soepen, sauzen, kruiden, olie",Kikkererwten,0.85,0.85,,,,,200 g,prijs per kg €6.54,False,,,,,A,True,AH,https://www.ah.nl/producten/product/wi167874,2026-08-09,AH Terra Kikkererwten,vegetable potatoes
494451,749689,AH Nasi bami groente kleinverpakking,AH,groente-aardappelen,"Groente, aardappelen",Roerbakgroente,1.69,1.69,,,,,250 g,prijs per kg €6.76,False,,,,,A,True,AH,https://www.ah.nl/producten/product/wi494451,2026-08-09,AH Nasi bami vegetable small packaging,vegetable potatoes
551190,757752,AH Snoepgroente radijsmix,AH,groente-aardappelen,"Groente, aardappelen",Snoepgroente,1.6667,2.19,23.9,3 voor 5.00,5.0,3.0,250 g,normale prijs per kg €8.76,True,AH,3 VOOR 5.00,2026-08-03,2026-08-09,A,True,AH,https://www.ah.nl/producten/product/wi551190,2026-08-09,AH Snoepgroente radijsmix,vegetable potatoes
399571,849228,AH Ovenfriet zoete aardappel,AH,groente-aardappelen,"Groente, aardappelen",Verse friet,2.09,2.09,,,,,400 g,prijs per kg €5.23,False,,,,,B,True,AH,https://www.ah.nl/producten/product/wi399571,2026-08-09,AH Ovenfriet zoete aardappel,vegetable potatoes
101170,530830,AH Biologisch Maïskorrels,AH Biologisch,groente-aardappelen,"Soepen, sauzen, kruiden, olie",Mais conserven,1.49,1.49,,,,,340 g,prijs per kg €5.23,False,,,,,A,True,AH,https://www.ah.nl/producten/product/wi101170,2026-08-09,AH Organic Corn Kernels,vegetable potatoes
615287,0,AH Nasi bami groente kleinverpakking 2-pack,AH,groente-aardappelen,"Groente, aardappelen",Roerbakgroente,3.21,3.38,5.0,5% volume voordeel,,,2 stuks,,True,AHOO,5% volume voordeel,2026-08-09,2999-12-31,,True,AH,https://www.ah.nl/producten/product/wi615287,2026-08-09,AH Nasi bami groente kleinverpakking 2-pack,vegetable potatoes
117618,570008,"AH Broccoli, wortel, bloemkool",AH,groente-aardappelen,"Groente, aardappelen",Roerbakgroente,2.69,2.69,,,,,400 g,prijs per kg €6.73,False,,,,,A,True,AH,https://www.ah.nl/producten/product/wi117618,2026-08-09,"AH Broccoli, wortel, bloemkool",vegetable potatoes
614189,72098,AH Snoepgroente delicious red,AH,groente-aardappelen,"Groente, aardappelen",Snoepgroente,2.99,2.99,,,,,270 g,prijs per kg €11.07,False,,,,,A,True,AH,https://www.ah.nl/producten/product/wi614189,2026-08-09,AH Snoepgroente delicious red,vegetable potatoes
378687,839782,AH Luxe wok Japans sojabonen wortel,AH,groente-aardappelen,"Groente, aardappelen",Wokgroente,1.995,3.09,35.4,2 voor 3.99,3.99,2.0,400 g,normale prijs per kg €7.73,True,AH,2 VOOR 3.99,2026-08-03,2026-08-09,A,True,AH,https://www.ah.nl/producten/product/wi378687,2026-08-09,AH Luxe wok Japans sojabonen wortel,vegetable potatoes
202678,797785,AH Aardappelgratin naturel,AH,groente-aardappelen,"Groente, aardappelen","Aardappel ovenschotel, gratin en puree",2.49,2.49,,,,,500 g,prijs per kg €4.98,False,,,,,C,True,AH,https://www.ah.nl/producten/product/wi202678,2026-08-09,AH Aardappelgratin naturel,vegetable potatoes
615283,0,AH Luxe wok Japans sojabonen wortel 2-pack,AH,groente-aardappelen,"Groente, aardappelen",Wokgroente,3.99,6.18,35.4,pakketkorting,,,2 stuks,,True,AHOO,,2026-08-09,2026-08-09,,True,AH,https://www.ah.nl/producten/product/wi615283,2026-08-09,AH Luxe wok Japans sojabonen wortel 2-pack,vegetable potatoes
193245,794408,AH Romaine sla,AH,groente-aardappelen,"Groente, aardappelen",Sla,2.99,2.99,,,,,200 g,prijs per kg €14.95,False,,,,,A,True,AH,https://www.ah.nl/producten/product/wi193245,2026-08-09,AH Romaine sla,vegetable potatoes
436415,57156,AH Zoete aardappelblokjes,AH,groente-aardappelen,"Groente, aardappelen",Zoete aardappelen,2.69,2.69,,,,,400 g,prijs per kg €6.73,False,,,,,B,True,AH,https://www.ah.nl/producten/product/wi436415,2026-08-09,AH Zoete aardappelblokjes,vegetable potatoes
395959,847358,AH Prei,AH,groente-aardappelen,"Groente, aardappelen",Prei,2.29,2.29,,,,,400 g,prijs per kg €5.73,False,,,,,A,True,AH,https://www.ah.nl/producten/product/wi395959,2026-08-09,AH Prei,vegetable potatoes
482844,737555,AH Flespompoen stukjes,AH,groente-aardappelen,"Groente, aardappelen",Pompoen,3.49,3.49,,,,,400 g,prijs per kg €8.73,False,,,,,A,True,AH,https://www.ah.nl/producten/product/wi482844,2026-08-09,AH Butternut squash pieces,vegetable potatoes
41078,91057,AH Gesneden uien,AH,groente-aardappelen,"Groente, aardappelen",Ui,1.79,1.79,,,,,150 g,prijs per kg €11.93,False,,,,,A,True,AH,https://www.ah.nl/producten/product/wi41078,2026-08-09,AH Sliced ​​onions,vegetable potatoes
94764,85977,AH Geschoonde spruitjes,AH,groente-aardappelen,"Groente, aardappelen",Spruitjes,2.59,2.59,,,,,350 g,prijs per kg €7.40,False,,,,,A,True,AH,https://www.ah.nl/producten/product/wi94764,2026-08-09,AH Cleaned Brussels sprouts,vegetable potatoes
239451,832874,AH Spitskool,AH,groente-aardappelen,"Groente, aardappelen",Spitskool,1.89,1.89,,,,,per stuk,,False,,,,,A,True,AH,https://www.ah.nl/producten/product/wi239451,2026-08-09,AH Spitskool,vegetable potatoes
155599,622963,AH Eikenblad slamelange grootverpakking,AH,groente-aardappelen,"Groente, aardappelen",Sla,2.59,2.59,,,,,200 g,prijs per kg €12.95,False,,,,,A,True,AH,https://www.ah.nl/producten/product/wi155599,2026-08-09,AH Oak leaf salad mix bulk packaging,vegetable potatoes
615288,0,AH Nasi bami groente kleinverpakking 3-pack,AH,groente-aardappelen,"Groente, aardappelen",Roerbakgroente,4.56,5.07,10.0,10% volume voordeel,,,3 stuks,,True,AHOO,10% volume voordeel,2026-08-09,2999-12-31,,True,AH,https://www.ah.nl/producten/product/wi615288,2026-08-09,AH Nasi bami vegetable small pack 3-pack,vegetable potatoes
395961,847360,AH Gesneden spitskool,AH,groente-aardappelen,"Groente, aardappelen",Spitskool,1.99,1.99,,,,,400 g,prijs per kg €4.98,False,,,,,A,True,AH,https://www.ah.nl/producten/product/wi395961,2026-08-09,AH Gesneden spitskool,vegetable potatoes
525249,47261,AH Luxe wok Japans,AH,groente-aardappelen,"Groente, aardappelen",Wokgroente,1.995,3.59,44.4,2 voor 3.99,3.99,2.0,400 g,normale prijs per kg €8.98,True,AH,2 VOOR 3.99,2026-08-03,2026-08-09,A,True,AH,https://www.ah.nl/producten/product/wi525249,2026-08-09,AH Luxe wok Japans,vegetable potatoes
615284,0,AH Luxe wok Japans sojabonen wortel 3-pack,AH,groente-aardappelen,"Groente, aardappelen",Wokgroente,7.08,9.27,23.6,pakketkorting,,,3 stuks,,True,AHOO,,2026-08-09,2026-08-09,,True,AH,https://www.ah.nl/producten/product/wi615284,2026-08-09,AH Luxe wok Japans sojabonen wortel 3-pack,vegetable potatoes
615773,72924,No Fairytales Zoete aardappel tortilla wraps,No Fairytales,groente-aardappelen,"Groente, aardappelen",Groentewraps,2.99,2.99,,,,,5 stuks,,False,,,,,A,True,AH,https://www.ah.nl/producten/product/wi615773,2026-08-09,No Fairytales Zoete aardappel tortilla wraps,vegetable potatoes
216290,810957,Kesbeke Amsterdamse augurkjes zoetzuur,Kesbeke,groente-aardappelen,"Soepen, sauzen, kruiden, olie",Augurken,2.35,2.35,,,,,"0,58 l",prijs per kg €7.83,False,,,,,A,True,AH,https://www.ah.nl/producten/product/wi216290,2026-08-09,Kesbeke Amsterdamse augurkjes zoetzuur,vegetable potatoes
67690,512438,AH Wokgroente Chinees kleinverpakking,AH,groente-aardappelen,"Groente, aardappelen",Wokgroente,1.99,1.99,,,,,250 g,prijs per kg €7.96,False,,,,,A,True,AH,https://www.ah.nl/producten/product/wi67690,2026-08-09,AH Chinese stir-fried vegetables in small packaging,vegetable potatoes
474478,727322,Heinz Tomato frito 2-pack,Heinz,groente-aardappelen,"Pasta, rijst, wereldkeuken","Gezeefde tomaten, frito, passata",2.35,2.35,,,,,2 x 212 g,prijs per kg €5.54,False,,,,,A,True,AH,https://www.ah.nl/producten/product/wi474478,2026-08-09,Heinz Tomato frito 2-pack,vegetable potatoes
615279,0,AH Luxe wok Japans 2-pack,AH,groente-aardappelen,"Groente, aardappelen",Wokgroente,3.99,7.18,44.4,pakketkorting,,,2 stuks,,True,AHOO,,2026-08-09,2026-08-09,,True,AH,https://www.ah.nl/producten/product/wi615279,2026-08-09,AH Luxe wok Japans 2-pack,vegetable potatoes
615299,0,AH Wokgroente Chinees kleinverpakking 2-pck,AH,groente-aardappelen,"Groente, aardappelen",Wokgroente,3.78,3.98,5.0,5% volume voordeel,,,2 stuks,,True,AHOO,5% volume voordeel,2026-08-09,2999-12-31,,True,AH,https://www.ah.nl/producten/product/wi615299,2026-08-09,AH Wok vegetables Chinese small pack 2-pc,vegetable potatoes
615280,0,AH Luxe wok Japans 3-pack,AH,groente-aardappelen,"Groente, aardappelen",Wokgroente,7.58,10.77,29.6,pakketkorting,,,3 stuks,,True,AHOO,,2026-08-09,2026-08-09,,True,AH,https://www.ah.nl/producten/product/wi615280,2026-08-09,AH Luxury wok Japanese 3-pack,vegetable potatoes
838,25674,AH Doperwten,AH,groente-aardappelen,"Groente, aardappelen",Doperwten,0.69,0.69,,,,,350 g,prijs per kg €3.00,False,,,,,A,True,AH,https://www.ah.nl/producten/product/wi838,2026-08-09,AH Doperwten,vegetable potatoes
395939,847337,AH Boerenkool kleinverpakking,AH,groente-aardappelen,"Groente, aardappelen",Boerenkool,1.89,1.89,,,,,150 g,prijs per kg €12.60,False,,,,,A,True,AH,https://www.ah.nl/producten/product/wi395939,2026-08-09,AH Boerenkool kleinverpakking,vegetable potatoes
188266,788910,AH Terra Cannellini bonen,AH Terra,groente-aardappelen,"Soepen, sauzen, kruiden, olie",Cannellini bonen,1.29,1.29,,,,,400 g,prijs per kg €5.12,False,,,,,A,True,AH,https://www.ah.nl/producten/product/wi188266,2026-08-09,AH Terra Cannellini bonen,vegetable potatoes
196694,797856,AH Aardappelpartjes kleinverpakking,AH,groente-aardappelen,"Groente, aardappelen",Aardappelpartjes,0.85,0.85,,,,,200 g,prijs per kg €4.25,False,,,,,A,True,AH,https://www.ah.nl/producten/product/wi196694,2026-08-09,AH Aardappelpartjes kleinverpakking,vegetable potatoes
188141,787961,AH Geschilde bospeen,AH,groente-aardappelen,"Groente, aardappelen",Wortel en peen,3.99,3.99,,,,,600 g,prijs per kg €6.65,False,,,,,A,True,AH,https://www.ah.nl/producten/product/wi188141,2026-08-09,AH Geschilde bospeen,vegetable potatoes
168090,644400,AH Roerbakgroente Italiaans champignons,AH,groente-aardappelen,"Groente, aardappelen",Roerbakgroente,1.99,1.99,,,,,250 g,prijs per kg €7.96,False,,,,,A,True,AH,https://www.ah.nl/producten/product/wi168090,2026-08-09,AH Stir-fry vegetables Italian mushrooms,vegetable potatoes
615300,0,AH Wokgroente Chinees kleinverpakking 3-pck,AH,groente-aardappelen,"Groente, aardappelen",Wokgroente,5.37,5.97,10.0,10% volume voordeel,,,3 stuks,,True,AHOO,10% volume voordeel,2026-08-09,2999-12-31,,True,AH,https://www.ah.nl/producten/product/wi615300,2026-08-09,AH Wokgroente Chinees kleinverpakking 3-pck,vegetable potatoes
51774,70832,AH Biologisch Zuurkool naturel,AH Biologisch,groente-aardappelen,"Groente, aardappelen",Zuurkool,1.09,1.09,,,,,520 g,prijs per kg €2.18,False,,,,,B,True,AH,https://www.ah.nl/producten/product/wi51774,2026-08-09,AH Biologisch Zuurkool naturel,vegetable potatoes
238973,831605,AH Selderij,AH,groente-aardappelen,"Groente, aardappelen",Verse kruiden,1.19,1.19,,,,,40 g,prijs per kg €29.75,False,,,,,A,True,AH,https://www.ah.nl/producten/product/wi238973,2026-08-09,AH Selderij,vegetable potatoes
39144,8453,AH Wortelen,AH,groente-aardappelen,"Soepen, sauzen, kruiden, olie",Wortelen (conserven),1.05,1.05,,,,,680 g,prijs per kg €2.47,False,,,,,A,True,AH,https://www.ah.nl/producten/product/wi39144,2026-08-09,AH Carrots,vegetable potatoes
201909,800702,Hak Sperziebonen,Hak,groente-aardappelen,"Soepen, sauzen, kruiden, olie",Sperziebonen (conserven),1.95,1.95,,1 + 1 gratis,,1.0,340 g,normale prijs per kg €10.54,True,AH,1 + 1 gratis,2026-08-10,2026-08-16,A,True,AH,https://www.ah.nl/producten/product/wi201909,2026-08-09,Hak Sperziebonen,vegetable potatoes
610260,0,Hak Sperziebonen 4-pack,Hak,groente-aardappelen,"Soepen, sauzen, kruiden, olie",Sperziebonen (conserven),7.02,7.8,10.0,10% volume voordeel,,,4 stuks,,True,AHOO,10% volume voordeel,2026-08-09,2026-08-09,,True,AH,https://www.ah.nl/producten/product/wi610260,2026-08-09,Hak Sperziebonen 4-pack,vegetable potatoes
615289,0,AH Roerbakgroente Italiaans champignons 2pk,AH,groente-aardappelen,"Groente, aardappelen",Roerbakgroente,3.78,3.98,5.0,5% volume voordeel,,,2 stuks,,True,AHOO,5% volume voordeel,2026-08-09,2999-12-31,,True,AH,https://www.ah.nl/producten/product/wi615289,2026-08-09,AH Stir-fry vegetables Italian mushrooms 2pk,vegetable potatoes
577543,20148,AH Biologisch Kappertjes,AH Biologisch,groente-aardappelen,"Soepen, sauzen, kruiden, olie",Kappertjes,0.75,0.75,,,,,100 g,prijs per kg €12.50,False,,,,,E,True,AH,https://www.ah.nl/producten/product/wi577543,2026-08-09,AH Biologisch Kappertjes,vegetable potatoes
620721,0,AH Biologisch Kappertjes 2-pack,AH Biologisch,groente-aardappelen,"Soepen, sauzen, kruiden, olie",Kappertjes,,,4.0,4% volume voordeel,,,2 stuks,,True,AH,4% volume voordeel,,,,True,AH,https://www.ah.nl/producten/product/wi620721,2026-08-09,AH Biologisch Kappertjes 2-pack,vegetable potatoes
620722,0,AH Biologisch Kappertjes 3-pack,AH Biologisch,groente-aardappelen,"Soepen, sauzen, kruiden, olie",Kappertjes,,,8.0,8% volume voordeel,,,3 stuks,,True,AH,8% volume voordeel,,,,True,AH,https://www.ah.nl/producten/product/wi620722,2026-08-09,AH Organic Capers 3-pack,vegetable potatoes
620723,0,AH Biologisch Kappertjes 4-pack,AH Biologisch,groente-aardappelen,"Soepen, sauzen, kruiden, olie",Kappertjes,,,10.0,10% volume voordeel,,,4 stuks,,True,AH,10% volume voordeel,,,,True,AH,https://www.ah.nl/producten/product/wi620723,2026-08-09,AH Biologisch Kappertjes 4-pack,vegetable potatoes
165859,627239,AH Biologisch Rode kool,AH Biologisch,groente-aardappelen,"Groente, aardappelen",Rode kool,2.29,2.29,,,,,300 g,prijs per kg €7.63,False,,,,,A,True,AH,https://www.ah.nl/producten/product/wi165859,2026-08-09,AH Organic Red cabbage,vegetable potatoes
197293,100746,AH Gesneden uien grootverpakking,AH,groente-aardappelen,"Groente, aardappelen",Ui,2.49,2.49,,,,,300 g,prijs per kg €8.30,False,,,,,A,True,AH,https://www.ah.nl/producten/product/wi197293,2026-08-09,AH Sliced ​​onions in bulk packaging,vegetable potatoes
569602,9460,AH Rode uienringen zoetzuur,AH,groente-aardappelen,"Soepen, sauzen, kruiden, olie",Amsterdamse uien,1.69,1.69,,,,,340 g,prijs per kg €8.45,False,,,,,A,True,AH,https://www.ah.nl/producten/product/wi569602,2026-08-09,AH Red onion rings sweet and sour,vegetable potatoes
409912,854518,AH Biologisch Spitskool,AH Biologisch,groente-aardappelen,"Groente, aardappelen",Spitskool,2.39,2.39,,,,,per stuk,,False,,,,,A,True,AH,https://www.ah.nl/producten/product/wi409912,2026-08-09,AH Organic Pointed Cabbage,vegetable potatoes
416508,857255,AH Tomaten fijngesneden knoflook-ui,AH,groente-aardappelen,"Pasta, rijst, wereldkeuken",Tomatenblokjes,1.39,1.39,,,,,400 g,prijs per kg €3.48,False,,,,,A,True,AH,https://www.ah.nl/producten/product/wi416508,2026-08-09,"AH Tomatoes, finely chopped garlic and onion",vegetable potatoes
399173,849091,AH Groene curry verspakket,AH,groente-aardappelen,"Groente, aardappelen",Ongesneden verspakketten,5.99,5.99,,,,,4 pers | 25 min,,False,,,,,C,True,AH,https://www.ah.nl/producten/product/wi399173,2026-08-09,AH Groene curry verspakket,vegetable potatoes
3861,43828,AH Boeren soepgroente,AH,groente-aardappelen,"Groente, aardappelen",Soepgroente,1.99,1.99,,,,,350 g,prijs per kg €5.69,False,,,,,A,True,AH,https://www.ah.nl/producten/product/wi3861,2026-08-09,AH Farmers soup vegetables,vegetable potatoes
468585,82404,AH Terra Linzen,AH Terra,groente-aardappelen,"Soepen, sauzen, kruiden, olie",Linzen,0.89,0.89,,,,,200 g,prijs per kg €6.85,False,,,,,A,True,AH,https://www.ah.nl/producten/product/wi468585,2026-08-09,AH Terra Linzen,vegetable potatoes
235200,828276,AH Biologisch Taugé,AH Biologisch,groente-aardappelen,"Groente, aardappelen",Kiemgroenten en tauge,1.19,1.19,,,,,100 g,prijs per kg €11.90,False,,,,,A,True,AH,https://www.ah.nl/producten/product/wi235200,2026-08-09,AH Biologisch Taugé,vegetable potatoes
525265,106477,AH Biologisch Shiitake,AH Biologisch,groente-aardappelen,"Groente, aardappelen",Paddenstoelen,2.19,2.19,,,,,125 g,prijs per kg €17.52,False,,,,,A,True,AH,https://www.ah.nl/producten/product/wi525265,2026-08-09,AH Organic Shiitake,vegetable potatoes
418292,689648,AH Biologisch Rode bieten geraspt,AH Biologisch,groente-aardappelen,"Groente, aardappelen",Rode bieten,2.49,2.49,,,,,400 g,prijs per kg €6.23,False,,,,,A,True,AH,https://www.ah.nl/producten/product/wi418292,2026-08-09,AH Biologisch Rode bieten geraspt,vegetable potatoes
615290,0,AH Roerbakgroente Italiaans champignons 3pk,AH,groente-aardappelen,"Groente, aardappelen",Roerbakgroente,5.37,5.97,10.0,10% volume voordeel,,,3 stuks,,True,AHOO,10% volume voordeel,2026-08-09,2999-12-31,,True,AH,https://www.ah.nl/producten/product/wi615290,2026-08-09,AH Stir-fry vegetables Italian mushrooms 3pk,vegetable potatoes
620466,0,AH Rode uienringen zoetzuur 2-pack,AH,groente-aardappelen,"Soepen, sauzen, kruiden, olie",Amsterdamse uien,3.31,3.38,2.0,2% volume voordeel,,,2 stuks,,True,AHOO,2% volume voordeel,2026-08-09,2999-12-31,,True,AH,https://www.ah.nl/producten/product/wi620466,2026-08-09,AH Red onion rings sweet and sour 2-pack,vegetable potatoes
550888,595827,AH Gesneden verspakket tomatenrisotto,AH,groente-aardappelen,"Groente, aardappelen",Gesneden verspakketten,6.89,6.89,,,,,2-3 pers | 30 m,prijs per kg €8.78,False,,,,,C,True,AH,https://www.ah.nl/producten/product/wi550888,2026-08-09,AH Gesneden verspakket tomatenrisotto,vegetable potatoes
207330,802249,Hak Rode kool met stukjes appel,Hak,groente-aardappelen,"Soepen, sauzen, kruiden, olie",Rode kool (conserven),2.35,2.35,,1 + 1 gratis,,1.0,355 g,normale prijs per kg €6.62,True,AH,1 + 1 gratis,2026-08-10,2026-08-16,B,True,AH,https://www.ah.nl/producten/product/wi207330,2026-08-09,Hak Rode kool met stukjes appel,vegetable potatoes
610259,0,Hak Rode kool met stukjes appel 4-pack,Hak,groente-aardappelen,"Soepen, sauzen, kruiden, olie",Rode kool (conserven),8.46,9.4,10.0,10% volume voordeel,,,4 stuks,,True,AHOO,10% volume voordeel,2026-08-09,2026-08-09,,True,AH,https://www.ah.nl/producten/product/wi610259,2026-08-09,Hak Rode kool met stukjes appel 4-pack,vegetable potatoes
195541,788846,AH Terra Lima bonen,AH Terra,groente-aardappelen,"Soepen, sauzen, kruiden, olie",Limabonen,1.29,1.29,,,,,400 g,prijs per kg €5.16,False,,,,,A,True,AH,https://www.ah.nl/producten/product/wi195541,2026-08-09,AH Terra Lima bonen,vegetable potatoes
168091,644401,AH Veldsla grootverpakking,AH,groente-aardappelen,"Groente, aardappelen",Sla,2.25,2.25,,,,,150 g,prijs per kg €15.00,False,,,,,A,True,AH,https://www.ah.nl/producten/product/wi168091,2026-08-09,AH Lamb's lettuce bulk packaging,vegetable potatoes
550007,578249,AH Biologisch Milde kiemgroente,AH Biologisch,groente-aardappelen,"Groente, aardappelen",Kiemgroenten en tauge,1.99,1.99,,,,,60 g,prijs per kg €33.17,False,,,,,A,True,AH,https://www.ah.nl/producten/product/wi550007,2026-08-09,AH Organic Mild sprouts,vegetable potatoes
202208,798360,Hak Worteltjes,Hak,groente-aardappelen,"Soepen, sauzen, kruiden, olie",Wortelen (conserven),1.99,1.99,,1 + 1 gratis,,1.0,350 g,normale prijs per kg €9.26,True,AH,1 + 1 gratis,2026-08-10,2026-08-16,A,True,AH,https://www.ah.nl/producten/product/wi202208,2026-08-09,Hak Carrots,vegetable potatoes
525248,54942,AH Luxe roerbak Italiaans cavolo nero,AH,groente-aardappelen,"Groente, aardappelen",Roerbakgroente,1.995,3.49,42.8,2 voor 3.99,3.99,2.0,400 g,normale prijs per kg €8.73,True,AH,2 voor 3.99,2026-08-10,2026-08-16,A,True,AH,https://www.ah.nl/producten/product/wi525248,2026-08-09,AH Luxe roerbak Italiaans cavolo nero,vegetable potatoes
610267,0,Hak Worteltjes 4-pack,Hak,groente-aardappelen,"Soepen, sauzen, kruiden, olie",Wortelen (conserven),7.16,7.96,10.0,10% volume voordeel,,,4 stuks,,True,AHOO,10% volume voordeel,2026-08-09,2026-08-09,,True,AH,https://www.ah.nl/producten/product/wi610267,2026-08-09,Hak Worteltjes 4-pack,vegetable potatoes
620468,0,AH Rode uienringen zoetzuur 4-pack,AH,groente-aardappelen,"Soepen, sauzen, kruiden, olie",Amsterdamse uien,6.35,6.76,6.0,6% volume voordeel,,,4 stuks,,True,AHOO,6% volume voordeel,2026-08-09,2999-12-31,,True,AH,https://www.ah.nl/producten/product/wi620468,2026-08-09,AH Rode uienringen zoetzuur 4-pack,vegetable potatoes
591683,39493,AH Polpa,AH,groente-aardappelen,"Pasta, rijst, wereldkeuken",Tomatenpulp,0.99,0.99,,,,,400 g,prijs per kg €2.48,False,,,,,A,True,AH,https://www.ah.nl/producten/product/wi591683,2026-08-09,AH Polpa,vegetable potatoes
615273,0,AH Boerenkool kleinverpakking 2-pack,AH,groente-aardappelen,"Groente, aardappelen",Boerenkool,3.59,3.78,5.0,5% volume voordeel,,,2 stuks,,True,AHOO,5% volume voordeel,2026-08-09,2999-12-31,,True,AH,https://www.ah.nl/producten/product/wi615273,2026-08-09,AH Boerenkool kleinverpakking 2-pack,vegetable potatoes
594652,43348,AH Biologisch Ruby Delight cocktail trostomaten,AH Biologisch,groente-aardappelen,"Groente, aardappelen",Tomaten,2.99,2.99,,,,,300 g,prijs per kg €9.97,False,,,,,A,True,AH,https://www.ah.nl/producten/product/wi594652,2026-08-09,AH Biologisch Ruby Delight cocktail trostomaten,vegetable potatoes
139463,609632,AH Rauwkost paprika,AH,groente-aardappelen,"Groente, aardappelen",Rauwkost,2.0,2.49,19.7,2 voor 4.00,4.0,2.0,150 g,normale prijs per kg €16.60,True,AH,2 VOOR 4.00,2026-08-03,2026-08-09,A,True,AH,https://www.ah.nl/producten/product/wi139463,2026-08-09,AH Raw vegetables peppers,vegetable potatoes
620467,0,AH Rode uienringen zoetzuur 3-pack,AH,groente-aardappelen,"Soepen, sauzen, kruiden, olie",Amsterdamse uien,4.87,5.07,4.0,4% volume voordeel,,,3 stuks,,True,AHOO,4% volume voordeel,2026-08-09,2999-12-31,,True,AH,https://www.ah.nl/producten/product/wi620467,2026-08-09,AH Rode uienringen zoetzuur 3-pack,vegetable potatoes
575194,16868,AH Sweet cherry mix tomaten,AH,groente-aardappelen,"Groente, aardappelen",Tomaten,3.49,3.49,,,,,300 g,prijs per kg €11.63,False,,,,,A,True,AH,https://www.ah.nl/producten/product/wi575194,2026-08-09,AH Sweet cherry mix tomaten,vegetable potatoes
230674,817372,AH Bloemkoolroosjes kleinverpakking,AH,groente-aardappelen,"Groente, aardappelen",Bloemkool,1.99,1.99,,,,,200 g,prijs per kg €9.95,False,,,,,A,True,AH,https://www.ah.nl/producten/product/wi230674,2026-08-09,AH Bloemkoolroosjes kleinverpakking,vegetable potatoes
601303,52739,AH Biologisch Snoepgroente wortel,AH Biologisch,groente-aardappelen,"Groente, aardappelen",Snoepgroente,1.6667,1.89,11.8,3 voor 5.00,5.0,3.0,250 g,normale prijs per kg €7.56,True,AH,3 VOOR 5.00,2026-08-03,2026-08-09,A,True,AH,https://www.ah.nl/producten/product/wi601303,2026-08-09,AH Biologisch Snoepgroente wortel,vegetable potatoes
123955,549734,AH Kruimige aardappelen,AH,groente-aardappelen,"Groente, aardappelen",Kruimige aardappelen,1.29,1.29,,,,,1 kg,prijs per kg €1.29,False,,,,,B,True,AH,https://www.ah.nl/producten/product/wi123955,2026-08-09,AH Kruimige aardappelen,vegetable potatoes
435499,46987,AH IJsbergsla melange,AH,groente-aardappelen,"Groente, aardappelen",Sla,1.09,1.09,,2e Halve Prijs,,2.0,100 g,normale prijs per kg €10.90,True,AH,2e Halve Prijs,2026-08-03,2026-08-09,A,True,AH,https://www.ah.nl/producten/product/wi435499,2026-08-09,AH IJsbergsla melange,vegetable potatoes
615271,0,AH Bloemkoolroosjes kleinverpakking 2-pack,AH,groente-aardappelen,"Groente, aardappelen",Bloemkool,3.78,3.98,5.0,5% volume voordeel,,,2 stuks,,True,AHOO,5% volume voordeel,2026-08-09,2999-12-31,,True,AH,https://www.ah.nl/producten/product/wi615271,2026-08-09,AH Cauliflower florets small pack 2-pack,vegetable potatoes
365961,832995,Hak Bruine bonen,Hak,groente-aardappelen,"Soepen, sauzen, kruiden, olie",Bruine bonen,3.09,3.09,,1 + 1 gratis,,1.0,720 g,normale prijs per kg €6.65,True,AH,1 + 1 gratis,2026-08-10,2026-08-16,A,True,AH,https://www.ah.nl/producten/product/wi365961,2026-08-09,Hak Brown beans,vegetable potatoes
41113,84891,AH Gesneden champignons,AH,groente-aardappelen,"Groente, aardappelen",Champignons,1.39,1.39,,,,,125 g,prijs per kg €11.12,False,,,,,A,True,AH,https://www.ah.nl/producten/product/wi41113,2026-08-09,AH Gesneden champignons,vegetable potatoes
377126,837492,AH Knoflook,AH,groente-aardappelen,"Groente, aardappelen",Knoflook,2.59,2.59,,,,,250 g,prijs per kg €10.36,False,,,,,A,True,AH,https://www.ah.nl/producten/product/wi377126,2026-08-09,AH Knoflook,vegetable potatoes
160716,627240,AH Biologisch Witte kool,AH Biologisch,groente-aardappelen,"Groente, aardappelen","Witte kool, Chinese kool en koolrabi",1.99,1.99,,,,,300 g,prijs per kg €6.63,False,,,,,A,True,AH,https://www.ah.nl/producten/product/wi160716,2026-08-09,AH Organic White cabbage,vegetable potatoes
187844,604987,AH Wokgroente Chinees grootverpakking,AH,groente-aardappelen,"Groente, aardappelen",Wokgroente,2.99,2.99,,,,,600 g,prijs per kg €4.98,False,,,,,A,True,AH,https://www.ah.nl/producten/product/wi187844,2026-08-09,AH Wokgroente Chinees grootverpakking,vegetable potatoes
504990,839851,AH Peulen,AH,groente-aardappelen,"Groente, aardappelen",Peultjes,2.89,2.89,,,,,250 g,prijs per kg €11.56,False,,,,,A,True,AH,https://www.ah.nl/producten/product/wi504990,2026-08-09,AH Peulen,vegetable potatoes
613637,71774,AH Crispy green sla,AH,groente-aardappelen,"Groente, aardappelen",Sla,1.39,1.39,,,,,per stuk,,False,,,,,A,True,AH,https://www.ah.nl/producten/product/wi613637,2026-08-09,AH Crispy green sla,vegetable potatoes
525237,800372,AH Gesneden verspakket bami,AH,groente-aardappelen,"Groente, aardappelen",Gesneden verspakketten,6.99,6.99,,,,,2-3 pers|20 min,,False,,,,,B,True,AH,https://www.ah.nl/producten/product/wi525237,2026-08-09,AH Gesneden verspakket bami,vegetable potatoes
238974,831606,AH Tijm,AH,groente-aardappelen,"Groente, aardappelen",Verse kruiden,1.19,1.19,,,,,15 g,prijs per kg €79.33,False,,,,,A,True,AH,https://www.ah.nl/producten/product/wi238974,2026-08-09,AH Tijm,vegetable potatoes
569513,9431,Hak Kikkererwten,Hak,groente-aardappelen,"Soepen, sauzen, kruiden, olie",Kikkererwten,1.49,1.49,,1 + 1 gratis,,1.0,380 g,normale prijs per kg €6.48,True,AH,1 + 1 gratis,2026-08-10,2026-08-16,A,True,AH,https://www.ah.nl/producten/product/wi569513,2026-08-09,Hak Kikkererwten,vegetable potatoes
610540,0,Hak Kikkererwten 4-pack,Hak,groente-aardappelen,"Soepen, sauzen, kruiden, olie",Kikkererwten,5.36,5.96,10.0,10% volume voordeel,,,4 stuks,,True,AHOO,10% volume voordeel,2026-08-09,2026-08-09,,True,AH,https://www.ah.nl/producten/product/wi610540,2026-08-09,Hak Kikkererwten 4-pack,vegetable potatoes
823,25656,AH Gebroken sperziebonen,AH,groente-aardappelen,"Soepen, sauzen, kruiden, olie",Sperziebonen (conserven),0.75,0.75,,,,,340 g,prijs per kg €4.41,False,,,,,A,True,AH,https://www.ah.nl/producten/product/wi823,2026-08-09,AH Gebroken sperziebonen,vegetable potatoes
615272,0,AH Bloemkoolroosjes kleinverpakking 3-pack,AH,groente-aardappelen,"Groente, aardappelen",Bloemkool,5.37,5.97,10.0,10% volume voordeel,,,3 stuks,,True,AHOO,10% volume voordeel,2026-08-09,2999-12-31,,True,AH,https://www.ah.nl/producten/product/wi615272,2026-08-09,AH Bloemkoolroosjes kleinverpakking 3-pack,vegetable potatoes
588946,33721,AH Wokgroente oosters,AH,groente-aardappelen,"Groente, aardappelen",Wokgroente,1.995,2.69,25.8,2 voor 3.99,3.99,2.0,400 g,normale prijs per kg €6.73,True,AH,2 VOOR 3.99,2026-08-03,2026-08-09,A,True,AH,https://www.ah.nl/producten/product/wi588946,2026-08-09,AH Wok vegetables oriental,vegetable potatoes
525431,579236,AH Fusilli salsa rossa verspakket,AH,groente-aardappelen,"Groente, aardappelen",Ongesneden verspakketten,5.99,5.99,,,,,4 pers | 30 min,,False,,,,,B,True,AH,https://www.ah.nl/producten/product/wi525431,2026-08-09,AH Fusilli salsa rossa verspakket,vegetable potatoes
615274,0,AH Boerenkool kleinverpakking 3-pack,AH,groente-aardappelen,"Groente, aardappelen",Boerenkool,5.1,5.67,10.0,10% volume voordeel,,,3 stuks,,True,AHOO,10% volume voordeel,2026-08-09,2999-12-31,,True,AH,https://www.ah.nl/producten/product/wi615274,2026-08-09,AH Boerenkool kleinverpakking 3-pack,vegetable potatoes
182914,644795,AH Terra Kidneybonen,AH Terra,groente-aardappelen,"Soepen, sauzen, kruiden, olie",Kidney bonen,0.49,0.49,,,,,200 g,prijs per kg €3.92,False,,,,,A,True,AH,https://www.ah.nl/producten/product/wi182914,2026-08-09,AH Terra Kidneybonen,vegetable potatoes
182993,646408,Bonduelle Crispy maïs bio,Bonduelle,groente-aardappelen,"Soepen, sauzen, kruiden, olie",Mais conserven,0.83,2.19,62.1,3 voor 2.49,2.49,3.0,150 g,normale prijs per kg €15.64,True,AH,3 VOOR 2.49,2026-08-03,2026-08-09,A,True,AH,https://www.ah.nl/producten/product/wi182993,2026-08-09,Bonduelle Crispy maïs bio,vegetable potatoes
195102,798343,Hak Witte bonen in tomatensaus,Hak,groente-aardappelen,"Soepen, sauzen, kruiden, olie",Witte bonen,3.29,3.29,,1 + 1 gratis,,1.0,720 g,normale prijs per kg €4.57,True,AH,1 + 1 gratis,2026-08-10,2026-08-16,A,True,AH,https://www.ah.nl/producten/product/wi195102,2026-08-09,Hak White beans in tomato sauce,vegetable potatoes
379922,844991,AH Bloemkoolrijst,AH,groente-aardappelen,"Groente, aardappelen","Groentepasta, rijst",1.89,1.89,,,,,400 g,prijs per kg €4.73,False,,,,,A,True,AH,https://www.ah.nl/producten/product/wi379922,2026-08-09,AH Bloemkoolrijst,vegetable potatoes
168093,644403,AH Kleintje thaise wokgroente,AH,groente-aardappelen,"Groente, aardappelen",Wokgroente,1.99,1.99,,,,,250 g,prijs per kg €7.96,False,,,,,A,True,AH,https://www.ah.nl/producten/product/wi168093,2026-08-09,AH Small Thai stir-fried vegetables,vegetable potatoes
615301,0,AH Wokgroente oosters 2-pack,AH,groente-aardappelen,"Groente, aardappelen",Wokgroente,3.99,5.38,25.8,pakketkorting,,,2 stuks,,True,AHOO,,2026-08-09,2026-08-09,,True,AH,https://www.ah.nl/producten/product/wi615301,2026-08-09,AH Wokgroente oosters 2-pack,vegetable potatoes
615305,0,AH Kleintje thaise wokgroente 2-pack,AH,groente-aardappelen,"Groente, aardappelen",Wokgroente,3.78,3.98,5.0,5% volume voordeel,,,2 stuks,,True,AHOO,5% volume voordeel,2026-08-09,2999-12-31,,True,AH,https://www.ah.nl/producten/product/wi615305,2026-08-09,AH Small Thai wok vegetables 2-pack,vegetable potatoes
399645,849230,No Fairytales Wortel tortilla wraps,No Fairytales,groente-aardappelen,"Groente, aardappelen",Groentewraps,2.99,2.99,,,,,5 stuks,,False,,,,,A,True,AH,https://www.ah.nl/producten/product/wi399645,2026-08-09,No Fairytales Wortel tortilla wraps,vegetable potatoes
435437,47028,AH Jonge bladsla met rucola kleinverpakking,AH,groente-aardappelen,"Groente, aardappelen",Sla,1.39,1.39,,,,,50 g,prijs per kg €27.80,False,,,,,A,True,AH,https://www.ah.nl/producten/product/wi435437,2026-08-09,AH Jonge bladsla met rucola kleinverpakking,vegetable potatoes
525871,87060,AH Zoete uien,AH,groente-aardappelen,"Groente, aardappelen",Ui,1.59,1.59,,,,,3 stuks,,False,,,,,A,True,AH,https://www.ah.nl/producten/product/wi525871,2026-08-09,AH Zoete uien,vegetable potatoes
207534,802256,Hak Rode kool met stukjes appel,Hak,groente-aardappelen,"Soepen, sauzen, kruiden, olie",Rode kool (conserven),2.99,2.99,,1 + 1 gratis,,1.0,700 g,normale prijs per kg €4.27,True,AH,1 + 1 gratis,2026-08-10,2026-08-16,B,True,AH,https://www.ah.nl/producten/product/wi207534,2026-08-09,Hak Rode kool met stukjes appel,vegetable potatoes
469776,721986,AH Basis soepgroente,AH,groente-aardappelen,"Groente, aardappelen",Soepgroente,1.25,1.25,,,,,400 g,prijs per kg €3.13,False,,,,,A,True,AH,https://www.ah.nl/producten/product/wi469776,2026-08-09,AH Basis soepgroente,vegetable potatoes
41186,88678,AH Chinese kool,AH,groente-aardappelen,"Groente, aardappelen","Witte kool, Chinese kool en koolrabi",1.99,1.99,,,,,per stuk,,False,,,,,A,True,AH,https://www.ah.nl/producten/product/wi41186,2026-08-09,AH Chinese kool,vegetable potatoes
525240,21851,AH Gesneden verspakket pita gyros,AH,groente-aardappelen,"Groente, aardappelen",Gesneden verspakketten,6.99,6.99,,,,,2 pers | 15 min,,False,,,,,B,True,AH,https://www.ah.nl/producten/product/wi525240,2026-08-09,AH Sliced ​​fresh package of pita gyros,vegetable potatoes
367212,833752,Zespri Kiwi sungold,Zespri,fruit-verse-sappen,"Fruit, verse sappen",Kiwi,6.59,6.59,,,,,750 g,prijs per kg €8.79,False,,,,,A,True,AH,https://www.ah.nl/producten/product/wi367212,2026-08-09,Zespri Kiwi sungold,fresh fruit juices
505698,853219,Zespri Sungold kiwi bio,Zespri,fruit-verse-sappen,"Fruit, verse sappen",Kiwi,5.49,5.49,,,,,4 stuks,,False,,,,,A,True,AH,https://www.ah.nl/producten/product/wi505698,2026-08-09,Zespri Sungold kiwi organic,fresh fruit juices
491168,745534,AH Nederlandse aardbeien,AH,fruit-verse-sappen,"Fruit, verse sappen",Aardbeien,2.995,3.99,24.9,2 voor 5.99,5.99,2.0,400 g,normale prijs per kg €9.98,True,AH,2 VOOR 5.99,2026-08-03,2026-08-09,A,True,AH,https://www.ah.nl/producten/product/wi491168,2026-08-09,AH Nederlandse aardbeien,fresh fruit juices
197393,767854,AH Bananen tros,AH,fruit-verse-sappen,"Fruit, verse sappen",Bananen,1.49,1.49,,,,,Tros,,False,,,,,A,True,AH,https://www.ah.nl/producten/product/wi197393,2026-08-09,AH Bananen tros,fresh fruit juices
368480,834184,AH Biologisch Fairtrade bananen,AH Biologisch,fruit-verse-sappen,"Fruit, verse sappen",Bananen,2.39,2.39,,,,,5 stuks,,False,,,,,A,True,AH,https://www.ah.nl/producten/product/wi368480,2026-08-09,AH Biologisch Fairtrade bananen,fresh fruit juices
523724,82867,Zespri Kiwi sungold,Zespri,fruit-verse-sappen,"Fruit, verse sappen",Kiwi,3.49,3.49,,,,,3 stuks,,False,,,,,A,True,AH,https://www.ah.nl/producten/product/wi523724,2026-08-09,Zespri Kiwi sungold,fresh fruit juices
177754,587596,AH Blauwe bessen,AH,fruit-verse-sappen,"Fruit, verse sappen",Blauwe bessen,3.42,4.89,30.0,30% korting,,,300 g,normale prijs per kg €16.30,True,AH,30% korting,2026-08-10,2026-08-16,A,True,AH,https://www.ah.nl/producten/product/wi177754,2026-08-09,AH Blueberries,fresh fruit juices
80585,521838,AH Witte druiven pitloos,AH,fruit-verse-sappen,"Fruit, verse sappen",Druiven,2.59,2.59,,1 + 1 GRATIS,,1.0,500 g,normale prijs per kg €5.18,True,AH,1 + 1 GRATIS,2026-08-03,2026-08-09,A,True,AH,https://www.ah.nl/producten/product/wi80585,2026-08-09,AH Witte druiven pitloos,fresh fruit juices
595323,44089,Chiquita Ready to eat bananen,Chiquita,fruit-verse-sappen,"Fruit, verse sappen",Bananen,1.75,2.19,20.1,2 voor 3.50,3.5,2.0,5 stuks,,True,AH,2 VOOR 3.50,2026-08-03,2026-08-09,A,True,AH,https://www.ah.nl/producten/product/wi595323,2026-08-09,Chiquita Ready to eat bananen,fresh fruit juices
604045,0,Chiquita ready to eat 2-pack,Chiquita,fruit-verse-sappen,"Fruit, verse sappen",Bananen,3.5,4.38,20.1,pakketkorting,,,2 stuks,,True,AHOO,,2026-08-09,2026-08-09,,True,AH,https://www.ah.nl/producten/product/wi604045,2026-08-09,Chiquita ready to eat 2-pack,fresh fruit juices
93224,20869,AH Mango,AH,fruit-verse-sappen,"Fruit, verse sappen",Mango,1.99,1.99,,,,,per stuk,,False,,,,,A,True,AH,https://www.ah.nl/producten/product/wi93224,2026-08-09,AH Mango,fresh fruit juices
596101,0,Chiquita Groen & Geel mix 4-pakket,Chiquita,fruit-verse-sappen,"Fruit, verse sappen",Bananen,7.0,8.76,20.1,pakketkorting,,,per pakket,,True,AHOO,,2026-08-09,2026-08-09,,True,AH,https://www.ah.nl/producten/product/wi596101,2026-08-09,Chiquita Groen & Geel mix 4-pakket,fresh fruit juices
141,20842,AH Galia meloen,AH,fruit-verse-sappen,"Fruit, verse sappen",Meloenen,2.79,2.79,50.0,2 stapelen tot 50%,,2.0,per stuk,,True,AH,2 stapelen tot 50%,2026-08-10,2026-08-16,A,True,AH,https://www.ah.nl/producten/product/wi141,2026-08-09,AH Galia meloen,fresh fruit juices
595324,44090,Chiquita Groene bananen,Chiquita,fruit-verse-sappen,"Fruit, verse sappen",Bananen,1.75,2.19,20.1,2 voor 3.50,3.5,2.0,5 stuks,,True,AH,2 VOOR 3.50,2026-08-03,2026-08-09,A,True,AH,https://www.ah.nl/producten/product/wi595324,2026-08-09,Chiquita Green bananas,fresh fruit juices
596099,0,Chiquita Groene bananen 2-pack,Chiquita,fruit-verse-sappen,"Fruit, verse sappen",Bananen,3.5,4.38,20.1,pakketkorting,,,2 stuks,,True,AHOO,,2026-08-09,2026-08-09,,True,AH,https://www.ah.nl/producten/product/wi596099,2026-08-09,Chiquita Green bananas 2-pack,fresh fruit juices
221526,817687,AH Mini watermeloen,AH,fruit-verse-sappen,"Fruit, verse sappen",Meloenen,3.79,3.79,,,,,per stuk,,False,,,,,A,True,AH,https://www.ah.nl/producten/product/wi221526,2026-08-09,AH Mini watermeloen,fresh fruit juices
100232,542683,AH Rode druiven pitloos,AH,fruit-verse-sappen,"Fruit, verse sappen",Druiven,2.79,2.79,,,,,500 g,prijs per kg €5.58,False,,,,,A,True,AH,https://www.ah.nl/producten/product/wi100232,2026-08-09,AH Red grapes seedless,fresh fruit juices
117190,516797,Pink Lady Appels schaal,Pink Lady,fruit-verse-sappen,"Fruit, verse sappen",Schaal,3.39,3.39,,,,,4 stuks,,False,,,,,A,True,AH,https://www.ah.nl/producten/product/wi117190,2026-08-09,Pink Lady Appels schaal,fresh fruit juices
598453,0,Pink Lady Appels schaal 2-pack,Pink Lady,fruit-verse-sappen,"Fruit, verse sappen",Schaal,6.44,6.78,5.0,5% volume voordeel,,,2 stuks,,True,AHOO,5% volume voordeel,2026-08-09,2999-12-31,,True,AH,https://www.ah.nl/producten/product/wi598453,2026-08-09,Pink Lady Appels schaal 2-pack,fresh fruit juices
100860,557635,AH Nectarines schaal,AH,fruit-verse-sappen,"Fruit, verse sappen",Nectarines,2.39,3.99,40.0,40% korting,,,1 kg,normale prijs per kg €3.99,True,AH,40% korting,2026-08-03,2026-08-09,A,True,AH,https://www.ah.nl/producten/product/wi100860,2026-08-09,AH Nectarines schaal,fresh fruit juices
383655,842982,AH Conference bak,AH,fruit-verse-sappen,"Fruit, verse sappen",Peren,2.19,2.19,,,,,1 kg,prijs per kg €2.19,False,,,,,A,True,AH,https://www.ah.nl/producten/product/wi383655,2026-08-09,AH Conference bak,fresh fruit juices
577882,21268,AH Nederlandse kersen,AH,fruit-verse-sappen,"Fruit, verse sappen",Kersen,2.995,4.99,40.0,2 voor 5.99,5.99,2.0,350 g,normale prijs per kg €14.26,True,AH,2 VOOR 5.99,2026-08-03,2026-08-09,A,True,AH,https://www.ah.nl/producten/product/wi577882,2026-08-09,AH Nederlandse kersen,fresh fruit juices
107671,81582,AH Cantaloupe meloen,AH,fruit-verse-sappen,"Fruit, verse sappen",Meloenen,2.79,2.79,50.0,2 stapelen tot 50%,,2.0,per stuk,,True,AH,2 stapelen tot 50%,2026-08-10,2026-08-16,A,True,AH,https://www.ah.nl/producten/product/wi107671,2026-08-09,AH Cantaloupe meloen,fresh fruit juices
619155,0,AH Conference bak 2-pack,AH,fruit-verse-sappen,"Fruit, verse sappen",Peren,4.25,4.38,3.0,3% volume voordeel,,,2 stuks,,True,AHOO,3% volume voordeel,2026-08-09,2999-12-31,,True,AH,https://www.ah.nl/producten/product/wi619155,2026-08-09,AH Conference bak 2-pack,fresh fruit juices
619157,0,AH Conference bak 4-pack,AH,fruit-verse-sappen,"Fruit, verse sappen",Peren,7.88,8.76,10.0,10% volume voordeel,,,4 stuks,,True,AHOO,10% volume voordeel,2026-08-09,2999-12-31,,True,AH,https://www.ah.nl/producten/product/wi619157,2026-08-09,AH Conference bak 4-pack,fresh fruit juices
519637,82879,AH Biologisch Blauwe bessen,AH Biologisch,fruit-verse-sappen,"Fruit, verse sappen",Blauwe bessen,3.39,4.39,22.8,€1.00 euro korting,,,200 g,normale prijs per kg €21.95,True,AH,1 EURO KORTING,2026-08-03,2026-08-09,A,True,AH,https://www.ah.nl/producten/product/wi519637,2026-08-09,AH Biologisch Blauwe bessen,fresh fruit juices
619156,0,AH Conference bak 3-pack,AH,fruit-verse-sappen,"Fruit, verse sappen",Peren,6.24,6.57,5.0,5% volume voordeel,,,3 stuks,,True,AHOO,5% volume voordeel,2026-08-09,2999-12-31,,True,AH,https://www.ah.nl/producten/product/wi619156,2026-08-09,AH Conference container 3-pack,fresh fruit juices
129993,590269,AH Zoete kleine appeltjes,AH,fruit-verse-sappen,"Fruit, verse sappen",Zakken,3.29,3.29,,,,,1 kg,prijs per kg €3.29,False,,,,,A,True,AH,https://www.ah.nl/producten/product/wi129993,2026-08-09,AH Sweet little apples,fresh fruit juices
618365,0,AH Zoete kleine appeltjes 2-pack,AH,fruit-verse-sappen,"Fruit, verse sappen",Zakken,6.38,6.58,3.0,3% volume voordeel,,,2 stuks,,True,AHOO,3% volume voordeel,2026-08-09,2999-12-31,,True,AH,https://www.ah.nl/producten/product/wi618365,2026-08-09,AH Zoete kleine appeltjes 2-pack,fresh fruit juices
618366,0,AH Zoete kleine appeltjes 4-pack,AH,fruit-verse-sappen,"Fruit, verse sappen",Zakken,11.84,13.16,10.0,10% volume voordeel,,,4 stuks,,True,AHOO,10% volume voordeel,2026-08-09,2999-12-31,,True,AH,https://www.ah.nl/producten/product/wi618366,2026-08-09,AH Sweet little apples 4-pack,fresh fruit juices
559182,0,AH Zoete kleine appeltjes 3-pack,AH,fruit-verse-sappen,"Fruit, verse sappen",Zakken,9.38,9.87,5.0,5% volume voordeel,,,3 stuks,,True,AHOO,5% volume voordeel,2026-08-09,2999-12-31,,True,AH,https://www.ah.nl/producten/product/wi559182,2026-08-09,AH Sweet little apples 3-pack,fresh fruit juices
94782,548401,AH Mandarijnen,AH,fruit-verse-sappen,"Fruit, verse sappen",Mandarijnen,2.79,2.79,,,,,1 kg,prijs per kg €2.79,False,,,,,A,True,AH,https://www.ah.nl/producten/product/wi94782,2026-08-09,AH Mandarijnen,fresh fruit juices
618384,0,Coca-Cola Original. taste 4pk,Coca-Cola,fruit-verse-sappen,"Fruit, verse sappen",Bananen,4.58,9.16,50.0,pakketkorting,,,4 stuks,,True,AHOO,,2026-08-09,2026-08-09,,True,AH,https://www.ah.nl/producten/product/wi618384,2026-08-09,Coca Cola Original. taste 4hp,fresh fruit juices
618376,0,Coca-Cola Original taste 5-pack,Coca-Cola,fruit-verse-sappen,"Fruit, verse sappen",Bananen,6.87,11.45,40.0,pakketkorting,,,5 stuks,,True,AHOO,,2026-08-09,2026-08-09,,True,AH,https://www.ah.nl/producten/product/wi618376,2026-08-09,Coca-Cola Original taste 5-pack,fresh fruit juices
565851,4727,AH Citroen,AH,fruit-verse-sappen,"Fruit, verse sappen",Citroenen,1.59,1.59,,,,,500 g,prijs per kg €3.18,False,,,,,A,True,AH,https://www.ah.nl/producten/product/wi565851,2026-08-09,AH Citroen,fresh fruit juices
439903,703341,AH Wilde perziken schaal,AH,fruit-verse-sappen,"Fruit, verse sappen",Perziken,2.39,3.99,40.0,40% korting,,,1 kg,normale prijs per kg €3.99,True,AH,40% korting,2026-08-03,2026-08-09,A,True,AH,https://www.ah.nl/producten/product/wi439903,2026-08-09,AH Wilde perziken schaal,fresh fruit juices
230708,45371,AH Citroen,AH,fruit-verse-sappen,"Fruit, verse sappen",Citroenen,0.69,0.69,,,,,per stuk,,False,,,,,A,True,AH,https://www.ah.nl/producten/product/wi230708,2026-08-09,AH Citroen,fresh fruit juices
67896,542405,AH Handsinaasappelen,AH,fruit-verse-sappen,"Fruit, verse sappen",Sinaasappels,3.29,3.29,,,,,2 kg,prijs per kg €1.65,False,,,,,A,True,AH,https://www.ah.nl/producten/product/wi67896,2026-08-09,AH Handsinaasappelen,fresh fruit juices
96271,101409,AH Perssinaasappelen,AH,fruit-verse-sappen,"Fruit, verse sappen",Sinaasappels,1.995,3.09,35.4,2 voor 3.99,3.99,2.0,2 kg,normale prijs per kg €1.55,True,AH,2 VOOR 3.99,2026-08-03,2026-08-09,A,True,AH,https://www.ah.nl/producten/product/wi96271,2026-08-09,AH Press oranges,fresh fruit juices
367237,833879,AH Nederlandse frambozen,AH,fruit-verse-sappen,"Fruit, verse sappen",Frambozen,2.99,2.99,,,,,140 g,prijs per kg €21.36,False,,,,,A,True,AH,https://www.ah.nl/producten/product/wi367237,2026-08-09,AH Nederlandse frambozen,fresh fruit juices
571711,13967,AH Ananas eetrijp,AH,fruit-verse-sappen,"Fruit, verse sappen",Ananas,1.5,2.29,34.5,2 voor 3.00,3.0,2.0,per stuk,,True,AH,2 VOOR 3.00,2026-08-03,2026-08-09,A,True,AH,https://www.ah.nl/producten/product/wi571711,2026-08-09,AH Ananas eetrijp,fresh fruit juices
96398,516344,AH Conference schaal,AH,fruit-verse-sappen,"Fruit, verse sappen",Peren,2.49,2.49,,,,,4 stuks,,False,,,,,A,True,AH,https://www.ah.nl/producten/product/wi96398,2026-08-09,AH Conference schaal,fresh fruit juices
617968,0,AH Conference schaal 2-pack,AH,fruit-verse-sappen,"Fruit, verse sappen",Peren,4.83,4.98,3.0,3% volume voordeel,,,2 stuks,,True,AHOO,3% volume voordeel,2026-08-09,2999-12-31,,True,AH,https://www.ah.nl/producten/product/wi617968,2026-08-09,AH Conference bowl 2-pack,fresh fruit juices
617970,0,AH Conference schaal 4-pack,AH,fruit-verse-sappen,"Fruit, verse sappen",Peren,8.96,9.96,10.0,10% volume voordeel,,,4 stuks,,True,AHOO,10% volume voordeel,2026-08-09,2999-12-31,,True,AH,https://www.ah.nl/producten/product/wi617970,2026-08-09,AH Conference schaal 4-pack,fresh fruit juices
617969,0,AH Conference schaal 3-pack,AH,fruit-verse-sappen,"Fruit, verse sappen",Peren,7.1,7.47,5.0,5% volume voordeel,,,3 stuks,,True,AHOO,5% volume voordeel,2026-08-09,2999-12-31,,True,AH,https://www.ah.nl/producten/product/wi617969,2026-08-09,AH Conference bowl 3-pack,fresh fruit juices
128579,73895,AH Watermeloen,AH,fruit-verse-sappen,"Fruit, verse sappen",Meloenen,5.99,5.99,50.0,2 stapelen tot 50%,,2.0,per stuk,,True,AH,2 stapelen tot 50%,2026-08-10,2026-08-16,A,True,AH,https://www.ah.nl/producten/product/wi128579,2026-08-09,AH Watermelon,fresh fruit juices
388475,844475,AH Verse granaatappelpitjes,AH,fruit-verse-sappen,"Fruit, verse sappen",Fruitsalade,1.6667,2.49,33.1,3 voor 5.00,5.0,3.0,90 g,normale prijs per kg €27.67,True,AH,3 VOOR 5.00,2026-08-03,2026-08-09,A,True,AH,https://www.ah.nl/producten/product/wi388475,2026-08-09,AH Verse granaatappelpitjes,fresh fruit juices
167880,644800,AH Knijpfruit appel-aardbei,AH,fruit-verse-sappen,"Soepen, sauzen, kruiden, olie",Fruitmix conserven,1.85,1.85,,,,,4 x 90 g,prijs per kg €5.14,False,,,,,A,True,AH,https://www.ah.nl/producten/product/wi167880,2026-08-09,AH Knijpfruit apple-strawberry,fresh fruit juices
544086,63427,AH Verse mango,AH,fruit-verse-sappen,"Fruit, verse sappen",Fruitsalade,1.6667,2.49,33.1,3 voor 5.00,5.0,3.0,120 g,normale prijs per kg €20.75,True,AH,3 VOOR 5.00,2026-08-03,2026-08-09,A,True,AH,https://www.ah.nl/producten/product/wi544086,2026-08-09,AH Fresh mango,fresh fruit juices
492393,747354,AH Appelmoes,AH,fruit-verse-sappen,"Soepen, sauzen, kruiden, olie","Appelmoes, appelcompote",0.49,0.49,,,,,710 g,prijs per kg €0.69,False,,,,,A,True,AH,https://www.ah.nl/producten/product/wi492393,2026-08-09,AH Appelmoes,fresh fruit juices
109078,87864,AH Jonagold zak,AH,fruit-verse-sappen,"Fruit, verse sappen",Zakken,2.39,2.39,,,,,"1,5 kg",prijs per kg €1.59,False,,,,,A,True,AH,https://www.ah.nl/producten/product/wi109078,2026-08-09,AH Jonagold zak,fresh fruit juices
396952,846934,AH Nederlandse frambozen,AH,fruit-verse-sappen,"Fruit, verse sappen",Frambozen,4.99,4.99,,,,,225 g,prijs per kg €22.18,False,,,,,A,True,AH,https://www.ah.nl/producten/product/wi396952,2026-08-09,AH Nederlandse frambozen,fresh fruit juices
618379,0,Fanta Orange zero sugar 4pk,Fanta,fruit-verse-sappen,"Fruit, verse sappen",Bananen,4.18,8.36,50.0,pakketkorting,,,4 stuks,,True,AHOO,,2026-08-09,2026-08-09,,True,AH,https://www.ah.nl/producten/product/wi618379,2026-08-09,Fanta Orange zero sugar 4pk,fresh fruit juices
184957,779650,AH Biologisch Gala schaal,AH Biologisch,fruit-verse-sappen,"Fruit, verse sappen",Schaal,2.89,2.89,,,,,4 stuks,,False,,,,,A,True,AH,https://www.ah.nl/producten/product/wi184957,2026-08-09,AH Biologisch Gala schaal,fresh fruit juices
416489,688055,AH Bramen,AH,fruit-verse-sappen,"Fruit, verse sappen",Bramen,4.19,5.99,30.1,2 voor 5.99,5.99,2.0,225 g,normale prijs per kg €26.62,True,AH,2 VOOR 5.99,2026-08-03,2026-08-09,A,True,AH,https://www.ah.nl/producten/product/wi416489,2026-08-09,AH Bramen,fresh fruit juices
129399,571116,AH Mango eetrijp,AH,fruit-verse-sappen,"Fruit, verse sappen",Mango,3.85,3.85,,,,,2 stuks,,False,,,,,A,True,AH,https://www.ah.nl/producten/product/wi129399,2026-08-09,AH Mango eetrijp,fresh fruit juices
47354,501090,AH Vers geperst sap sinaasappel,AH,fruit-verse-sappen,"Fruit, verse sappen",Sinaasappelsap en jus d'orange (vers),2.49,2.49,,,,,500 ml,prijs per liter €4.98,False,,,,,C,True,AH,https://www.ah.nl/producten/product/wi47354,2026-08-09,AH Vers geperst sap sinaasappel,fresh fruit juices
133713,563952,AH Verse ananas stukjes,AH,fruit-verse-sappen,"Fruit, verse sappen",Fruitsalade,2.89,2.89,,,,,250 g,prijs per kg €11.56,False,,,,,A,True,AH,https://www.ah.nl/producten/product/wi133713,2026-08-09,AH Verse ananas stukjes,fresh fruit juices
618315,0,AH Vers geperst sap sinaasappel 2-pack,AH,fruit-verse-sappen,"Fruit, verse sappen",Sinaasappelsap en jus d'orange (vers),4.88,4.98,2.0,2% volume voordeel,,,2 stuks,,True,AHOO,2% volume voordeel,2026-08-09,2999-12-31,,True,AH,https://www.ah.nl/producten/product/wi618315,2026-08-09,AH Vers geperst sap sinaasappel 2-pack,fresh fruit juices
618382,0,Sprite Zero sugar lemon-lime 4-pack,Sprite,fruit-verse-sappen,"Fruit, verse sappen",Bananen,4.58,9.16,50.0,pakketkorting,,,4 stuks,,True,AHOO,,2026-08-09,2026-08-09,,True,AH,https://www.ah.nl/producten/product/wi618382,2026-08-09,Sprite Zero sugar lemon-lime 4-pack,fresh fruit juices
106260,549860,AH Mandarijnen groot,AH,fruit-verse-sappen,"Fruit, verse sappen",Mandarijnen,3.37,4.49,25.0,25% korting,,,"1,5 kg",normale prijs per kg €2.99,True,AH,25% korting,2026-08-10,2026-08-16,A,True,AH,https://www.ah.nl/producten/product/wi106260,2026-08-09,AH Mandarijnen groot,fresh fruit juices
519646,95049,AH Limoenen,AH,fruit-verse-sappen,"Fruit, verse sappen",Limoenen,1.45,1.45,,,,,4 stuks,,False,,,,,A,True,AH,https://www.ah.nl/producten/product/wi519646,2026-08-09,AH Limoenen,fresh fruit juices
143235,512256,AH Blauwe bessen,AH,fruit-verse-sappen,"Fruit, verse sappen",Blauwe bessen,2.99,2.99,,,,,150 g,prijs per kg €19.93,False,,,,,,True,AH,https://www.ah.nl/producten/product/wi143235,2026-08-09,AH Blueberries,fresh fruit juices
495931,790002,AH Blauwe bessen,AH,fruit-verse-sappen,"Fruit, verse sappen",Blauwe bessen,6.59,6.59,,,,,500 g,prijs per kg €13.18,False,,,,,A,True,AH,https://www.ah.nl/producten/product/wi495931,2026-08-09,AH Blueberries,fresh fruit juices
618319,0,AH Vers geperst sap sinaasappel 4-pack,AH,fruit-verse-sappen,"Fruit, verse sappen",Sinaasappelsap en jus d'orange (vers),9.46,9.96,5.0,5% volume voordeel,,,4 stuks,,True,AHOO,5% volume voordeel,2026-08-09,2999-12-31,,True,AH,https://www.ah.nl/producten/product/wi618319,2026-08-09,AH Freshly squeezed orange juice 4-pack,fresh fruit juices
618317,0,AH Vers geperst sap sinaasappel 3-pack,AH,fruit-verse-sappen,"Fruit, verse sappen",Sinaasappelsap en jus d'orange (vers),7.25,7.47,3.0,3% volume voordeel,,,3 stuks,,True,AHOO,3% volume voordeel,2026-08-09,2999-12-31,,True,AH,https://www.ah.nl/producten/product/wi618317,2026-08-09,AH Vers geperst sap sinaasappel 3-pack,fresh fruit juices
618385,0,Coca-Cola Zero sugar 0% caffeïne 4-pack,Coca-Cola,fruit-verse-sappen,"Fruit, verse sappen",Bananen,4.58,9.16,50.0,pakketkorting,,,4 stuks,,True,AHOO,,2026-08-09,2026-08-09,,True,AH,https://www.ah.nl/producten/product/wi618385,2026-08-09,Coca-Cola Zero sugar 0% caffeïne 4-pack,fresh fruit juices
600996,52486,AH Biologisch Zoete kleine appeltjes,AH Biologisch,fruit-verse-sappen,"Fruit, verse sappen",Zakken,4.29,4.29,,,,,1 kg,prijs per kg €4.29,False,,,,,A,True,AH,https://www.ah.nl/producten/product/wi600996,2026-08-09,AH Biologisch Zoete kleine appeltjes,fresh fruit juices
209178,804407,AH Biologisch Appel zak,AH Biologisch,fruit-verse-sappen,"Fruit, verse sappen",Zakken,3.99,3.99,,,,,1 kg,prijs per kg €3.99,False,,,,,A,True,AH,https://www.ah.nl/producten/product/wi209178,2026-08-09,AH Biologisch Appel zak,fresh fruit juices
195431,799126,AH Granny Smith schaal,AH,fruit-verse-sappen,"Fruit, verse sappen",Schaal,2.99,2.99,,,,,4 stuks,,False,,,,,A,True,AH,https://www.ah.nl/producten/product/wi195431,2026-08-09,AH Granny Smith bowl,fresh fruit juices
231211,797047,AH Limoen,AH,fruit-verse-sappen,"Fruit, verse sappen",Limoenen,0.69,0.69,,,,,per stuk,,False,,,,,A,True,AH,https://www.ah.nl/producten/product/wi231211,2026-08-09,AH Limoen,fresh fruit juices
62198,520310,AH Vers geperst sap sinaasappel,AH,fruit-verse-sappen,"Fruit, verse sappen",Sinaasappelsap en jus d'orange (vers),3.99,3.99,,,,,1 l,prijs per liter €3.99,False,,,,,C,True,AH,https://www.ah.nl/producten/product/wi62198,2026-08-09,AH Vers geperst sap sinaasappel,fresh fruit juices
504988,839846,AH Perziken,AH,fruit-verse-sappen,"Fruit, verse sappen",Perziken,2.39,3.99,40.0,40% korting,,,1 kg,normale prijs per kg €3.99,True,AH,40% korting,2026-08-03,2026-08-09,A,True,AH,https://www.ah.nl/producten/product/wi504988,2026-08-09,AH Peaches,fresh fruit juices
128780,565308,AH Appels,AH,fruit-verse-sappen,"Fruit, verse sappen",Zakken,3.99,3.99,,,,,"2,5 kg",prijs per kg €1.60,False,,,,,A,True,AH,https://www.ah.nl/producten/product/wi128780,2026-08-09,AH Appels,fresh fruit juices
236874,828611,AH Poffertjes,AH,maaltijden-salades,"Maaltijden, salades",Poffertjes,1.89,1.89,,,,,24 stuks,,False,,,,,C,True,AH,https://www.ah.nl/producten/product/wi236874,2026-08-09,AH Poffertjes,meals-salads
435163,46007,AH Pizzadeeg,AH,maaltijden-salades,"Maaltijden, salades",Pizzabodem (vers),1.99,1.99,,,,,260 g,prijs per kg €7.65,False,,,,,C,True,AH,https://www.ah.nl/producten/product/wi435163,2026-08-09,AH Pizzadeeg,meals-salads
410944,855015,AH Verse gnocchi,AH,maaltijden-salades,"Maaltijden, salades",Verse pasta,2.99,2.99,,,,,400 g,prijs per kg €7.48,False,,,,,C,True,AH,https://www.ah.nl/producten/product/wi410944,2026-08-09,AH Verse gnocchi,meals-salads
598385,0,AH Verse gnocchi 2-pack,AH,maaltijden-salades,"Maaltijden, salades",Verse pasta,5.74,5.98,4.0,4% volume voordeel,,,2 stuks,,True,AHOO,4% volume voordeel,2026-08-09,2999-12-31,,True,AH,https://www.ah.nl/producten/product/wi598385,2026-08-09,AH Fresh gnocchi 2-pack,meals-salads
617763,0,AH Pizzadeeg 2-pack,AH,maaltijden-salades,"Maaltijden, salades",Pizzabodem (vers),3.82,3.98,4.0,4% volume voordeel,,,2 stuks,,True,AHOO,4% volume voordeel,2026-08-09,2999-12-31,,True,AH,https://www.ah.nl/producten/product/wi617763,2026-08-09,AH Pizza dough 2-pack,meals-salads
617764,0,AH Pizzadeeg 3-pack,AH,maaltijden-salades,"Maaltijden, salades",Pizzabodem (vers),5.55,5.97,7.0,7% volume voordeel,,,3 stuks,,True,AHOO,7% volume voordeel,2026-08-09,2999-12-31,,True,AH,https://www.ah.nl/producten/product/wi617764,2026-08-09,AH Pizzadeeg 3-pack,meals-salads
617265,0,AH Verse gnocchi 4-pack,AH,maaltijden-salades,"Maaltijden, salades",Verse pasta,10.52,11.96,12.0,12% volume voordeel,,,4 stuks,,True,AHOO,12% volume voordeel,2026-08-09,2999-12-31,,True,AH,https://www.ah.nl/producten/product/wi617265,2026-08-09,AH Verse gnocchi 4-pack,meals-salads
617264,0,AH Verse gnocchi 3-pack,AH,maaltijden-salades,"Maaltijden, salades",Verse pasta,8.25,8.97,8.0,8% volume voordeel,,,3 stuks,,True,AHOO,8% volume voordeel,2026-08-09,2999-12-31,,True,AH,https://www.ah.nl/producten/product/wi617264,2026-08-09,AH Verse gnocchi 3-pack,meals-salads
31392,93834,AH Bapao rundvlees,AH,maaltijden-salades,"Maaltijden, salades",Bapao,1.29,1.29,,,,,115 g,prijs per kg €11.22,False,,,,,C,True,AH,https://www.ah.nl/producten/product/wi31392,2026-08-09,AH Bapao beef,meals-salads
120332,554635,AH Pastasaus tomaat mascarpone,AH,maaltijden-salades,"Maaltijden, salades",Verse pastasaus,2.49,2.49,,,,,225 g,prijs per kg €11.07,False,,,,,C,True,AH,https://www.ah.nl/producten/product/wi120332,2026-08-09,AH Pastasaus tomaat mascarpone,meals-salads
598376,0,AH Pastasaus tomaat mascarpone 2-pack,AH,maaltijden-salades,"Maaltijden, salades",Verse pastasaus,4.78,4.98,4.0,4% volume voordeel,,,2 stuks,,True,AHOO,4% volume voordeel,2026-08-09,2999-12-31,,True,AH,https://www.ah.nl/producten/product/wi598376,2026-08-09,AH Pasta sauce tomato mascarpone 2-pack,meals-salads
187619,788657,Van Gilse Poedersuiker,Van Gilse,maaltijden-salades,"Maaltijden, salades","Suiker, poedersuiker",1.09,1.09,,,,,250 g,prijs per kg €4.36,False,,,,,E,True,AH,https://www.ah.nl/producten/product/wi187619,2026-08-09,Van Gilse Poedersuiker,meals-salads
618174,0,AH Pastasaus tomaat mascarpone 3-pack,AH,maaltijden-salades,"Maaltijden, salades",Verse pastasaus,6.87,7.47,8.0,8% volume voordeel,,,3 stuks,,True,AHOO,8% volume voordeel,2026-08-09,2999-12-31,,True,AH,https://www.ah.nl/producten/product/wi618174,2026-08-09,AH Pastasaus tomaat mascarpone 3-pack,meals-salads
618175,0,AH Pastasaus tomaat mascarpone 4-pack,AH,maaltijden-salades,"Maaltijden, salades",Verse pastasaus,8.76,9.96,12.0,12% volume voordeel,,,4 stuks,,True,AHOO,12% volume voordeel,2026-08-09,2999-12-31,,True,AH,https://www.ah.nl/producten/product/wi618175,2026-08-09,AH Pastasaus tomaat mascarpone 4-pack,meals-salads
383671,843081,AH Banaan spelt pancakes,AH,maaltijden-salades,"Maaltijden, salades",Pannenkoeken,2.39,2.39,,,,,160 g,prijs per kg €14.94,False,,,,,C,True,AH,https://www.ah.nl/producten/product/wi383671,2026-08-09,AH Banaan spelt pancakes,meals-salads
160917,627977,AH Pasta Pestosaus,AH,maaltijden-salades,"Maaltijden, salades",Verse pastasaus,2.49,2.49,,,,,125 g,prijs per kg €19.92,False,,,,,E,True,AH,https://www.ah.nl/producten/product/wi160917,2026-08-09,AH Pasta Pesto Sauce,meals-salads
59296,513034,AH Verse ravioli formaggio e pomodoro,AH,maaltijden-salades,"Maaltijden, salades",Verse pasta,2.49,2.49,,,,,250 g,prijs per kg €9.96,False,,,,,C,True,AH,https://www.ah.nl/producten/product/wi59296,2026-08-09,AH Verse ravioli formaggio e pomodoro,meals-salads
598492,0,AH Banaan spelt pancakes 3-pack,AH,maaltijden-salades,"Maaltijden, salades",Pannenkoeken,6.88,7.17,4.0,4% volume voordeel,,,3 stuks,,True,AHOO,4% volume voordeel,2026-08-09,2999-12-31,,True,AH,https://www.ah.nl/producten/product/wi598492,2026-08-09,AH Banana spelled pancakes 3-pack,meals-salads
618339,0,AH Verse ravioli formaggio e pomodoro 2-pck,AH,maaltijden-salades,"Maaltijden, salades",Verse pasta,4.78,4.98,4.0,4% volume voordeel,,,2 stuks,,True,AHOO,4% volume voordeel,2026-08-09,2999-12-31,,True,AH,https://www.ah.nl/producten/product/wi618339,2026-08-09,AH Fresh ravioli formaggio e pomodoro 2-pck,meals-salads
618340,0,AH Verse ravioli formaggio e pomodoro 3-pck,AH,maaltijden-salades,"Maaltijden, salades",Verse pasta,6.87,7.47,8.0,8% volume voordeel,,,3 stuks,,True,AHOO,8% volume voordeel,2026-08-09,2999-12-31,,True,AH,https://www.ah.nl/producten/product/wi618340,2026-08-09,AH Verse ravioli formaggio e pomodoro 3-pck,meals-salads
618341,0,AH Verse ravioli formaggio e pomodoro 4-pck,AH,maaltijden-salades,"Maaltijden, salades",Verse pasta,8.76,9.96,12.0,12% volume voordeel,,,4 stuks,,True,AHOO,12% volume voordeel,2026-08-09,2999-12-31,,True,AH,https://www.ah.nl/producten/product/wi618341,2026-08-09,AH Verse ravioli formaggio e pomodoro 4-pck,meals-salads
130455,590323,AH Pannenkoeken naturel,AH,maaltijden-salades,"Maaltijden, salades",Pannenkoeken,2.89,2.89,,,,,8 stuks,,False,,,,,C,True,AH,https://www.ah.nl/producten/product/wi130455,2026-08-09,AH Pannenkoeken naturel,meals-salads
560988,80240,AH Flammkuchendeeg,AH,maaltijden-salades,"Maaltijden, salades",Pizzabodem (vers),2.19,2.19,,,,,260 g,prijs per kg €8.42,False,,,,,C,True,AH,https://www.ah.nl/producten/product/wi560988,2026-08-09,AH Flammkuchendeeg,meals-salads
203226,797335,Bieze Rauwkost coleslaw,Bieze,maaltijden-salades,"Maaltijden, salades",Rauwkostsalade,1.99,1.99,,,,,250 g,prijs per kg €7.96,False,,,,,C,True,AH,https://www.ah.nl/producten/product/wi203226,2026-08-09,Bieze Rauwkost coleslaw,meals-salads
619140,0,AH Banaan spelt pancakes 2-pack,AH,maaltijden-salades,"Maaltijden, salades",Pannenkoeken,4.68,4.78,2.0,2% volume voordeel,,,2 stuks,,True,AHOO,2% volume voordeel,2026-08-09,2999-12-31,,True,AH,https://www.ah.nl/producten/product/wi619140,2026-08-09,AH Banana spelled pancakes 2-pack,meals-salads
619141,0,AH Banaan spelt pancakes 4-pack,AH,maaltijden-salades,"Maaltijden, salades",Pannenkoeken,8.99,9.56,6.0,6% volume voordeel,,,4 stuks,,True,AHOO,6% volume voordeel,2026-08-09,2999-12-31,,True,AH,https://www.ah.nl/producten/product/wi619141,2026-08-09,AH Banaan spelt pancakes 4-pack,meals-salads
56027,527485,AH Tagliatelle all' uovo,AH,maaltijden-salades,"Maaltijden, salades",Verse pasta,2.49,2.49,,,,,250 g,prijs per kg €9.96,False,,,,,A,True,AH,https://www.ah.nl/producten/product/wi56027,2026-08-09,AH Tagliatelle all' uovo,meals-salads
618303,0,AH Tagliatelle all' uovo 2-pack,AH,maaltijden-salades,"Maaltijden, salades",Verse pasta,4.78,4.98,4.0,4% volume voordeel,,,2 stuks,,True,AHOO,4% volume voordeel,2026-08-09,2999-12-31,,True,AH,https://www.ah.nl/producten/product/wi618303,2026-08-09,AH Tagliatelle all' uovo 2-pack,meals-salads
618165,0,AH Pannenkoeken naturel 2-pack,AH,maaltijden-salades,"Maaltijden, salades",Pannenkoeken,5.66,5.78,2.0,2% volume voordeel,,,2 stuks,,True,AHOO,2% volume voordeel,2026-08-09,2999-12-31,,True,AH,https://www.ah.nl/producten/product/wi618165,2026-08-09,AH Pancakes natural 2-pack,meals-salads
120877,563913,AH Caesar mix M,AH,maaltijden-salades,"Maaltijden, salades",Kleine salade,3.5,4.29,18.4,2 voor 7.00,7.0,2.0,275 g,normale prijs per kg €15.60,True,AH,2 VOOR 7.00,2026-08-03,2026-08-09,C,True,AH,https://www.ah.nl/producten/product/wi120877,2026-08-09,AH Caesar mix M,meals-salads
618166,0,AH Pannenkoeken naturel 4-pack,AH,maaltijden-salades,"Maaltijden, salades",Pannenkoeken,10.87,11.56,6.0,6% volume voordeel,,,4 stuks,,True,AHOO,6% volume voordeel,2026-08-09,2999-12-31,,True,AH,https://www.ah.nl/producten/product/wi618166,2026-08-09,AH Pancakes natural 4-pack,meals-salads
140715,612543,AH American pancakes naturel,AH,maaltijden-salades,"Maaltijden, salades",Pannenkoeken,2.09,2.09,,,,,6 stuks,,False,,,,,C,True,AH,https://www.ah.nl/producten/product/wi140715,2026-08-09,AH American pancakes natural,meals-salads
567391,0,AH Pannenkoeken naturel 3-pack,AH,maaltijden-salades,"Maaltijden, salades",Pannenkoeken,8.32,8.67,4.0,4% volume voordeel,,,3 stuks,,True,AHOO,4% volume voordeel,2026-08-09,2999-12-31,,True,AH,https://www.ah.nl/producten/product/wi567391,2026-08-09,AH Pancakes natural 3-pack,meals-salads
368349,833906,John West Tonijn in olijfolie 3-pack,John West,vis,Vis,Tonijn in olijfolie,8.99,8.99,,,,,3 x 145 g,prijs per kg €29.38,False,,,,,B,True,AH,https://www.ah.nl/producten/product/wi368349,2026-08-09,John West Tuna in olive oil 3-pack,fish
368347,833904,John West Tonijn in olie 3-pack,John West,vis,Vis,Tonijn in zonnebloemolie,7.99,7.99,,,,,3 x 145 g,prijs per kg €26.11,False,,,,,A,True,AH,https://www.ah.nl/producten/product/wi368347,2026-08-09,John West Tonijn in olie 3-pack,fish
130191,590209,AH Gerookte zalm,AH,vis,Vis,Gerookte zalm,3.44,4.59,25.0,25% korting,,,100 g,normale prijs per kg €45.90,True,AH,25% korting,2026-08-03,2026-08-09,D,True,AH,https://www.ah.nl/producten/product/wi130191,2026-08-09,AH Gerookte zalm,fish
598457,0,AH Gerookte zalm 2-pack,AH,vis,Vis,Gerookte zalm,6.88,9.18,25.1,pakketkorting,,,2 stuks,,True,AHOO,,2026-08-09,2026-08-09,,True,AH,https://www.ah.nl/producten/product/wi598457,2026-08-09,AH Gerookte zalm 2-pack,fish
567333,0,AH Gerookte zalmfilet 3-pack,AH,vis,Vis,Gerookte zalm,10.33,13.77,25.0,pakketkorting,,,3 stuks,,True,AHOO,,2026-08-09,2026-08-09,,True,AH,https://www.ah.nl/producten/product/wi567333,2026-08-09,AH Smoked salmon fillet 3-pack,fish
368348,833905,John West Tonijn in water 3-pack,John West,vis,Vis,Tonijn in water,7.59,7.59,,,,,3 x 145 g,prijs per kg €24.80,False,,,,,A,True,AH,https://www.ah.nl/producten/product/wi368348,2026-08-09,John West Tuna in water 3-pack,fish
618030,0,AH Gerookte zalm 4-pack,AH,vis,Vis,Gerookte zalm,13.77,18.36,25.0,pakketkorting,,,4 stuks,,True,AHOO,,2026-08-09,2026-08-09,,True,AH,https://www.ah.nl/producten/product/wi618030,2026-08-09,AH Smoked salmon 4-pack,fish
420789,692454,Statesman Tonijn stukken in water,Statesman,vis,Vis,Tonijn in water,1.49,1.49,,,,,160 g,prijs per kg €13.30,False,,,,,A,True,AH,https://www.ah.nl/producten/product/wi420789,2026-08-09,Statesman Tuna pieces in water,fish
121453,552022,AH Zalmfilet,AH,vis,Vis,Zalm (vers),5.59,5.59,,,,,ca. 170 g,prijs per kg €32.88,False,,,,,A,True,AH,https://www.ah.nl/producten/product/wi121453,2026-08-09,AH Salmon fillet,fish
602353,0,AH Zalmfilet 2-pack,AH,vis,Vis,Zalm (vers),10.84,11.18,3.0,3% volume voordeel,,,2 stuks,,True,AHOO,3% volume voordeel,2026-08-09,2999-12-31,,True,AH,https://www.ah.nl/producten/product/wi602353,2026-08-09,AH Salmon fillet 2-pack,fish
567218,0,AH Zalmfilet 3-pack,AH,vis,Vis,Zalm (vers),15.93,16.77,5.0,5% volume voordeel,,,3 stuks,,True,AHOO,5% volume voordeel,2026-08-09,2999-12-31,,True,AH,https://www.ah.nl/producten/product/wi567218,2026-08-09,AH Zalmfilet 3-pack,fish
618359,0,AH Zalmfilet 4-pack,AH,vis,Vis,Zalm (vers),20.12,22.36,10.0,10% volume voordeel,,,4 stuks,,True,AHOO,10% volume voordeel,2026-08-09,2999-12-31,,True,AH,https://www.ah.nl/producten/product/wi618359,2026-08-09,AH Salmon fillet 4-pack,fish
496941,795495,Princes Tonijnstukken in water,Princes,vis,Vis,Tonijn in water,1.69,2.69,37.2,voor 1.69,1.69,,145 g,normale prijs per kg €26.37,True,AH,VOOR 1.69,2026-08-10,2026-08-16,A,True,AH,https://www.ah.nl/producten/product/wi496941,2026-08-09,Princes Tonijnstukken in water,fish
615107,0,Princes Tonijnstukken in water 3-pack,Princes,vis,Vis,Tonijn in water,7.67,8.07,5.0,5% volume voordeel,,,3 stuks,,True,AHOO,5% volume voordeel,2026-08-09,2026-08-09,,True,AH,https://www.ah.nl/producten/product/wi615107,2026-08-09,Princes Tuna pieces in water 3-pack,fish
47285,527800,Olav's Gerookte zalmfilet,Olav's,vis,Vis,Gerookte zalm,5.99,5.99,,,,,200 g,prijs per kg €29.95,False,,,,,D,True,AH,https://www.ah.nl/producten/product/wi47285,2026-08-09,Olav's Gerookte zalmfilet,fish
605034,59610,AH Excellent Forel salade,AH Excellent,vis,Vis,Vissalades (beleg),1.9967,3.39,41.1,3 voor 5.99,5.99,3.0,125 g,normale prijs per kg €27.12,True,AH,3 VOOR 5.99,2026-08-03,2026-08-09,D,True,AH,https://www.ah.nl/producten/product/wi605034,2026-08-09,AH Excellent Forel salade,fish
622347,0,AH Excellent Forel salade 2-pack,AH Excellent,vis,Vis,Vissalades (beleg),6.58,6.78,3.0,3% volume voordeel,,,2 stuks,,True,AHOO,3% volume voordeel,2026-08-10,2999-12-31,,True,AH,https://www.ah.nl/producten/product/wi622347,2026-08-09,AH Excellent Forel salade 2-pack,fish
622348,0,AH Excellent Forel salade 3-pack,AH Excellent,vis,Vis,Vissalades (beleg),5.99,10.17,41.1,pakketkorting,,,3 stuks,,True,AHOO,,2026-08-09,2026-08-09,,True,AH,https://www.ah.nl/producten/product/wi622348,2026-08-09,AH Excellent Forel salade 3-pack,fish
622349,0,AH Excellent Forel salade 4-pack,AH Excellent,vis,Vis,Vissalades (beleg),9.38,13.56,30.8,pakketkorting,,,4 stuks,,True,AHOO,,2026-08-09,2026-08-09,,True,AH,https://www.ah.nl/producten/product/wi622349,2026-08-09,AH Excellent Trout salad 4-pack,fish
135757,602543,AH Zalmfilet,AH,vis,Vis,Zalm (diepvries),4.89,4.89,,,,,250 g,prijs per kg €19.56,False,,,,,A,True,AH,https://www.ah.nl/producten/product/wi135757,2026-08-09,AH Salmon fillet,fish
51335,99631,AH Zalmfilet,AH,vis,Vis,Zalm (vers),9.99,9.99,,,,,ca. 310 g,prijs per kg €32.23,False,,,,,A,True,AH,https://www.ah.nl/producten/product/wi51335,2026-08-09,AH Salmon fillet,fish
618357,0,AH Zalmfilet 2-pack,AH,vis,Vis,Zalm (vers),19.38,19.98,3.0,3% volume voordeel,,,2 stuks,,True,AHOO,3% volume voordeel,2026-08-09,2999-12-31,,True,AH,https://www.ah.nl/producten/product/wi618357,2026-08-09,AH Salmon fillet 2-pack,fish
618360,0,AH Zalmfilet 4 pk,AH,vis,Vis,Zalm (vers),35.96,39.96,10.0,10% volume voordeel,,,4 stuks,,True,AHOO,10% volume voordeel,2026-08-09,2999-12-31,,True,AH,https://www.ah.nl/producten/product/wi618360,2026-08-09,AH Zalmfilet 4 pk,fish
618358,0,AH Zalmfilet 3 pk,AH,vis,Vis,Zalm (vers),28.47,29.97,5.0,5% volume voordeel,,,3 stuks,,True,AHOO,5% volume voordeel,2026-08-09,2999-12-31,,True,AH,https://www.ah.nl/producten/product/wi618358,2026-08-09,AH Zalmfilet 3 pk,fish
226264,820213,John West Tonijnstukken in water,John West,vis,Vis,Tonijn in water,2.79,2.79,,,,,145 g,prijs per kg €27.35,False,,,,,A,True,AH,https://www.ah.nl/producten/product/wi226264,2026-08-09,John West Tuna pieces in water,fish
615229,0,John West Tonijnstukken in water 3-pack,John West,vis,Vis,Tonijn in water,7.95,8.37,5.0,5% volume voordeel,,,3 stuks,,True,AHOO,5% volume voordeel,2026-08-09,2999-12-31,,True,AH,https://www.ah.nl/producten/product/wi615229,2026-08-09,John West Tonijnstukken in water 3-pack,fish
168829,646661,AH Gerookte zalmsnippers,AH,vis,Vis,Gerookte zalm,5.62,7.49,25.0,25% korting,,,200 g,normale prijs per kg €37.45,True,AH,25% korting,2026-08-03,2026-08-09,D,True,AH,https://www.ah.nl/producten/product/wi168829,2026-08-09,AH Smoked salmon chips,fish
577878,0,AH Gerookte zalmsnippers 2-pack,AH,vis,Vis,Gerookte zalm,11.23,14.98,25.0,pakketkorting,,,2 stuks,,True,AHOO,,2026-08-09,2026-08-09,,True,AH,https://www.ah.nl/producten/product/wi577878,2026-08-09,AH Smoked salmon shreds 2-pack,fish
470617,721966,AH Gerookte zalm,AH,vis,Vis,Gerookte zalm,5.99,7.99,25.0,25% korting,,,200 g,normale prijs per kg €39.95,True,AH,25% korting,2026-08-03,2026-08-09,D,True,AH,https://www.ah.nl/producten/product/wi470617,2026-08-09,AH Gerookte zalm,fish
211718,804944,Johma Tonijnsalade,Johma,vis,Vis,Vissalades (beleg),1.9967,3.45,42.1,3 stuks 5.99,5.99,3.0,175 g,normale prijs per kg €19.71,True,AH,3 stapelen voor 5.99,2026-08-10,2026-08-16,D,True,AH,https://www.ah.nl/producten/product/wi211718,2026-08-09,Johma Tonijnsalade,fish
481414,735995,AH Gerookte zalm,AH,vis,Vis,Gerookte zalm,1.94,2.59,25.0,25% korting,,,50 g,normale prijs per kg €51.80,True,AH,25% korting,2026-08-03,2026-08-09,D,True,AH,https://www.ah.nl/producten/product/wi481414,2026-08-09,AH Gerookte zalm,fish
598665,0,AH Gerookte zalm 2-pack,AH,vis,Vis,Gerookte zalm,11.98,15.98,25.0,pakketkorting,,,2 stuks,,True,AHOO,,2026-08-09,2026-08-09,,True,AH,https://www.ah.nl/producten/product/wi598665,2026-08-09,AH Gerookte zalm 2-pack,fish
568726,0,AH Gerookte zalmfilet 2-pack,AH,vis,Vis,Gerookte zalm,3.88,5.18,25.1,pakketkorting,,,2 stuks,,True,AHOO,,2026-08-09,2026-08-09,,True,AH,https://www.ah.nl/producten/product/wi568726,2026-08-09,AH Gerookte zalmfilet 2-pack,fish
121444,545208,AH Hollandse nieuwefilet met uitjes,AH,vis,Vis,Haring (vers),2.39,3.19,25.0,25% korting,,,2 stuks,,True,AH,25% korting,2026-08-10,2026-08-16,D,True,AH,https://www.ah.nl/producten/product/wi121444,2026-08-09,AH Dutch new fillet with onions,fish
436977,701282,AH BBQ garnalenspies knoflookmarinade,AH,vis,Vis,Garnalen (vers),3.99,3.99,,1 + 1 gratis,,1.0,130 g,normale prijs per kg €30.69,True,AH,1 + 1 gratis,2026-08-13,2026-08-16,B,True,AH,https://www.ah.nl/producten/product/wi436977,2026-08-09,AH BBQ shrimp skewer garlic marinade,fish
618084,0,AH Haringfilet met uitjes 2-pack,AH,vis,Vis,Haring (vers),6.25,6.38,2.0,2% volume voordeel,,,2 stuks,,True,AHOO,2% volume voordeel,2026-08-09,2026-08-09,,True,AH,https://www.ah.nl/producten/product/wi618084,2026-08-09,AH Herring fillet with onions 2-pack,fish
618085,0,AH Haringfilet met uitjes 3-pack,AH,vis,Vis,Haring (vers),9.09,9.57,5.0,5% volume voordeel,,,3 stuks,,True,AHOO,5% volume voordeel,2026-08-09,2026-08-09,,True,AH,https://www.ah.nl/producten/product/wi618085,2026-08-09,AH Herring fillet with onions 3-pack,fish
618086,0,AH Haringfilet met uitjes 4-pack,AH,vis,Vis,Haring (vers),11.87,12.76,7.0,7% volume voordeel,,,4 stuks,,True,AHOO,7% volume voordeel,2026-08-09,2026-08-09,,True,AH,https://www.ah.nl/producten/product/wi618086,2026-08-09,AH Haringfilet met uitjes 4-pack,fish
617722,0,AH BBQ garnalenspies knoflookmarinade 2-pck,AH,vis,Vis,Garnalen (vers),7.74,7.98,3.0,3% volume voordeel,,,2 stuks,,True,AHOO,,2026-08-09,2026-08-12,,True,AH,https://www.ah.nl/producten/product/wi617722,2026-08-09,AH BBQ garnalenspies knoflookmarinade 2-pck,fish
617724,0,AH BBQ garnalenspies knoflookmarinade 4-pck,AH,vis,Vis,Garnalen (vers),14.36,15.96,10.0,10% volume voordeel,,,4 stuks,,True,AHOO,,2026-08-09,2026-08-12,,True,AH,https://www.ah.nl/producten/product/wi617724,2026-08-09,AH BBQ shrimp skewer garlic marinade 4-pc,fish
617723,0,AH BBQ garnalenspies knoflookmarinade 3-pck,AH,vis,Vis,Garnalen (vers),11.37,11.97,5.0,5% volume voordeel,,,3 stuks,,True,AHOO,,2026-08-09,2026-08-12,,True,AH,https://www.ah.nl/producten/product/wi617723,2026-08-09,AH BBQ garnalenspies knoflookmarinade 3-pck,fish
618681,0,AH Gerookte zalm 4-pack,AH,vis,Vis,Gerookte zalm,23.97,31.96,25.0,pakketkorting,,,4 stuks,,True,AHOO,,2026-08-09,2026-08-09,,True,AH,https://www.ah.nl/producten/product/wi618681,2026-08-09,AH Smoked salmon 4-pack,fish
618680,0,AH Gerookte zalm 3-pack,AH,vis,Vis,Gerookte zalm,17.98,23.97,25.0,pakketkorting,,,3 stuks,,True,AHOO,,2026-08-09,2026-08-09,,True,AH,https://www.ah.nl/producten/product/wi618680,2026-08-09,AH Gerookte zalm 3-pack,fish
420788,692453,Statesman Tonijn stukken in zonnebloemolie,Statesman,vis,Vis,Tonijn in zonnebloemolie,1.69,1.69,,,,,160 g,prijs per kg €10.56,False,,,,,A,True,AH,https://www.ah.nl/producten/product/wi420788,2026-08-09,Statesman Tonijn stukken in zonnebloemolie,fish
618778,0,AH Gerookte zalm 3-pck,AH,vis,Vis,Gerookte zalm,5.83,7.77,25.0,pakketkorting,,,3 stuks,,True,AHOO,,2026-08-09,2026-08-09,,True,AH,https://www.ah.nl/producten/product/wi618778,2026-08-09,AH Gerookte zalm 3-pck,fish
618779,0,AH Gerookte zalm 4-pck,AH,vis,Vis,Gerookte zalm,7.77,10.36,25.0,pakketkorting,,,4 stuks,,True,AHOO,,2026-08-09,2026-08-09,,True,AH,https://www.ah.nl/producten/product/wi618779,2026-08-09,AH Smoked salmon 4-pck,fish
496943,795580,Princes Tonijnstukken in olijfolie,Princes,vis,Vis,Tonijn in olijfolie,1.69,3.09,45.3,voor 1.69,1.69,,145 g,normale prijs per kg €30.29,True,AH,VOOR 1.69,2026-08-10,2026-08-16,B,True,AH,https://www.ah.nl/producten/product/wi496943,2026-08-09,Princes Tonijnstukken in olijfolie,fish
615106,0,Princes Tonijnstukken in olijfolie 3-pack,Princes,vis,Vis,Tonijn in olijfolie,8.81,9.27,5.0,5% volume voordeel,,,3 stuks,,True,AHOO,5% volume voordeel,2026-08-09,2026-08-09,,True,AH,https://www.ah.nl/producten/product/wi615106,2026-08-09,Princes Tuna pieces in olive oil 3-pack,fish
376546,838060,AH Tonijnsalade,AH,vis,Vis,Vissalades (beleg),2.99,2.99,,,,,175 g,prijs per kg €17.09,False,,,,,D,True,AH,https://www.ah.nl/producten/product/wi376546,2026-08-09,AH Tonijnsalade,fish
590412,0,AH Tonijnsalade 4-pack,AH,vis,Vis,Vissalades (beleg),10.76,11.96,10.0,10% volume voordeel,,,4 stuks,,True,AHOO,10% volume voordeel,2026-08-09,2999-12-31,,True,AH,https://www.ah.nl/producten/product/wi590412,2026-08-09,AH Tonijnsalade 4-pack,fish
571233,12559,AH Pangasiusfilet,AH,vis,Vis,Pangasius (vers),4.05,4.05,,1 + 1 gratis,,1.0,ca. 350 g,normale prijs per kg €11.57,True,AH,1 + 1 gratis,2026-08-10,2026-08-16,A,True,AH,https://www.ah.nl/producten/product/wi571233,2026-08-09,AH Pangasiusfilet,fish
619276,0,AH Tonijnsalade 3-pack,AH,vis,Vis,Vissalades (beleg),8.52,8.97,5.0,5% volume voordeel,,,3 stuks,,True,AHOO,5% volume voordeel,2026-08-09,2999-12-31,,True,AH,https://www.ah.nl/producten/product/wi619276,2026-08-09,AH Tonijnsalade 3-pack,fish
211064,807063,AH Biologisch Gerookte zalm,AH Biologisch,vis,Vis,Gerookte zalm,4.12,5.49,25.0,25% korting,,,100 g,normale prijs per kg €54.90,True,AH,25% korting,2026-08-03,2026-08-09,D,True,AH,https://www.ah.nl/producten/product/wi211064,2026-08-09,AH Organic Smoked salmon,fish
197716,639249,AH Surimi sticks,AH,vis,Vis,Surimi,1.39,1.39,,,,,250 g,prijs per kg €5.56,False,,,,,D,True,AH,https://www.ah.nl/producten/product/wi197716,2026-08-09,AH Surimi sticks,fish
132045,576660,AH Zalmfilet op huid,AH,vis,Vis,Zalm (vers),7.59,7.59,,,,,ca. 300 g,prijs per kg €25.30,False,,,,,A,True,AH,https://www.ah.nl/producten/product/wi132045,2026-08-09,AH Salmon fillet on skin,fish
191133,791962,AH Biologisch Zalmfilet,AH Biologisch,vis,Vis,Zalm (vers),10.49,10.49,,,,,ca. 275 g,prijs per kg €38.15,False,,,,,A,True,AH,https://www.ah.nl/producten/product/wi191133,2026-08-09,AH Biologisch Zalmfilet,fish
120041,568247,AH Kabeljauwburger gepaneerd,AH,vis,Vis,Gepaneerde vis (vers),2.97,3.49,15.0,15% korting,,,2 stuks,,True,AH,15% korting,2026-08-10,2026-08-16,B,True,AH,https://www.ah.nl/producten/product/wi120041,2026-08-09,AH Cod burger with breading,fish
799,42373,AH Lekkerbekjes,AH,vis,Vis,Lekkerbekjes (diepvries),3.19,3.19,,,,,3 x 100 g,prijs per kg €10.63,False,,,,,C,True,AH,https://www.ah.nl/producten/product/wi799,2026-08-09,AH Lekkerbekjes,fish
191096,792486,Iglo Vissticks,Iglo,vis,Vis,Vissticks (diepvries),4.99,4.99,,,,,20 stuks,prijs per kg €8.91,False,,,,,B,True,AH,https://www.ah.nl/producten/product/wi191096,2026-08-09,Igloo Fish Fingers,fish
615369,0,Iglo Vissticks 3-pack 560 gr,Iglo,vis,Vis,Vissticks (diepvries),14.22,14.97,5.0,5% volume voordeel,,,3 stuks,,True,AHOO,5% volume voordeel,2026-08-09,2999-12-31,,True,AH,https://www.ah.nl/producten/product/wi615369,2026-08-09,Iglo Vissticks 3-pack 560 gr,fish
213328,105582,AH Hollandse nieuwe met uitjes,AH,vis,Vis,Haring (vers),2.09,2.79,25.0,25% korting,,,2 stuks,,True,AH,25% korting,2026-08-10,2026-08-16,D,True,AH,https://www.ah.nl/producten/product/wi213328,2026-08-09,AH Dutch new ones with outings,fish
602970,0,AH Kabeljauwburger gepaneerd 3x,AH,vis,Vis,Gepaneerde vis (vers),9.95,10.47,5.0,5% volume voordeel,,,3 stuks,,True,AHOO,5% volume voordeel,2026-08-09,2026-08-09,,True,AH,https://www.ah.nl/producten/product/wi602970,2026-08-09,AH Cod burger breaded 3x,fish
197614,787039,Johma Zalm salade,Johma,vis,Vis,Vissalades (beleg),1.9967,4.15,51.9,3 stuks 5.99,5.99,3.0,175 g,normale prijs per kg €23.71,True,AH,3 stapelen voor 5.99,2026-08-10,2026-08-16,D,True,AH,https://www.ah.nl/producten/product/wi197614,2026-08-09,Johma Salmon salad,fish
618104,0,AH Kabeljauwburger gepaneerd 2-pack,AH,vis,Vis,Gepaneerde vis (vers),6.77,6.98,3.0,3% volume voordeel,,,2 stuks,,True,AHOO,3% volume voordeel,2026-08-09,2026-08-09,,True,AH,https://www.ah.nl/producten/product/wi618104,2026-08-09,AH Cod burger breaded 2-pack,fish
618105,0,AH Kabeljauwburger gepaneerd 4-pack,AH,vis,Vis,Gepaneerde vis (vers),12.56,13.96,10.0,10% volume voordeel,,,4 stuks,,True,AHOO,10% volume voordeel,2026-08-09,2026-08-09,,True,AH,https://www.ah.nl/producten/product/wi618105,2026-08-09,AH Kabeljauwburger gepaneerd 4-pack,fish
605035,59609,AH Excellent Vitello tonnato salade,AH Excellent,vis,Vis,Vissalades (beleg),1.9967,3.39,41.1,3 voor 5.99,5.99,3.0,125 g,normale prijs per kg €27.12,True,AH,3 VOOR 5.99,2026-08-03,2026-08-09,D,True,AH,https://www.ah.nl/producten/product/wi605035,2026-08-09,AH Excellent Vitello tonnato salade,fish
622417,0,AH Excellent Vitello tonnato salade 2-pack,AH Excellent,vis,Vis,Vissalades (beleg),6.58,6.78,3.0,3% volume voordeel,,,2 stuks,,True,AHOO,3% volume voordeel,2026-08-10,2999-12-31,,True,AH,https://www.ah.nl/producten/product/wi622417,2026-08-09,AH Excellent Vitello tonnato salade 2-pack,fish
622418,0,AH Excellent Vitello tonnato salade 3-pack,AH Excellent,vis,Vis,Vissalades (beleg),5.99,10.17,41.1,pakketkorting,,,3 stuks,,True,AHOO,,2026-08-09,2026-08-09,,True,AH,https://www.ah.nl/producten/product/wi622418,2026-08-09,AH Excellent Vitello tonnato salade 3-pack,fish
622419,0,AH Excellent Vitello tonnato salade 4-pack,AH Excellent,vis,Vis,Vissalades (beleg),9.38,13.56,30.8,pakketkorting,,,4 stuks,,True,AHOO,,2026-08-09,2026-08-09,,True,AH,https://www.ah.nl/producten/product/wi622419,2026-08-09,AH Excellent Vitello tonnato salade 4-pack,fish
237651,828905,Iglo Viskraam lekkerbekjes familieverpakking,Iglo,vis,Vis,Lekkerbekjes (diepvries),8.89,8.89,,,,,4 x 120 g,prijs per kg €18.52,False,,,,,C,True,AH,https://www.ah.nl/producten/product/wi237651,2026-08-09,Iglo Viskraam lekkerbekjes familieverpakking,fish
615366,0,Iglo Viskraam lekkerbekjes familieverpak 3pk,Iglo,vis,Vis,Lekkerbekjes (diepvries),25.34,26.67,5.0,5% volume voordeel,,,3 stuks,,True,AHOO,5% volume voordeel,2026-08-09,2999-12-31,,True,AH,https://www.ah.nl/producten/product/wi615366,2026-08-09,Iglo Viskraam lekkerbekjes familieverpak 3pk,fish
147376,589927,John West Tonijnstukken in olijfolie,John West,vis,Vis,Tonijn in olijfolie,3.49,3.49,,,,,145 g,prijs per kg €34.22,False,,,,,B,True,AH,https://www.ah.nl/producten/product/wi147376,2026-08-09,John West Tonijnstukken in olijfolie,fish
615228,0,John West Tonijnstukken in olijfolie 3-pack,John West,vis,Vis,Tonijn in olijfolie,9.95,10.47,5.0,5% volume voordeel,,,3 stuks,,True,AHOO,5% volume voordeel,2026-08-09,2999-12-31,,True,AH,https://www.ah.nl/producten/product/wi615228,2026-08-09,John West Tuna pieces in olive oil 3-pack,fish
582316,25135,Iglo Viskraam kibbeling,Iglo,vis,Vis,Kibbeling (diepvries),4.99,4.99,,,,,245 g,prijs per kg €20.37,False,,,,,A,True,AH,https://www.ah.nl/producten/product/wi582316,2026-08-09,Iglo Viskraam kibbeling,fish
615364,0,Iglo Viskraam kibbeling 3-pack,Iglo,vis,Vis,Kibbeling (diepvries),14.22,14.97,5.0,5% volume voordeel,,,3 stuks,,True,AHOO,5% volume voordeel,2026-08-09,2999-12-31,,True,AH,https://www.ah.nl/producten/product/wi615364,2026-08-09,Iglo Viskraam kibbeling 3-pack,fish
371595,836614,AH Garnalen rauw en gepeld,AH,vis,Vis,Garnalen (diepvries),4.99,4.99,,,,,225 g,prijs per kg €22.18,False,,,,,A,True,AH,https://www.ah.nl/producten/product/wi371595,2026-08-09,AH Shrimp raw and peeled,fish
565864,3460,Princes Ansjovisfilets in zonnebloemolie,Princes,vis,Vis,Ansjovis (conserven),1.99,1.99,,,,,46 g,prijs per kg €76.54,False,,,,,E,True,AH,https://www.ah.nl/producten/product/wi565864,2026-08-09,Princes Ansjovisfilets in zonnebloemolie,fish
615096,0,Princes Ansjovisfilets in zonnebloemolie 3-pack,Princes,vis,Vis,Ansjovis (conserven),5.67,5.97,5.0,5% volume voordeel,,,3 stuks,,True,AHOO,5% volume voordeel,2026-08-09,2999-12-31,,True,AH,https://www.ah.nl/producten/product/wi615096,2026-08-09,Princes Anchovy fillets in sunflower oil 3-pack,fish
561825,708533,AH Biologisch Gerookte zalm 30% verlaagd in zout,AH Biologisch,vis,Vis,Gerookte zalm,4.12,5.49,25.0,25% korting,,,100 g,normale prijs per kg €54.90,True,AH,25% korting,2026-08-03,2026-08-09,C,True,AH,https://www.ah.nl/producten/product/wi561825,2026-08-09,AH Organic Smoked salmon 30% reduced in salt,fish
620220,0,AH Biologisch Gerookte zalm 30% verlaagd in zout 2-pck,AH Biologisch,vis,Vis,Gerookte zalm,8.23,10.98,25.0,pakketkorting,,,2 stuks,,True,AHOO,,2026-08-09,2026-08-09,,True,AH,https://www.ah.nl/producten/product/wi620220,2026-08-09,AH Organic Smoked salmon 30% reduced in salt 2-pck,fish
620222,0,AH Biologisch Gerookte zalm 30% verlaagd in zout 4 pck,AH Biologisch,vis,Vis,Gerookte zalm,16.47,21.96,25.0,pakketkorting,,,4 stuks,,True,AHOO,,2026-08-09,2026-08-09,,True,AH,https://www.ah.nl/producten/product/wi620222,2026-08-09,AH Biologisch Gerookte zalm 30% verlaagd in zout 4 pck,fish
620221,0,AH Biologisch Gerookte zalm 30% verlaagd in zout 3 pck,AH Biologisch,vis,Vis,Gerookte zalm,12.35,16.47,25.0,pakketkorting,,,3 stuks,,True,AHOO,,2026-08-09,2026-08-09,,True,AH,https://www.ah.nl/producten/product/wi620221,2026-08-09,AH Biologisch Gerookte zalm 30% verlaagd in zout 3 pck,fish
523368,611524,AH Biologisch Zalmfilet op huid,AH Biologisch,vis,Vis,Zalm (vers),5.99,5.99,,,,,ca. 175 g,prijs per kg €34.23,False,,,,,A,True,AH,https://www.ah.nl/producten/product/wi523368,2026-08-09,AH Organic Salmon fillet on skin,fish
571225,12557,AH Kabeljauwschnitzel 2 stuks,AH,vis,Vis,Gepaneerde vis (vers),2.54,2.99,15.0,15% korting,,,180 g,normale prijs per kg €16.61,True,AH,15% korting,2026-08-10,2026-08-16,B,True,AH,https://www.ah.nl/producten/product/wi571225,2026-08-09,AH Kabeljauwschnitzel 2 stuks,fish
619655,0,AH Biologisch Zalmfilet op huid 3-pack,AH Biologisch,vis,Vis,Zalm (vers),17.25,17.97,4.0,4% volume voordeel,,,3 stuks,,True,AHOO,4% volume voordeel,2026-08-09,2999-12-31,,True,AH,https://www.ah.nl/producten/product/wi619655,2026-08-09,AH Biologisch Zalmfilet op huid 3-pack,fish
619656,0,AH Biologisch Zalmfilet op huid 4-pack,AH Biologisch,vis,Vis,Zalm (vers),22.04,23.96,8.0,8% volume voordeel,,,4 stuks,,True,AHOO,8% volume voordeel,2026-08-09,2999-12-31,,True,AH,https://www.ah.nl/producten/product/wi619656,2026-08-09,AH Biologisch Zalmfilet op huid 4-pack,fish
485298,740557,Princes Tonijnstukken in water voordeelpak,Princes,vis,Vis,Tonijn in water,6.99,6.99,,,,,435 g,prijs per kg €22.84,False,,,,,A,True,AH,https://www.ah.nl/producten/product/wi485298,2026-08-09,Princes Tonijnstukken in water voordeelpak,fish
619657,0,AH Biologisch Zalmfilet op huid 6-pack,AH Biologisch,vis,Vis,Zalm (vers),31.99,35.94,11.0,11% volume voordeel,,,6 stuks,,True,AHOO,11% volume voordeel,2026-08-09,2999-12-31,,True,AH,https://www.ah.nl/producten/product/wi619657,2026-08-09,AH Biologisch Zalmfilet op huid 6-pack,fish
141565,615766,AH Wilde zalmfilets,AH,vis,Vis,Zalm (diepvries),6.99,6.99,,,,,675 g,prijs per kg €10.36,False,,,,,A,True,AH,https://www.ah.nl/producten/product/wi141565,2026-08-09,AH Wild salmon fillets,fish
598178,0,AH Kabeljauwschnitzel 2 stuks 3-pack,AH,vis,Vis,Gepaneerde vis (vers),8.52,8.97,5.0,5% volume voordeel,,,3 stuks,,True,AHOO,5% volume voordeel,2026-08-09,2026-08-09,,True,AH,https://www.ah.nl/producten/product/wi598178,2026-08-09,AH Kabeljauwschnitzel 2 stuks 3-pack,fish
173876,772019,AH Warmgerookte zalmfilet,AH,vis,Vis,Gerookte zalm,8.69,8.69,,,,,ca. 250 g,prijs per kg €34.76,False,,,,,D,True,AH,https://www.ah.nl/producten/product/wi173876,2026-08-09,AH Hot smoked salmon fillet,fish
620562,0,AH Kabeljauwschnitzel 2 stuks 2-pack,AH,vis,Vis,Gepaneerde vis (vers),5.8,5.98,3.0,3% volume voordeel,,,2 stuks,,True,AHOO,3% volume voordeel,2026-08-09,2026-08-09,,True,AH,https://www.ah.nl/producten/product/wi620562,2026-08-09,AH Cod schnitzel 2 pieces 2-pack,fish
190708,791961,AH Biologisch Zalmfilet,AH Biologisch,vis,Vis,Zalm (vers),6.99,6.99,,,,,ca. 175 g,prijs per kg €39.94,False,,,,,A,True,AH,https://www.ah.nl/producten/product/wi190708,2026-08-09,AH Biologisch Zalmfilet,fish
620563,0,AH Kabeljauwschnitzel 2 stuks 4-pack,AH,vis,Vis,Gepaneerde vis (vers),10.76,11.96,10.0,10% volume voordeel,,,4 stuks,,True,AHOO,10% volume voordeel,2026-08-09,2026-08-09,,True,AH,https://www.ah.nl/producten/product/wi620563,2026-08-09,AH Cod schnitzel 2 pieces 4-pack,fish
202346,800075,Princes Ansjovisfilets in olijfolie,Princes,vis,Vis,Ansjovis (conserven),2.69,2.69,,,,,46 g,prijs per kg €89.67,False,,,,,E,True,AH,https://www.ah.nl/producten/product/wi202346,2026-08-09,Princes Anchovy fillets in olive oil,fish
615095,0,Princes Ansjovisfilets in olijfolie 3-pack,Princes,vis,Vis,Ansjovis (conserven),7.67,8.07,5.0,5% volume voordeel,,,3 stuks,,True,AHOO,5% volume voordeel,2026-08-09,2999-12-31,,True,AH,https://www.ah.nl/producten/product/wi615095,2026-08-09,Princes Ansjovisfilets in olijfolie 3-pack,fish
142193,530335,AH Zalmfilet,AH,vis,Vis,Zalm (vers),17.39,17.39,,,,,ca. 580 g,prijs per kg €29.99,False,,,,,A,True,AH,https://www.ah.nl/producten/product/wi142193,2026-08-09,AH Salmon fillet,fish
226504,809229,Iglo Viskraam lekkerbekjes,Iglo,vis,Vis,Lekkerbekjes (diepvries),4.99,4.99,,,,,2 x 120 g,prijs per kg €20.79,False,,,,,C,True,AH,https://www.ah.nl/producten/product/wi226504,2026-08-09,Iglo Viskraam lekkerbekjes,fish
615365,0,Iglo Viskraam lekkerbekjes 3-pack,Iglo,vis,Vis,Lekkerbekjes (diepvries),14.22,14.97,5.0,5% volume voordeel,,,3 stuks,,True,AHOO,5% volume voordeel,2026-08-09,2999-12-31,,True,AH,https://www.ah.nl/producten/product/wi615365,2026-08-09,Iglo Fish stall tasty treats 3-pack,fish
591482,38712,AH BBQ zalmspies gemarineerd,AH,vis,Vis,Zalm (vers),5.99,5.99,,1 + 1 gratis,,1.0,ca. 150 g,normale prijs per kg €39.93,True,AH,1 + 1 gratis,2026-08-13,2026-08-16,B,True,AH,https://www.ah.nl/producten/product/wi591482,2026-08-09,AH BBQ zalmspies gemarineerd,fish
39826,67807,AH Koolvisfilet,AH,vis,Vis,Koolvis (diepvries),3.35,3.35,,,,,400 g,prijs per kg €8.38,False,,,,,A,True,AH,https://www.ah.nl/producten/product/wi39826,2026-08-09,AH Koolvisfilet,fish
67740,523708,AH Garnalen,AH,vis,Vis,Garnalen (vers),2.99,2.99,,,,,100 g,prijs per kg €29.90,False,,,,,,True,AH,https://www.ah.nl/producten/product/wi67740,2026-08-09,AH Shrimp,fish
621669,0,AH BBQ zalmspies gemarineerd 2-pack,AH,vis,Vis,Zalm (vers),11.62,11.98,3.0,3% volume voordeel,,,2 stuks,,True,AHOO,,2026-08-09,2026-08-12,,True,AH,https://www.ah.nl/producten/product/wi621669,2026-08-09,AH BBQ zalmspies gemarineerd 2-pack,fish
621671,0,AH BBQ zalmspies gemarineerd 4-pack,AH,vis,Vis,Zalm (vers),21.56,23.96,10.0,10% volume voordeel,,,4 stuks,,True,AHOO,,2026-08-09,2026-08-12,,True,AH,https://www.ah.nl/producten/product/wi621671,2026-08-09,AH BBQ salmon skewer marinated 4-pack,fish
558179,62089,AH Kabeljauwhaas (2 stuks) MSC,AH,vis,Vis,Kabeljauw (vers),0.0279,9.99,99.7,per 100 GRAM voor €2.79,2.79,100.0,ca. 260 g,normale prijs per kg €38.42,True,AH,100 GRAM VOOR 2.79,2026-08-03,2026-08-09,A,True,AH,https://www.ah.nl/producten/product/wi558179,2026-08-09,AH Kabeljauwhaas (2 stuks) MSC,fish
621670,0,AH BBQ zalmspies gemarineerd 3-pack,AH,vis,Vis,Zalm (vers),17.07,17.97,5.0,5% volume voordeel,,,3 stuks,,True,AHOO,,2026-08-09,2026-08-12,,True,AH,https://www.ah.nl/producten/product/wi621670,2026-08-09,AH BBQ zalmspies gemarineerd 3-pack,fish
184624,779417,Johma Frisse tonijnsalade,Johma,vis,Vis,Vissalades (beleg),1.9967,3.19,37.4,3 stuks 5.99,5.99,3.0,175 g,normale prijs per kg €18.23,True,AH,3 stapelen voor 5.99,2026-08-10,2026-08-16,C,True,AH,https://www.ah.nl/producten/product/wi184624,2026-08-09,Johma Frisse tonijnsalade,fish
496942,795505,Princes Tonijnstukken in zonnebloemolie,Princes,vis,Vis,Tonijn in zonnebloemolie,1.69,2.79,39.4,voor 1.69,1.69,,145 g,normale prijs per kg €27.35,True,AH,VOOR 1.69,2026-08-10,2026-08-16,A,True,AH,https://www.ah.nl/producten/product/wi496942,2026-08-09,Princes Tuna pieces in sunflower oil,fish
598164,0,AH Garnalen 2-pack,AH,vis,Vis,Garnalen (vers),5.8,5.98,3.0,3% volume voordeel,,,2 stuks,,True,AHOO,3% volume voordeel,2026-08-09,2999-12-31,,True,AH,https://www.ah.nl/producten/product/wi598164,2026-08-09,AH Shrimp 2-pack,fish
603292,0,AH Kabeljauwhaasje 2 stuks 2-pack,AH,vis,Vis,Kabeljauw (vers),19.58,19.98,2.0,2% volume voordeel,,,2 stuks,,True,AH,2% volume voordeel,,,,True,AH,https://www.ah.nl/producten/product/wi603292,2026-08-09,AH Kabeljauwhaasje 2 stuks 2-pack,fish
596925,0,Princes tonijnstukkem zonnebloemolie 2-pack,Princes,vis,Vis,Tonijn in zonnebloemolie,4.74,5.58,15.0,15% volume voordeel,,,2 stuks,,True,AHOO,15% volume voordeel,2026-08-09,2026-08-09,,True,AH,https://www.ah.nl/producten/product/wi596925,2026-08-09,Princes tonijnstukkem zonnebloemolie 2-pack,fish
533326,62730,Iglo Vissticks,Iglo,vis,Vis,Vissticks (diepvries),3.95,3.95,,,,,15 stuks,prijs per kg €9.40,False,,,,,B,True,AH,https://www.ah.nl/producten/product/wi533326,2026-08-09,Igloo Fish Fingers,fish
615372,0,Iglo Vissticks 3-pack 420gr,Iglo,vis,Vis,Vissticks (diepvries),11.26,11.85,5.0,5% volume voordeel,,,3 stuks,,True,AHOO,5% volume voordeel,2026-08-09,2999-12-31,,True,AH,https://www.ah.nl/producten/product/wi615372,2026-08-09,Iglo Vissticks 3-pack 420gr,fish
136373,603464,AH Wokgarnalen met knoflook en peterselie,AH,vis,Vis,Garnalen (diepvries),6.89,6.89,,,,,400 g,prijs per kg €17.23,False,,,,,B,True,AH,https://www.ah.nl/producten/product/wi136373,2026-08-09,AH Wokgarnalen met knoflook en peterselie,fish
191088,792474,Iglo Fishcuisine Bretagne,Iglo,vis,Vis,Vis maaltijden (diepvries),6.19,6.19,,,,,380 g,prijs per kg €16.29,False,,,,,B,True,AH,https://www.ah.nl/producten/product/wi191088,2026-08-09,Iglo Fishcuisine Bretagne,fish
571229,12550,AH Warmgerookte zalmfilet,AH,vis,Vis,Gerookte zalm,4.68,4.68,,,,,ca. 125 g,prijs per kg €37.42,False,,,,,D,True,AH,https://www.ah.nl/producten/product/wi571229,2026-08-09,AH Hot smoked salmon fillet,fish
615108,0,Princes Tonijnstukken in zonnebloemolie 3-pack,Princes,vis,Vis,Tonijn in zonnebloemolie,7.95,8.37,5.0,5% volume voordeel,,,3 stuks,,True,AHOO,5% volume voordeel,2026-08-09,2026-08-09,,True,AH,https://www.ah.nl/producten/product/wi615108,2026-08-09,Princes Tuna pieces in sunflower oil 3-pack,fish
620027,0,AH Kabeljauwhaas (2 stuks) MSC 3-pack,AH,vis,Vis,Kabeljauw (vers),28.77,29.97,4.0,4% volume voordeel,,,3 stuks,,True,AH,4% volume voordeel,,,,True,AH,https://www.ah.nl/producten/product/wi620027,2026-08-09,AH Cod fillet (2 pieces) MSC 3-pack,fish
620028,0,AH Kabeljauwhaas (2 stuks) MSC 4-pack,AH,vis,Vis,Kabeljauw (vers),37.56,39.96,6.0,6% volume voordeel,,,4 stuks,,True,AH,6% volume voordeel,,,,True,AH,https://www.ah.nl/producten/product/wi620028,2026-08-09,AH Cod fillet (2 pieces) MSC 4-pack,fish
604891,58645,AH Tonijn salade,AH,vis,Vis,Vissalades (beleg),1.9967,2.59,22.9,3 voor 5.99,5.99,3.0,150 g,normale prijs per kg €17.27,True,AH,3 VOOR 5.99,2026-08-03,2026-08-09,C,True,AH,https://www.ah.nl/producten/product/wi604891,2026-08-09,AH Tuna salad,fish
622511,0,AH Tonijn salade 2-pack,AH,vis,Vis,Vissalades (beleg),5.02,5.18,3.0,3% volume voordeel,,,2 stuks,,True,AHOO,3% volume voordeel,2026-08-10,2999-12-31,,True,AH,https://www.ah.nl/producten/product/wi622511,2026-08-09,AH Tonijn salade 2-pack,fish
620610,0,AH Warmgerookte zalmfilet 2-pack,AH,vis,Vis,Gerookte zalm,9.08,9.36,3.0,3% volume voordeel,,,2 stuks,,True,AHOO,3% volume voordeel,2026-08-09,2999-12-31,,True,AH,https://www.ah.nl/producten/product/wi620610,2026-08-09,AH Warmgerookte zalmfilet 2-pack,fish
622512,0,AH Tonijn salade 3-pack,AH,vis,Vis,Vissalades (beleg),5.99,7.77,22.9,pakketkorting,,,3 stuks,,True,AHOO,,2026-08-09,2026-08-09,,True,AH,https://www.ah.nl/producten/product/wi622512,2026-08-09,AH Tonijn salade 3-pack,fish
622513,0,AH Tonijn salade 4-pack,AH,vis,Vis,Vissalades (beleg),8.58,10.36,17.2,pakketkorting,,,4 stuks,,True,AHOO,,2026-08-09,2026-08-09,,True,AH,https://www.ah.nl/producten/product/wi622513,2026-08-09,AH Tuna salad 4-pack,fish
211719,804945,Johma Surimi-krab salade,Johma,vis,Vis,Vissalades (beleg),1.9967,3.29,39.3,3 stuks 5.99,5.99,3.0,175 g,normale prijs per kg €18.80,True,AH,3 stapelen voor 5.99,2026-08-10,2026-08-16,D,True,AH,https://www.ah.nl/producten/product/wi211719,2026-08-09,Johma Surimi crab salad,fish
620611,0,AH Warmgerookte zalmfilet 3-pack,AH,vis,Vis,Gerookte zalm,13.34,14.04,5.0,5% volume voordeel,,,3 stuks,,True,AHOO,5% volume voordeel,2026-08-09,2999-12-31,,True,AH,https://www.ah.nl/producten/product/wi620611,2026-08-09,AH Hot smoked salmon fillet 3-pack,fish
217240,811810,AH Tonijnsteak wit,AH,vis,Vis,Tonijn (vers),4.33,4.33,,,,,ca. 130 g,prijs per kg €33.27,False,,,,,A,True,AH,https://www.ah.nl/producten/product/wi217240,2026-08-09,AH Tuna steak white,fish
598204,0,AH Tonijnsteak wit 2-pack,AH,vis,Vis,Tonijn (vers),8.49,8.66,2.0,2% volume voordeel,,,2 stuks,,True,AHOO,2% volume voordeel,2026-08-09,2999-12-31,,True,AH,https://www.ah.nl/producten/product/wi598204,2026-08-09,AH Tuna steak white 2-pack,fish
135532,601246,AH Pangasiusfilet tuinkruiden,AH,vis,Vis,Pangasius (vers),5.49,5.49,,,,,ca. 310 g,prijs per kg €17.71,False,,,,,C,True,AH,https://www.ah.nl/producten/product/wi135532,2026-08-09,AH Pangasiusfilet tuinkruiden,fish
603297,0,AH Pangasiusfilet tuinkruiden 2-pack,AH,vis,Vis,Pangasius (vers),10.65,10.98,3.0,3% volume voordeel,,,2 stuks,,True,AHOO,3% volume voordeel,2026-08-09,2999-12-31,,True,AH,https://www.ah.nl/producten/product/wi603297,2026-08-09,AH Pangasiusfilet tuinkruiden 2-pack,fish
620612,0,AH Warmgerookte zalmfilet 4-pack,AH,vis,Vis,Gerookte zalm,16.85,18.72,10.0,10% volume voordeel,,,4 stuks,,True,AHOO,10% volume voordeel,2026-08-09,2999-12-31,,True,AH,https://www.ah.nl/producten/product/wi620612,2026-08-09,AH Warmgerookte zalmfilet 4-pack,fish
489414,742937,AH Grote roerbak garnalen knoflook,AH,vis,Vis,Garnalen (vers),4.59,4.59,,,,,150 g,prijs per kg €30.60,False,,,,,C,True,AH,https://www.ah.nl/producten/product/wi489414,2026-08-09,AH Grote roerbak garnalen knoflook,fish
191098,792488,Iglo Fish&fun crispino's familieverpakking,Iglo,vis,Vis,Gepaneerde vissnacks (diepvries),4.99,4.99,,,,,4 x 75 g,prijs per kg €16.63,False,,,,,B,True,AH,https://www.ah.nl/producten/product/wi191098,2026-08-09,Iglo Fish&fun crispino's familieverpakking,fish
598175,0,AH Grote roerbak garnalen knoflook 2-pack,AH,vis,Vis,Garnalen (vers),8.9,9.18,3.0,3% volume voordeel,,,2 stuks,,True,AHOO,3% volume voordeel,2026-08-09,2999-12-31,,True,AH,https://www.ah.nl/producten/product/wi598175,2026-08-09,AH Grote roerbak garnalen knoflook 2-pack,fish
615357,0,Iglo Fish&fun crispino familieverpakking 3pk,Iglo,vis,Vis,Gepaneerde vissnacks (diepvries),14.22,14.97,5.0,5% volume voordeel,,,3 stuks,,True,AHOO,5% volume voordeel,2026-08-09,2999-12-31,,True,AH,https://www.ah.nl/producten/product/wi615357,2026-08-09,Iglo Fish&fun crispino familieverpakking 3pk,fish
618015,0,AH Garnalen 3-pack,AH,vis,Vis,Garnalen (vers),8.52,8.97,5.0,5% volume voordeel,,,3 stuks,,True,AHOO,5% volume voordeel,2026-08-09,2999-12-31,,True,AH,https://www.ah.nl/producten/product/wi618015,2026-08-09,AH Shrimp 3-pack,fish
615361,0,Iglo Fishcuisine Bretagne 3-pack,Iglo,vis,Vis,Vis maaltijden (diepvries),17.64,18.57,5.0,5% volume voordeel,,,3 stuks,,True,AHOO,5% volume voordeel,2026-08-09,2999-12-31,,True,AH,https://www.ah.nl/producten/product/wi615361,2026-08-09,Iglo Fishcuisine Bretagne 3-pack,fish
618016,0,AH Garnalen 4-pack,AH,vis,Vis,Garnalen (vers),10.76,11.96,10.0,10% volume voordeel,,,4 stuks,,True,AHOO,10% volume voordeel,2026-08-09,2999-12-31,,True,AH,https://www.ah.nl/producten/product/wi618016,2026-08-09,AH Garnalen 4-pack,fish
226968,820757,AH Verse mosselen,AH,vis,Vis,Mosselen (vers),9.99,9.99,,,,,2 kg,prijs per kg €5.00,False,,,,,A,True,AH,https://www.ah.nl/producten/product/wi226968,2026-08-09,AH Fresh mussels,fish
604892,58651,AH Surimi-krab salade,AH,vis,Vis,Vissalades (beleg),1.9967,2.39,16.5,3 voor 5.99,5.99,3.0,150 g,normale prijs per kg €15.93,True,AH,3 VOOR 5.99,2026-08-03,2026-08-09,D,True,AH,https://www.ah.nl/producten/product/wi604892,2026-08-09,AH Surimi crab salad,fish
225135,816619,Fish Tales Sockeye gerookte wilde zalm,Fish Tales,vis,Vis,Gerookte zalm,6.99,6.99,,,,,100 g,prijs per kg €69.90,False,,,,,D,True,AH,https://www.ah.nl/producten/product/wi225135,2026-08-09,Fish Tales Sockeye gerookte wilde zalm,fish
610232,0,Fish Tales Sockeye gerookte wilde zalm 2-pack,Fish Tales,vis,Vis,Gerookte zalm,13.28,13.98,5.0,5% volume voordeel,,,2 stuks,,True,AHOO,5% volume voordeel,2026-08-09,2999-12-31,,True,AH,https://www.ah.nl/producten/product/wi610232,2026-08-09,Fish Tales Sockeye gerookte wilde zalm 2-pack,fish
622508,0,AH Surimi-krab salade 2-pack,AH,vis,Vis,Vissalades (beleg),4.64,4.78,3.0,3% volume voordeel,,,2 stuks,,True,AHOO,3% volume voordeel,2026-08-10,2999-12-31,,True,AH,https://www.ah.nl/producten/product/wi622508,2026-08-09,AH Surimi-krab salade 2-pack,fish
612947,68653,AH Gerookte Atka Makreelfilet,AH,vis,Vis,Gerookte makreel,4.79,4.79,,,,,ca. 150 g,prijs per kg €31.90,False,,,,,D,True,AH,https://www.ah.nl/producten/product/wi612947,2026-08-09,AH Smoked Atka Mackerel Fillet,fish
622509,0,AH Surimi-krab salade 3-pack,AH,vis,Vis,Vissalades (beleg),5.99,7.17,16.5,pakketkorting,,,3 stuks,,True,AHOO,,2026-08-09,2026-08-09,,True,AH,https://www.ah.nl/producten/product/wi622509,2026-08-09,AH Surimi-krab salade 3-pack,fish
622510,0,AH Surimi-krab salade 4-pack,AH,vis,Vis,Vissalades (beleg),8.38,9.56,12.3,pakketkorting,,,4 stuks,,True,AHOO,,2026-08-09,2026-08-09,,True,AH,https://www.ah.nl/producten/product/wi622510,2026-08-09,AH Surimi-krab salade 4-pack,fish
121457,639235,AH Surimi sticks,AH,vis,Vis,Surimi,1.79,1.79,,,,,200 g,prijs per kg €8.95,False,,,,,C,True,AH,https://www.ah.nl/producten/product/wi121457,2026-08-09,AH Surimi sticks,fish
618998,0,AH Grote roerbak garnalen knoflook 3-pack,AH,vis,Vis,Garnalen (vers),13.08,13.77,5.0,5% volume voordeel,,,3 stuks,,True,AHOO,5% volume voordeel,2026-08-09,2999-12-31,,True,AH,https://www.ah.nl/producten/product/wi618998,2026-08-09,AH Grote roerbak garnalen knoflook 3-pack,fish
618301,0,AH Surimi sticks 3-pack,AH,vis,Vis,Surimi,5.21,5.37,3.0,3% volume voordeel,,,3 stuks,,True,AHOO,3% volume voordeel,2026-08-09,2999-12-31,,True,AH,https://www.ah.nl/producten/product/wi618301,2026-08-09,AH Surimi sticks 3-pack,fish
555282,633684,AH Gerookte forelfilet,AH,vis,Vis,"Gerookte forel, haring, zeebaars",3.99,3.99,,,,,ca. 125 g,prijs per kg €31.92,False,,,,,D,True,AH,https://www.ah.nl/producten/product/wi555282,2026-08-09,AH Gerookte forelfilet,fish
618999,0,AH Grote roerbak garnalen knoflook 4-pack,AH,vis,Vis,Garnalen (vers),16.52,18.36,10.0,10% volume voordeel,,,4 stuks,,True,AHOO,10% volume voordeel,2026-08-09,2999-12-31,,True,AH,https://www.ah.nl/producten/product/wi618999,2026-08-09,AH Large stir-fry shrimp garlic 4-pack,fish
620005,0,AH Gerookte forelfilet 2-pack,AH,vis,Vis,"Gerookte forel, haring, zeebaars",7.74,7.98,3.0,3% volume voordeel,,,2 stuks,,True,AHOO,3% volume voordeel,2026-08-09,2999-12-31,,True,AH,https://www.ah.nl/producten/product/wi620005,2026-08-09,AH Gerookte forelfilet 2-pack,fish
618302,0,AH Surimi sticks 4-pack,AH,vis,Vis,Surimi,6.8,7.16,5.0,5% volume voordeel,,,4 stuks,,True,AHOO,5% volume voordeel,2026-08-09,2999-12-31,,True,AH,https://www.ah.nl/producten/product/wi618302,2026-08-09,AH Surimi sticks 4-pack,fish
213759,809046,AH Zalmfilet à la minute,AH,vis,Vis,Zalm (vers),6.13,6.13,,,,,ca. 225 g,prijs per kg €27.23,False,,,,,A,True,AH,https://www.ah.nl/producten/product/wi213759,2026-08-09,AH Salmon fillet à la minute,fish
598216,0,AH Zalmfilet a  la minute 2-pack,AH,vis,Vis,Zalm (vers),11.89,12.26,3.0,3% volume voordeel,,,2 stuks,,True,AHOO,3% volume voordeel,2026-08-09,2999-12-31,,True,AH,https://www.ah.nl/producten/product/wi598216,2026-08-09,AH Zalmfilet a  la minute 2-pack,fish
620006,0,AH Gerookte forelfilet 3-pack,AH,vis,Vis,"Gerookte forel, haring, zeebaars",11.37,11.97,5.0,5% volume voordeel,,,3 stuks,,True,AHOO,5% volume voordeel,2026-08-09,2999-12-31,,True,AH,https://www.ah.nl/producten/product/wi620006,2026-08-09,AH Gerookte forelfilet 3-pack,fish
191090,792476,Iglo Fishcuisine Italiano,Iglo,vis,Vis,Vis maaltijden (diepvries),6.29,6.29,,,,,380 g,prijs per kg €16.55,False,,,,,A,True,AH,https://www.ah.nl/producten/product/wi191090,2026-08-09,Igloo Fish Cuisine Italiano,fish
615363,0,Iglo Fishcuisine Italiano 3-pack,Iglo,vis,Vis,Vis maaltijden (diepvries),17.93,18.87,5.0,5% volume voordeel,,,3 stuks,,True,AHOO,5% volume voordeel,2026-08-09,2999-12-31,,True,AH,https://www.ah.nl/producten/product/wi615363,2026-08-09,Iglo Fishcuisine Italiano 3-pack,fish
620007,0,AH Gerookte forelfilet 4-pack,AH,vis,Vis,"Gerookte forel, haring, zeebaars",14.36,15.96,10.0,10% volume voordeel,,,4 stuks,,True,AHOO,10% volume voordeel,2026-08-09,2999-12-31,,True,AH,https://www.ah.nl/producten/product/wi620007,2026-08-09,AH Gerookte forelfilet 4-pack,fish
367764,834150,Johma Garnalen salade,Johma,vis,Vis,Vissalades (beleg),1.9967,3.75,46.8,3 stuks 5.99,5.99,3.0,175 g,normale prijs per kg €21.43,True,AH,3 stapelen voor 5.99,2026-08-10,2026-08-16,D,True,AH,https://www.ah.nl/producten/product/wi367764,2026-08-09,Johma Garnalen salade,fish
615222,0,John West Tonijn in water 3-pack 2-pack,John West,vis,Vis,Tonijn in water,14.42,15.18,5.0,5% volume voordeel,,,2 stuks,,True,AHOO,5% volume voordeel,2026-08-09,2999-12-31,,True,AH,https://www.ah.nl/producten/product/wi615222,2026-08-09,John West Tuna in water 3-pack 2-pack,fish
792,6404,AH Kabeljauw,AH,vis,Vis,Kabeljauw (diepvries),6.99,6.99,,,,,400 g,prijs per kg €17.48,False,,,,,A,True,AH,https://www.ah.nl/producten/product/wi792,2026-08-09,AH Cod,fish
367531,833899,Fish Tales Skipjack tonijn in water,Fish Tales,vis,Vis,Tonijn in water,3.79,3.79,,,,,160 g,prijs per kg €33.84,False,,,,,A,True,AH,https://www.ah.nl/producten/product/wi367531,2026-08-09,Fish Tales Skipjack tuna in water,fish
55671,508505,AH Gerookte zalmblokjes,AH,vis,Vis,Gerookte zalm,3.74,4.99,25.0,25% korting,,,100 g,normale prijs per kg €49.90,True,AH,25% korting,2026-08-03,2026-08-09,D,True,AH,https://www.ah.nl/producten/product/wi55671,2026-08-09,AH Gerookte zalmblokjes,fish
598485,0,AH Gerookte zalmblokjes 2-pack,AH,vis,Vis,Gerookte zalm,7.48,9.98,25.1,pakketkorting,,,2 stuks,,True,AHOO,,2026-08-09,2026-08-09,,True,AH,https://www.ah.nl/producten/product/wi598485,2026-08-09,AH Gerookte zalmblokjes 2-pack,fish
604898,58659,AH Excellent Warm gerookte zalmsalade luxe salade,AH Excellent,vis,Vis,Vissalades (beleg),1.9967,3.39,41.1,3 voor 5.99,5.99,3.0,125 g,normale prijs per kg €27.12,True,AH,3 VOOR 5.99,2026-08-03,2026-08-09,D,True,AH,https://www.ah.nl/producten/product/wi604898,2026-08-09,AH Excellent Warm smoked salmon salad luxury salad,fish
622517,0,AH Excellent Warm gerookte zalmsalade luxe salade 2pk,AH Excellent,vis,Vis,Vissalades (beleg),6.58,6.78,3.0,3% volume voordeel,,,2 stuks,,True,AHOO,3% volume voordeel,2026-08-10,2999-12-31,,True,AH,https://www.ah.nl/producten/product/wi622517,2026-08-09,AH Excellent Warm gerookte zalmsalade luxe salade 2pk,fish
445472,707375,Iglo Vissticks,Iglo,vis,Vis,Vissticks (diepvries),6.99,6.99,,,,,30 stuks,prijs per kg €8.32,False,,,,,B,True,AH,https://www.ah.nl/producten/product/wi445472,2026-08-09,Igloo Fish Fingers,fish
615370,0,Iglo Vissticks 3-pack 840 gr,Iglo,vis,Vis,Vissticks (diepvries),19.92,20.97,5.0,5% volume voordeel,,,3 stuks,,True,AHOO,5% volume voordeel,2026-08-09,2999-12-31,,True,AH,https://www.ah.nl/producten/product/wi615370,2026-08-09,Iglo Fish Sticks 3-pack 840 gr,fish
622518,0,AH Excellent Warm gerookte zalmsalade luxe salade 3pk,AH Excellent,vis,Vis,Vissalades (beleg),5.99,10.17,41.1,pakketkorting,,,3 stuks,,True,AHOO,,2026-08-09,2026-08-09,,True,AH,https://www.ah.nl/producten/product/wi622518,2026-08-09,AH Excellent Warm gerookte zalmsalade luxe salade 3pk,fish
622519,0,AH Excellent Warm gerookte zalmsalade luxe salade 4pk,AH Excellent,vis,Vis,Vissalades (beleg),9.38,13.56,30.8,pakketkorting,,,4 stuks,,True,AHOO,,2026-08-09,2026-08-09,,True,AH,https://www.ah.nl/producten/product/wi622519,2026-08-09,AH Excellent Warm gerookte zalmsalade luxe salade 4pk,fish
217010,809175,AH Gepelde roze garnalen rauw,AH,vis,Vis,Garnalen (diepvries),9.69,9.69,,,,,450 g,prijs per kg €21.53,False,,,,,A,True,AH,https://www.ah.nl/producten/product/wi217010,2026-08-09,AH Peeled pink shrimp raw,fish
533325,722708,Iglo Vissticks,Iglo,vis,Vis,Vissticks (diepvries),2.79,2.79,,,,,8 stuks,prijs per kg €12.46,False,,,,,B,True,AH,https://www.ah.nl/producten/product/wi533325,2026-08-09,Igloo Fish Fingers,fish
615371,0,Iglo Vissticks 3-pack 224 gr,Iglo,vis,Vis,Vissticks (diepvries),7.95,8.37,5.0,5% volume voordeel,,,3 stuks,,True,AHOO,5% volume voordeel,2026-08-09,2999-12-31,,True,AH,https://www.ah.nl/producten/product/wi615371,2026-08-09,Iglo Vissticks 3-pack 224 gr,fish
226265,820214,John West Tonijnstukken in zonnebloemolie,John West,vis,Vis,Tonijn in zonnebloemolie,2.89,2.89,,,,,145 g,prijs per kg €28.33,False,,,,,A,True,AH,https://www.ah.nl/producten/product/wi226265,2026-08-09,John West Tuna pieces in sunflower oil,fish
226267,820216,Statesman Sardines in zonnebloemolie,Statesman,vis,Vis,Sardines (conserven),1.99,1.99,,,,,120 g,prijs per kg €23.69,False,,,,,B,True,AH,https://www.ah.nl/producten/product/wi226267,2026-08-09,Statesman Sardines in zonnebloemolie,fish
615230,0,John West Tonijnstukken in zonnebloemolie 3-pack,John West,vis,Vis,Tonijn in zonnebloemolie,8.24,8.67,5.0,5% volume voordeel,,,3 stuks,,True,AHOO,5% volume voordeel,2026-08-09,2999-12-31,,True,AH,https://www.ah.nl/producten/product/wi615230,2026-08-09,John West Tonijnstukken in zonnebloemolie 3-pack,fish
496773,795424,John West Twist tonijn ovengedroogde tomaat,John West,vis,Vis,Gemarineerde tonijn,3.29,3.29,,,,,85 g,prijs per kg €38.71,False,,,,,A,True,AH,https://www.ah.nl/producten/product/wi496773,2026-08-09,John West Twist tonijn ovengedroogde tomaat,fish
217607,809230,Iglo Viskraam lekkerbekjes in bierbeslag,Iglo,vis,Vis,Lekkerbekjes (diepvries),4.99,4.99,,,,,2 x 120 g,prijs per kg €20.79,False,,,,,C,True,AH,https://www.ah.nl/producten/product/wi217607,2026-08-09,Iglo Viskraam tasty treats in beer batter,fish
615368,0,Iglo Viskraam lekkerbekjes in bierbeslag 3-pk,Iglo,vis,Vis,Lekkerbekjes (diepvries),14.22,14.97,5.0,5% volume voordeel,,,3 stuks,,True,AHOO,5% volume voordeel,2026-08-09,2999-12-31,,True,AH,https://www.ah.nl/producten/product/wi615368,2026-08-09,Iglo Viskraam lekkerbekjes in bierbeslag 3-pk,fish
395373,847043,AH Grote garnalen,AH,vis,Vis,Garnalen (vers),3.49,3.49,,,,,100 g,prijs per kg €34.90,False,,,,,B,True,AH,https://www.ah.nl/producten/product/wi395373,2026-08-09,AH Grote garnalen,fish
97361,550023,AH Reuzengarnalen rauw en ongepeld,AH,vis,Vis,Garnalen (diepvries),7.59,7.59,,,,,450 g,prijs per kg €16.87,False,,,,,A,True,AH,https://www.ah.nl/producten/product/wi97361,2026-08-09,AH Giant shrimps raw and unpeeled,fish
130190,590205,AH Sandwich zalmplakken,AH,vis,Vis,Gerookte zalm,4.19,5.59,25.0,25% korting,,,100 g,normale prijs per kg €55.90,True,AH,25% korting,2026-08-03,2026-08-09,D,True,AH,https://www.ah.nl/producten/product/wi130190,2026-08-09,AH Sandwich zalmplakken,fish
568749,0,AH Grote garnalen 2-pack,AH,vis,Vis,Garnalen (vers),6.77,6.98,3.0,3% volume voordeel,,,2 stuks,,True,AHOO,3% volume voordeel,2026-08-09,2999-12-31,,True,AH,https://www.ah.nl/producten/product/wi568749,2026-08-09,AH Grote garnalen 2-pack,fish
571234,12560,AH Pangasiusfilet,AH,vis,Vis,Pangasius (vers),2.49,2.49,,1 + 1 gratis,,1.0,ca. 175 g,normale prijs per kg €14.23,True,AH,1 + 1 gratis,2026-08-10,2026-08-16,A,True,AH,https://www.ah.nl/producten/product/wi571234,2026-08-09,AH Pangasiusfilet,fish
376532,838019,AH Gerookte zalmsalade,AH,vis,Vis,Vissalades (beleg),2.99,2.99,,,,,175 g,prijs per kg €17.09,False,,,,,D,True,AH,https://www.ah.nl/producten/product/wi376532,2026-08-09,AH Gerookte zalmsalade,fish
231914,818927,Iglo Fish&fun visburgers,Iglo,vis,Vis,Gepaneerde vissnacks (diepvries),4.49,4.49,,,,,"0,23 kg",prijs per kg €19.78,False,,,,,B,True,AH,https://www.ah.nl/producten/product/wi231914,2026-08-09,Iglo Fish&fun visburgers,fish
603295,0,AH pangasiusfilet 2-pack,AH,vis,Vis,Pangasius (vers),4.88,4.98,2.0,2% volume voordeel,,,2 stuks,,True,AHOO,2% volume voordeel,2026-08-09,2026-08-09,,True,AH,https://www.ah.nl/producten/product/wi603295,2026-08-09,AH pangasiusfilet 2-pack,fish
604655,0,Iglo Fish&fun visburgers 3-pack,Iglo,vis,Vis,Vissticks (diepvries),12.8,13.47,5.0,5% volume voordeel,,,3 stuks,,True,AHOO,5% volume voordeel,2026-08-09,2999-12-31,,True,AH,https://www.ah.nl/producten/product/wi604655,2026-08-09,Iglo Fish&fun fish burgers 3-pack,fish
53220,99634,AH Cocktail garnalen,AH,vis,Vis,Garnalen (vers),2.59,2.59,,,,,100 g,prijs per kg €25.90,False,,,,,,True,AH,https://www.ah.nl/producten/product/wi53220,2026-08-09,AH Cocktail shrimp,fish
516979,63312,AH Gerookte zalm 30% verlaagd in zout,AH,vis,Vis,Gerookte zalm,3.44,4.59,25.0,25% korting,,,100 g,normale prijs per kg €45.90,True,AH,25% korting,2026-08-03,2026-08-09,C,True,AH,https://www.ah.nl/producten/product/wi516979,2026-08-09,AH Gerookte zalm 30% verlaagd in zout,fish
590093,35853,AH Surimi krab salade,AH,vis,Vis,Vissalades (beleg),2.79,2.79,,,,,175 g,prijs per kg €15.94,False,,,,,D,True,AH,https://www.ah.nl/producten/product/wi590093,2026-08-09,AH Surimi krab salade,fish
621738,0,AH Surimi krab salade 3-pack,AH,vis,Vis,Vissalades (beleg),7.95,8.37,5.0,5% volume voordeel,,,3 stuks,,True,AHOO,5% volume voordeel,2026-08-09,2999-12-31,,True,AH,https://www.ah.nl/producten/product/wi621738,2026-08-09,AH Surimi krab salade 3-pack,fish
603279,0,AH Gerookte zalm 30% verlaagd zout 2-pack,AH,vis,Vis,Gerookte zalm,6.88,9.18,25.1,pakketkorting,,,2 stuks,,True,AHOO,,2026-08-09,2026-08-09,,True,AH,https://www.ah.nl/producten/product/wi603279,2026-08-09,AH Gerookte zalm 30% verlaagd zout 2-pack,fish
436979,701284,Fish Tales Verse Zeeuwse mosselen,Fish Tales,vis,Vis,Mosselen (vers),9.99,9.99,,,,,"1,5 kg",prijs per kg €6.66,False,,,,,A,True,AH,https://www.ah.nl/producten/product/wi436979,2026-08-09,Fish Tales Verse Zeeuwse mosselen,fish
582543,25159,AH Lekkerbekjes krokant korstje,AH,vis,Vis,Lekkerbekjes (diepvries),2.85,2.85,,,,,240 g,prijs per kg €11.88,False,,,,,C,True,AH,https://www.ah.nl/producten/product/wi582543,2026-08-09,AH Lekkerbekjes crispy crust,fish
617963,0,AH Cocktail garnalen 2-pack,AH,vis,Vis,Garnalen (vers),5.02,5.18,3.0,3% volume voordeel,,,2 stuks,,True,AHOO,3% volume voordeel,2026-08-09,2999-12-31,,True,AH,https://www.ah.nl/producten/product/wi617963,2026-08-09,AH Cocktail garnalen 2-pack,fish
621739,0,AH Surimi krab salade 4-pack,AH,vis,Vis,Vissalades (beleg),10.04,11.16,10.0,10% volume voordeel,,,4 stuks,,True,AHOO,10% volume voordeel,2026-08-09,2999-12-31,,True,AH,https://www.ah.nl/producten/product/wi621739,2026-08-09,AH Surimi crab salad 4-pack,fish
589101,34638,Rio Mare Tonijnmoot in olijfolie 3-pack,Rio Mare,vis,Vis,Tonijn in olijfolie,6.99,6.99,,,,,195 g,prijs per kg €44.81,False,,,,,D,True,AH,https://www.ah.nl/producten/product/wi589101,2026-08-09,Rio Mare Tonijnmoot in olijfolie 3-pack,fish
197753,791891,AH Pangasiusfilet knoflook-citroen,AH,vis,Vis,Pangasius (vers),6.49,6.49,,,,,ca. 400 g,prijs per kg €16.22,False,,,,,A,True,AH,https://www.ah.nl/producten/product/wi197753,2026-08-09,AH Pangasiusfilet knoflook-citroen,fish
415351,686926,AH Roerbak garnalen knoflook,AH,vis,Vis,Garnalen (vers),5.49,5.49,,,,,185 g,prijs per kg €29.68,False,,,,,B,True,AH,https://www.ah.nl/producten/product/wi415351,2026-08-09,AH Roerbak garnalen knoflook,fish
598188,0,AH Roerbak garnalen knoflook 2-pack,AH,vis,Vis,Garnalen (vers),10.65,10.98,3.0,3% volume voordeel,,,2 stuks,,True,AHOO,3% volume voordeel,2026-08-09,2999-12-31,,True,AH,https://www.ah.nl/producten/product/wi598188,2026-08-09,AH Roerbak garnalen knoflook 2-pack,fish
603296,0,AH Pangasiusfilet knoflook-citroen 2-pack,AH,vis,Vis,Pangasius (vers),12.72,12.98,2.0,2% volume voordeel,,,2 stuks,,True,AHOO,2% volume voordeel,2026-08-09,2999-12-31,,True,AH,https://www.ah.nl/producten/product/wi603296,2026-08-09,AH Pangasiusfilet knoflook-citroen 2-pack,fish
577823,0,AH Sandwich zalmplakken 3-pack,AH,vis,Vis,Gerookte zalm,12.58,16.77,25.0,pakketkorting,,,3 stuks,,True,AHOO,,2026-08-09,2026-08-09,,True,AH,https://www.ah.nl/producten/product/wi577823,2026-08-09,AH Sandwich zalmplakken 3-pack,fish
127094,31,Fish Tales Gerookte horsmakreelfilet,Fish Tales,vis,Vis,Gerookte makreel,5.29,5.29,,,,,150 g,prijs per kg €35.27,False,,,,,A,True,AH,https://www.ah.nl/producten/product/wi127094,2026-08-09,Fish Tales Gerookte horsmakreelfilet,fish
610216,0,Fish Tales Gerookte horsmakreelfilet 2-pack,Fish Tales,vis,Vis,Gerookte makreel,10.05,10.58,5.0,5% volume voordeel,,,2 stuks,,True,AHOO,5% volume voordeel,2026-08-09,2999-12-31,,True,AH,https://www.ah.nl/producten/product/wi610216,2026-08-09,Fish Tales Smoked horse mackerel fillet 2-pack,fish
617965,0,AH Cocktail garnalen 4-pack,AH,vis,Vis,Garnalen (vers),9.32,10.36,10.0,10% volume voordeel,,,4 stuks,,True,AHOO,10% volume voordeel,2026-08-09,2999-12-31,,True,AH,https://www.ah.nl/producten/product/wi617965,2026-08-09,AH Cocktail garnalen 4-pack,fish
617964,0,AH Cocktail garnalen 3-pack,AH,vis,Vis,Garnalen (vers),7.38,7.77,5.0,5% volume voordeel,,,3 stuks,,True,AHOO,5% volume voordeel,2026-08-09,2999-12-31,,True,AH,https://www.ah.nl/producten/product/wi617964,2026-08-09,AH Cocktail shrimp 3-pack,fish
223398,817072,Fish Tales Ansjovisfilets in olijfolie,Fish Tales,vis,Vis,Ansjovis (conserven),2.99,2.99,,,,,45 g,prijs per kg €130.00,False,,,,,E,True,AH,https://www.ah.nl/producten/product/wi223398,2026-08-09,Fish Tales Ansjovisfilets in olijfolie,fish
523283,659186,AH Garnalen,AH,vis,Vis,Garnalen (vers),5.49,5.49,,,,,200 g,prijs per kg €27.45,False,,,,,,True,AH,https://www.ah.nl/producten/product/wi523283,2026-08-09,AH Shrimp,fish
539586,710565,Iglo Viskraam lekkerbekjes glutenvrij,Iglo,vis,Vis,Lekkerbekjes (diepvries),5.99,5.99,,,,,250 g,prijs per kg €23.96,False,,,,,B,True,AH,https://www.ah.nl/producten/product/wi539586,2026-08-09,Iglo Viskraam lekkerbekjes glutenvrij,fish
610212,0,Fish Tales Ansjovisfilets in olijfolie 3-pack,Fish Tales,vis,Vis,Ansjovis (conserven),8.52,8.97,5.0,5% volume voordeel,,,3 stuks,,True,AHOO,5% volume voordeel,2026-08-09,2999-12-31,,True,AH,https://www.ah.nl/producten/product/wi610212,2026-08-09,Fish Tales Ansjovisfilets in olijfolie 3-pack,fish
615367,0,Iglo Viskraam lekkerbekjes glutenvrij 3-pack,Iglo,vis,Vis,Lekkerbekjes (diepvries),17.07,17.97,5.0,5% volume voordeel,,,3 stuks,,True,AHOO,5% volume voordeel,2026-08-09,2999-12-31,,True,AH,https://www.ah.nl/producten/product/wi615367,2026-08-09,Iglo Viskraam lekkerbekjes glutenvrij 3-pack,fish
618032,0,AH Gerookte zalmblokjes 4-pack,AH,vis,Vis,Gerookte zalm,14.97,19.96,25.0,pakketkorting,,,4 stuks,,True,AHOO,,2026-08-09,2026-08-09,,True,AH,https://www.ah.nl/producten/product/wi618032,2026-08-09,AH Gerookte zalmblokjes 4-pack,fish
618031,0,AH Gerookte zalmblokjes 3-pack,AH,vis,Vis,Gerookte zalm,11.23,14.97,25.0,pakketkorting,,,3 stuks,,True,AHOO,,2026-08-09,2026-08-09,,True,AH,https://www.ah.nl/producten/product/wi618031,2026-08-09,AH Gerookte zalmblokjes 3-pack,fish
523282,69193,AH Biologisch Roerbakgarnalen,AH Biologisch,vis,Vis,Garnalen (vers),4.39,4.39,,,,,125 g,prijs per kg €35.12,False,,,,,A,True,AH,https://www.ah.nl/producten/product/wi523282,2026-08-09,AH Biologisch Roerbakgarnalen,fish
558178,687951,AH Kabeljauwhaasje,AH,vis,Vis,Kabeljauw (vers),0.0279,5.29,99.5,per 100 GRAM voor €2.79,2.79,100.0,ca. 130 g,normale prijs per kg €40.69,True,AH,100 GRAM VOOR 2.79,2026-08-03,2026-08-09,A,True,AH,https://www.ah.nl/producten/product/wi558178,2026-08-09,AH Cod tenderloin,fish
613038,69905,AH Kibbeling,AH,vis,Vis,Gepaneerde vis (vers),5.39,5.39,,,,,ca. 300 g,prijs per kg €17.95,False,,,,,C,True,AH,https://www.ah.nl/producten/product/wi613038,2026-08-09,AH Kibbeling,fish
619558,0,AH Biologisch Roerbakgarnalen 2-pack,AH Biologisch,vis,Vis,Garnalen (vers),8.52,8.78,3.0,3% volume voordeel,,,2 stuks,,True,AHOO,3% volume voordeel,2026-08-09,2999-12-31,,True,AH,https://www.ah.nl/producten/product/wi619558,2026-08-09,AH Organic Stir-Fry Shrimp 2-pack,fish
619560,0,AH Biologisch Roerbakgarnalen 4-pack,AH Biologisch,vis,Vis,Garnalen (vers),15.8,17.56,10.0,10% volume voordeel,,,4 stuks,,True,AHOO,10% volume voordeel,2026-08-09,2999-12-31,,True,AH,https://www.ah.nl/producten/product/wi619560,2026-08-09,AH Biologisch Roerbakgarnalen 4-pack,fish
620029,0,AH Kabeljauwhaasje 2-pack,AH,vis,Vis,Kabeljauw (vers),10.37,10.58,2.0,2% volume voordeel,,,2 stuks,,True,AH,2% volume voordeel,,,,True,AH,https://www.ah.nl/producten/product/wi620029,2026-08-09,AH Kabeljauwhaasje 2-pack,fish
231931,818926,Iglo Fish&fun visfriet,Iglo,vis,Vis,Visfriet (diepvries),3.49,3.49,,,,,8 x 28 g,prijs per kg €15.58,False,,,,,C,True,AH,https://www.ah.nl/producten/product/wi231931,2026-08-09,Iglo Fish&fun visfriet,fish
615360,0,Iglo Fish&fun visfriet 3-pack,Iglo,vis,Vis,Visfriet (diepvries),9.95,10.47,5.0,5% volume voordeel,,,3 stuks,,True,AHOO,5% volume voordeel,2026-08-09,2999-12-31,,True,AH,https://www.ah.nl/producten/product/wi615360,2026-08-09,Iglo Fish&fun visfriet 3-pack,fish
620564,0,AH Pangasiusfilet 3-pack,AH,vis,Vis,Pangasius (vers),7.17,7.47,4.0,4% volume voordeel,,,3 stuks,,True,AHOO,4% volume voordeel,2026-08-09,2026-08-09,,True,AH,https://www.ah.nl/producten/product/wi620564,2026-08-09,AH Pangasius fillet 3-pack,fish
496944,795589,Princes Tonijnstukken groenten,Princes,vis,Vis,Tonijn met groente,1.69,2.79,39.4,voor 1.69,1.69,,160 g,normale prijs per kg €17.44,True,AH,VOOR 1.69,2026-08-10,2026-08-16,A,True,AH,https://www.ah.nl/producten/product/wi496944,2026-08-09,Princes Tonijnstukken groenten,fish
451669,574649,Statesman Tonijn stukken in olijfolie,Statesman,vis,Vis,Tonijn in olijfolie,1.99,1.99,,,,,160 g,prijs per kg €12.44,False,,,,,B,True,AH,https://www.ah.nl/producten/product/wi451669,2026-08-09,Statesman Tonijn stukken in olijfolie,fish
619559,0,AH Biologisch Roerbakgarnalen 3-pack,AH Biologisch,vis,Vis,Garnalen (vers),12.51,13.17,5.0,5% volume voordeel,,,3 stuks,,True,AHOO,5% volume voordeel,2026-08-09,2999-12-31,,True,AH,https://www.ah.nl/producten/product/wi619559,2026-08-09,AH Biologisch Roerbakgarnalen 3-pack,fish
617434,0,AH Roerbak garnalen knoflook 3-pack,AH,vis,Vis,Garnalen (vers),15.65,16.47,5.0,5% volume voordeel,,,3 stuks,,True,AHOO,5% volume voordeel,2026-08-09,2999-12-31,,True,AH,https://www.ah.nl/producten/product/wi617434,2026-08-09,AH Roerbak garnalen knoflook 3-pack,fish
617435,0,AH Roerbak garnalen knoflook 4-pack,AH,vis,Vis,Garnalen (vers),19.76,21.96,10.0,10% volume voordeel,,,4 stuks,,True,AHOO,10% volume voordeel,2026-08-09,2999-12-31,,True,AH,https://www.ah.nl/producten/product/wi617435,2026-08-09,AH Roerbak garnalen knoflook 4-pack,fish
620565,0,AH Pangasiusfilet 4-pack,AH,vis,Vis,Pangasius (vers),9.36,9.96,6.0,6% volume voordeel,,,4 stuks,,True,AHOO,6% volume voordeel,2026-08-09,2026-08-09,,True,AH,https://www.ah.nl/producten/product/wi620565,2026-08-09,AH Pangasiusfilet 4-pack,fish
545809,0,AH Grote garnalen 4-pack,AH,vis,Vis,Garnalen (vers),13.26,13.96,5.0,5% volume voordeel,,,4 stuks,,True,AHOO,5% volume voordeel,2026-08-09,2999-12-31,,True,AH,https://www.ah.nl/producten/product/wi545809,2026-08-09,AH Grote garnalen 4-pack,fish
590082,35850,Johma Japanse tonijn-sesam salade,Johma,vis,Vis,Vissalades (beleg),1.9967,3.49,42.8,3 stuks 5.99,5.99,3.0,175 g,normale prijs per kg €19.94,True,AH,3 stapelen voor 5.99,2026-08-10,2026-08-16,D,True,AH,https://www.ah.nl/producten/product/wi590082,2026-08-09,Johma Japanese tuna-sesame salad,fish
575887,17051,AH Surimi salade,AH,vis,Vis,Vissalades (beleg),2.49,2.49,,,,,300 g,prijs per kg €8.30,False,,,,,D,True,AH,https://www.ah.nl/producten/product/wi575887,2026-08-09,AH Surimi salade,fish
619213,0,AH Grote garnalen 3-pack,AH,vis,Vis,Garnalen (vers),9.95,10.47,5.0,5% volume voordeel,,,3 stuks,,True,AHOO,5% volume voordeel,2026-08-09,2999-12-31,,True,AH,https://www.ah.nl/producten/product/wi619213,2026-08-09,AH Large shrimp 3-pack,fish
620030,0,AH Kabeljauwhaasje 3-pack,AH,vis,Vis,Kabeljauw (vers),15.24,15.87,4.0,4% volume voordeel,,,3 stuks,,True,AH,4% volume voordeel,,,,True,AH,https://www.ah.nl/producten/product/wi620030,2026-08-09,AH Kabeljauwhaasje 3-pack,fish
51336,62346,AH Lekkerbek,AH,vis,Vis,Gepaneerde vis (vers),5.29,5.29,,,,,ca. 280 g,prijs per kg €18.89,False,,,,,B,True,AH,https://www.ah.nl/producten/product/wi51336,2026-08-09,AH Lekkerbek,fish
618122,0,AH Lekkerbek 2-pack,AH,vis,Vis,Gepaneerde vis (vers),10.26,10.58,3.0,3% volume voordeel,,,2 stuks,,True,AHOO,3% volume voordeel,2026-08-09,2999-12-31,,True,AH,https://www.ah.nl/producten/product/wi618122,2026-08-09,AH Lekkerbek 2-pack,fish
620031,0,AH Kabeljauwhaasje 4-pack,AH,vis,Vis,Kabeljauw (vers),19.89,21.16,6.0,6% volume voordeel,,,4 stuks,,True,AH,6% volume voordeel,,,,True,AH,https://www.ah.nl/producten/product/wi620031,2026-08-09,AH Kabeljauwhaasje 4-pack,fish
618123,0,AH Lekkerbek 3-pack,AH,vis,Vis,Gepaneerde vis (vers),15.08,15.87,5.0,5% volume voordeel,,,3 stuks,,True,AHOO,5% volume voordeel,2026-08-09,2999-12-31,,True,AH,https://www.ah.nl/producten/product/wi618123,2026-08-09,AH Lekkerbek 3-pack,fish
618124,0,AH Lekkerbek 4-pack,AH,vis,Vis,Gepaneerde vis (vers),19.04,21.16,10.0,10% volume voordeel,,,4 stuks,,True,AHOO,10% volume voordeel,2026-08-09,2999-12-31,,True,AH,https://www.ah.nl/producten/product/wi618124,2026-08-09,AH Lekkerbek 4-pack,fish
103191,92542,AH Mosselgroente,AH,vis,Vis,"Mosselgroente, saus en kruiden",2.19,2.19,,,,,400 g,prijs per kg €5.48,False,,,,,A,True,AH,https://www.ah.nl/producten/product/wi103191,2026-08-09,AH Mosselgroente,fish
484538,739693,AH Zalmfilet op huid,AH,vis,Vis,Zalm (vers),4.75,4.75,,,,,ca. 170 g,prijs per kg €27.95,False,,,,,A,True,AH,https://www.ah.nl/producten/product/wi484538,2026-08-09,AH Salmon fillet on skin,fish
185801,639312,AH Gerookte sockeye zalm,AH,vis,Vis,Gerookte zalm,4.12,5.49,25.0,25% korting,,,100 g,normale prijs per kg €54.90,True,AH,25% korting,2026-08-03,2026-08-09,D,True,AH,https://www.ah.nl/producten/product/wi185801,2026-08-09,AH Gerookte sockeye zalm,fish
602962,0,AH Gerookte sockeye zalm 2-pack,AH,vis,Vis,Gerookte zalm,8.23,10.98,25.0,pakketkorting,,,2 stuks,,True,AHOO,,2026-08-09,2026-08-09,,True,AH,https://www.ah.nl/producten/product/wi602962,2026-08-09,AH Gerookte sockeye zalm 2-pack,fish
48962,527896,AH Hollandse nieuwe met uitjes,AH,vis,Vis,Haring (vers),3.29,3.29,,,,,3 stuks,,False,,,,,D,True,AH,https://www.ah.nl/producten/product/wi48962,2026-08-09,AH Dutch new ones with outings,fish
587652,32912,AH Sushi zalm,AH,vis,Vis,Zalm (vers),3.29,5.99,45.1,per 100 GRAM voor €3.29,3.29,100.0,ca. 150 g,normale prijs per kg €39.93,True,AH,100 GRAM VOOR 3.29,2026-08-10,2026-08-16,C,True,AH,https://www.ah.nl/producten/product/wi587652,2026-08-09,AH Sushi salmon,fish
599927,49992,Princes Tonijn in water,Princes,vis,Vis,Tonijn in water,1.69,1.99,15.1,voor 1.69,1.69,,85 g,normale prijs per kg €23.41,True,AH,VOOR 1.69,2026-08-10,2026-08-16,A,True,AH,https://www.ah.nl/producten/product/wi599927,2026-08-09,Princes Tonijn in water,fish
615102,0,Princes Tonijn in water 3-pack,Princes,vis,Vis,Tonijn in water,5.67,5.97,5.0,5% volume voordeel,,,3 stuks,,True,AHOO,5% volume voordeel,2026-08-09,2026-08-09,,True,AH,https://www.ah.nl/producten/product/wi615102,2026-08-09,Princes Tonijn in water 3-pack,fish
621241,0,AH Sushi zalm 2-pack,AH,vis,Vis,Zalm (vers),,,3.0,3% volume voordeel,,,2 stuks,,True,AH,3% volume voordeel,,,,True,AH,https://www.ah.nl/producten/product/wi621241,2026-08-09,AH Sushi zalm 2-pack,fish
621242,0,AH Sushi zalm 3-pack,AH,vis,Vis,Zalm (vers),,,5.0,5% volume voordeel,,,3 stuks,,True,AH,5% volume voordeel,,,,True,AH,https://www.ah.nl/producten/product/wi621242,2026-08-09,AH Sushi zalm 3-pack,fish
621243,0,AH Sushi zalm 4-pack,AH,vis,Vis,Zalm (vers),,,10.0,10% volume voordeel,,,4 stuks,,True,AH,10% volume voordeel,,,,True,AH,https://www.ah.nl/producten/product/wi621243,2026-08-09,AH Sushi zalm 4-pack,fish
596926,0,Princes tonijnstukken met groenten 2-pack,Princes,vis,Vis,Tonijn met groente,4.74,5.58,15.0,15% volume voordeel,,,2 stuks,,True,AHOO,15% volume voordeel,2026-08-09,2026-08-09,,True,AH,https://www.ah.nl/producten/product/wi596926,2026-08-09,Princes tonijnstukken met groenten 2-pack,fish
618258,0,AH Sandwich zalmplakken 2-pack,AH,vis,Vis,Gerookte zalm,8.38,11.18,25.0,pakketkorting,,,2 stuks,,True,AHOO,,2026-08-09,2026-08-09,,True,AH,https://www.ah.nl/producten/product/wi618258,2026-08-09,AH Sandwich salmon slices 2-pack,fish
497588,802198,Johma Tonijnsalade voordeelpak,Johma,vis,Vis,Vissalades (beleg),4.99,4.99,,,,,300 g,prijs per kg €16.63,False,,,,,D,True,AH,https://www.ah.nl/producten/product/wi497588,2026-08-09,Johma Tonijnsalade voordeelpak,fish
543332,697661,AH Scharrel kipfilet naturel,AH,vleeswaren,Vleeswaren,Kipfilet en kalkoenfilet (voorverpakt),2.59,2.59,,,,,150 g,prijs per kg €17.27,False,,,,,C,True,AH,https://www.ah.nl/producten/product/wi543332,2026-08-09,AH Scharrel kipfilet naturel,cold cuts
280081,835368,AH Biologisch Kipfilet,AH Biologisch,vleeswaren,Vleeswaren,Kipfilet en kalkoenfilet (versafdeling),3.49,3.49,,,,,ca. 100 g,prijs per kg €34.90,False,,,,,D,True,AH,https://www.ah.nl/producten/product/wi280081,2026-08-09,AH Organic Chicken Fillet,cold cuts
543364,789935,AH Boterhamworst,AH,vleeswaren,Vleeswaren,Boterhamworst (voorverpakt),1.39,1.39,,,,,150 g,prijs per kg €9.27,False,,,,,E,True,AH,https://www.ah.nl/producten/product/wi543364,2026-08-09,AH Sandwich sausage,cold cuts
462712,715707,AH Scharrel roasted kipfilet,AH,vleeswaren,Vleeswaren,Kipfilet en kalkoenfilet (versafdeling),0.0239,3.79,99.4,per 100 GRAM voor €2.39,2.39,100.0,ca. 110 g,normale prijs per kg €31.58,True,AH,100 GRAM VOOR 2.39,2026-08-03,2026-08-09,D,True,AH,https://www.ah.nl/producten/product/wi462712,2026-08-09,AH Scharrel roasted kipfilet,cold cuts
598042,0,AH Scharrel roasted kipfilet 2-pack,AH,vleeswaren,Vleeswaren,Kipfilet en kalkoenfilet (versafdeling),7.35,7.58,3.0,3% volume voordeel,,,2 stuks,,True,AH,3% volume voordeel,,,,True,AH,https://www.ah.nl/producten/product/wi598042,2026-08-09,AH Scharrel roasted kipfilet 2-pack,cold cuts
203333,801175,AH Grillworst,AH,vleeswaren,Vleeswaren,Grillworst (versafdeling),2.79,2.79,,,,,ca. 130 g,prijs per kg €21.48,False,,,,,E,True,AH,https://www.ah.nl/producten/product/wi203333,2026-08-09,AH Grillworst,cold cuts
598466,0,AH Grillworst 2-pack,AH,vleeswaren,Vleeswaren,Grillworst (versafdeling),5.41,5.58,3.0,3% volume voordeel,,,2 stuks,,True,AHOO,3% volume voordeel,2026-08-09,2999-12-31,,True,AH,https://www.ah.nl/producten/product/wi598466,2026-08-09,AH Grillworst 2-pack,cold cuts
543386,625650,AH Cervelaat,AH,vleeswaren,Vleeswaren,Salami en cervelaat (voorverpakt),1.69,1.69,,,,,150 g,prijs per kg €11.27,False,,,,,E,True,AH,https://www.ah.nl/producten/product/wi543386,2026-08-09,AH Cervelaat,cold cuts
618631,0,AH Scharrel roasted kipfilet 4-pack,AH,vleeswaren,Vleeswaren,Kipfilet en kalkoenfilet (versafdeling),13.64,15.16,10.0,10% volume voordeel,,,4 stuks,,True,AH,10% volume voordeel,,,,True,AH,https://www.ah.nl/producten/product/wi618631,2026-08-09,AH Scharrel roasted kipfilet 4-pack,cold cuts
618630,0,AH Scharrel roasted kipfilet 3-pack,AH,vleeswaren,Vleeswaren,Kipfilet en kalkoenfilet (versafdeling),10.8,11.37,5.0,5% volume voordeel,,,3 stuks,,True,AH,5% volume voordeel,,,,True,AH,https://www.ah.nl/producten/product/wi618630,2026-08-09,AH Scharrel roasted kipfilet 3-pack,cold cuts
440331,72552,AH Gerookte slagersachterham,AH,vleeswaren,Vleeswaren,Ham (versafdeling),1.99,3.49,43.0,per 100 GRAM voor €1.99,1.99,100.0,ca. 110 g,normale prijs per kg €31.73,True,AH,100 GRAM VOOR 1.99,2026-08-10,2026-08-16,D,True,AH,https://www.ah.nl/producten/product/wi440331,2026-08-09,AH Smoked butcher's gammon,cold cuts
188709,591109,AH Yorkham,AH,vleeswaren,Vleeswaren,Ham (versafdeling),3.49,3.49,,,,,ca. 110 g,prijs per kg €31.73,False,,,,,D,True,AH,https://www.ah.nl/producten/product/wi188709,2026-08-09,AH Yorkham,cold cuts
598046,0,AH Yorkham 2-pack,AH,vleeswaren,Vleeswaren,Ham (versafdeling),6.77,6.98,3.0,3% volume voordeel,,,2 stuks,,True,AHOO,3% volume voordeel,2026-08-09,2999-12-31,,True,AH,https://www.ah.nl/producten/product/wi598046,2026-08-09,AH Yorkham 2-pack,cold cuts
442123,83461,AH Filet americain naturel,AH,vleeswaren,Vleeswaren,Filet americain (voorverpakt),2.19,2.19,,,,,150 g,prijs per kg €14.60,False,,,,,D,True,AH,https://www.ah.nl/producten/product/wi442123,2026-08-09,AH Filet americain natural,cold cuts
132220,590162,AH Kipfilet grootverpakking,AH,vleeswaren,Vleeswaren,Kipfilet en kalkoenfilet (voorverpakt),4.19,4.19,,,,,250 g,prijs per kg €16.76,False,,,,,C,True,AH,https://www.ah.nl/producten/product/wi132220,2026-08-09,AH Chicken fillet in bulk packaging,cold cuts
598474,0,AH Gerookte slagersachterham 2-pack,AH,vleeswaren,Vleeswaren,Ham (versafdeling),6.77,6.98,3.0,3% volume voordeel,,,2 stuks,,True,AHOO,3% volume voordeel,2026-08-09,2026-08-09,,True,AH,https://www.ah.nl/producten/product/wi598474,2026-08-09,AH Gerookte slagersachterham 2-pack,cold cuts
543345,76690,AH Achterham,AH,vleeswaren,Vleeswaren,Ham (voorverpakt),1.79,1.79,,,,,150 g,prijs per kg €11.93,False,,,,,D,True,AH,https://www.ah.nl/producten/product/wi543345,2026-08-09,AH Achterham,cold cuts
543385,734225,AH Salami,AH,vleeswaren,Vleeswaren,Salami en cervelaat (voorverpakt),1.89,1.89,,,,,150 g,prijs per kg €12.60,False,,,,,E,True,AH,https://www.ah.nl/producten/product/wi543385,2026-08-09,AH Salami,cold cuts
137939,595589,AH Scharrel kipfilet,AH,vleeswaren,Vleeswaren,Kipfilet en kalkoenfilet (versafdeling),0.0239,3.69,99.4,per 100 GRAM voor €2.39,2.39,100.0,ca. 125 g,normale prijs per kg €29.52,True,AH,100 GRAM VOOR 2.39,2026-08-03,2026-08-09,B,True,AH,https://www.ah.nl/producten/product/wi137939,2026-08-09,AH Free-range chicken fillet,cold cuts
598459,0,AH Scharrel kipfilet 2-pack,AH,vleeswaren,Vleeswaren,Kipfilet en kalkoenfilet (versafdeling),7.16,7.38,3.0,3% volume voordeel,,,2 stuks,,True,AH,3% volume voordeel,,,,True,AH,https://www.ah.nl/producten/product/wi598459,2026-08-09,AH Scharrel kipfilet 2-pack,cold cuts
617828,0,AH Gerookte slagersachterham 3-pack,AH,vleeswaren,Vleeswaren,Ham (versafdeling),9.95,10.47,5.0,5% volume voordeel,,,3 stuks,,True,AHOO,5% volume voordeel,2026-08-09,2026-08-09,,True,AH,https://www.ah.nl/producten/product/wi617828,2026-08-09,AH Gerookte slagersachterham 3-pack,cold cuts
617829,0,AH Gerookte slagersachterham 4-pack,AH,vleeswaren,Vleeswaren,Ham (versafdeling),12.56,13.96,10.0,10% volume voordeel,,,4 stuks,,True,AHOO,10% volume voordeel,2026-08-09,2026-08-09,,True,AH,https://www.ah.nl/producten/product/wi617829,2026-08-09,AH Smoked butcher's gammon 4-pack,cold cuts
550829,57361,AH Gelderse gekookte worst,AH,vleeswaren,Vleeswaren,Kookworst (versafdeling),1.99,1.99,,VOOR 1.79,1.79,,130 g,normale prijs per kg €15.31,True,AH,VOOR 1.79,2026-08-03,2026-08-09,E,True,AH,https://www.ah.nl/producten/product/wi550829,2026-08-09,AH Gelderse gekookte worst,cold cuts
598169,0,AH Gelderse gekookte worst 2-pack,AH,vleeswaren,Vleeswaren,Kookworst (versafdeling),3.58,3.98,10.1,pakketkorting,,,2 stuks,,True,AHOO,,2026-08-09,2026-08-09,,True,AH,https://www.ah.nl/producten/product/wi598169,2026-08-09,AH Gelderse gekookte worst 2-pack,cold cuts
370447,835448,AH Filet americain,AH,vleeswaren,Vleeswaren,Filet americain (versafdeling),2.49,3.19,21.9,voor 2.49,2.49,,150 g,normale prijs per kg €21.27,True,AH,VOOR 2.49,2026-08-10,2026-08-16,D,True,AH,https://www.ah.nl/producten/product/wi370447,2026-08-09,AH Filet americain,cold cuts
574575,0,AH Filet americain 2-pack,AH,vleeswaren,Vleeswaren,Filet americain (versafdeling),6.19,6.38,3.0,3% volume voordeel,,,2 stuks,,True,AHOO,3% volume voordeel,2026-08-09,2026-08-09,,True,AH,https://www.ah.nl/producten/product/wi574575,2026-08-09,AH Filet americain 2-pack,cold cuts
162009,808271,Wahid Wahid kipfilet,Wahid,vleeswaren,Vleeswaren,Halal vleeswaren,2.69,2.69,,,,,125 g,prijs per kg €21.52,False,,,,,D,True,AH,https://www.ah.nl/producten/product/wi162009,2026-08-09,Wahid Wahid kipfilet,cold cuts
601157,0,Wahid Wahid kipfilet 3-pack,Wahid,vleeswaren,Vleeswaren,Halal vleeswaren,7.67,8.07,5.0,5% volume voordeel,,,3 stuks,,True,AHOO,5% volume voordeel,2026-08-09,2999-12-31,,True,AH,https://www.ah.nl/producten/product/wi601157,2026-08-09,Wahid Wahid chicken fillet 3-pack,cold cuts
186643,783943,AH Grillworst,AH,vleeswaren,Vleeswaren,Grillworst (voorverpakt),1.79,1.79,,,,,150 g,prijs per kg €11.93,False,,,,,E,True,AH,https://www.ah.nl/producten/product/wi186643,2026-08-09,AH Grillworst,cold cuts
619843,0,AH Gelderse gekookte worst 3-pack,AH,vleeswaren,Vleeswaren,Kookworst (versafdeling),5.37,5.97,10.1,pakketkorting,,,3 stuks,,True,AHOO,,2026-08-09,2026-08-09,,True,AH,https://www.ah.nl/producten/product/wi619843,2026-08-09,AH Gelderse gekookte worst 3-pack,cold cuts
619844,0,AH Gelderse gekookte worst 4 pck,AH,vleeswaren,Vleeswaren,Kookworst (versafdeling),7.16,7.96,10.1,pakketkorting,,,4 stuks,,True,AHOO,10% volume voordeel,2026-08-09,2026-08-09,,True,AH,https://www.ah.nl/producten/product/wi619844,2026-08-09,AH Gelderse cooked sausage 4 pcs,cold cuts
132247,593927,AH Scharrel flinterdunne kipfilet,AH,vleeswaren,Vleeswaren,Kipfilet en kalkoenfilet (voorverpakt),2.29,2.29,,,,,100 g,prijs per kg €22.90,False,,,,,C,True,AH,https://www.ah.nl/producten/product/wi132247,2026-08-09,"AH Free range, wafer-thin chicken fillet",cold cuts
192853,622631,AH Grillworst kip,AH,vleeswaren,Vleeswaren,Grillworst (versafdeling),2.79,2.79,,,,,ca. 130 g,prijs per kg €21.48,False,,,,,D,True,AH,https://www.ah.nl/producten/product/wi192853,2026-08-09,AH Grill sausage chicken,cold cuts
598463,0,AH Grillworst kip 2-pack,AH,vleeswaren,Vleeswaren,Grillworst (versafdeling),5.41,5.58,3.0,3% volume voordeel,,,2 stuks,,True,AHOO,3% volume voordeel,2026-08-09,2999-12-31,,True,AH,https://www.ah.nl/producten/product/wi598463,2026-08-09,AH Grill sausage chicken 2-pack,cold cuts
576786,19562,AH Leverworst,AH,vleeswaren,Vleeswaren,Leverworst en leverkaas (versafdeling),1.99,1.99,,VOOR 1.79,1.79,,115 g,normale prijs per kg €17.30,True,AH,VOOR 1.79,2026-08-03,2026-08-09,D,True,AH,https://www.ah.nl/producten/product/wi576786,2026-08-09,AH Leverworst,cold cuts
598489,0,AH Leverworst 2-pack,AH,vleeswaren,Vleeswaren,Leverworst en leverkaas (versafdeling),3.58,3.98,10.1,pakketkorting,,,2 stuks,,True,AHOO,,2026-08-09,2026-08-09,,True,AH,https://www.ah.nl/producten/product/wi598489,2026-08-09,AH Liverwurst 2-pack,cold cuts
440333,72577,AH Gegrilde beenham,AH,vleeswaren,Vleeswaren,Ham (versafdeling),3.49,3.49,,,,,ca. 110 g,prijs per kg €31.73,False,,,,,D,True,AH,https://www.ah.nl/producten/product/wi440333,2026-08-09,AH Grilled ham,cold cuts
543387,539355,AH Runder rookvlees,AH,vleeswaren,Vleeswaren,Rookvlees (voorverpakt),2.95,2.95,,,,,100 g,prijs per kg €29.50,False,,,,,D,True,AH,https://www.ah.nl/producten/product/wi543387,2026-08-09,AH Runder rookvlees,cold cuts
598024,0,AH Gegrilde beenham 2-pack,AH,vleeswaren,Vleeswaren,Ham (versafdeling),6.77,6.98,3.0,3% volume voordeel,,,2 stuks,,True,AHOO,3% volume voordeel,2026-08-09,2999-12-31,,True,AH,https://www.ah.nl/producten/product/wi598024,2026-08-09,AH Gegrilde beenham 2-pack,cold cuts
132234,593638,AH Flinterdunne achterham,AH,vleeswaren,Vleeswaren,Ham (voorverpakt),1.85,1.85,,,,,100 g,prijs per kg €18.50,False,,,,,D,True,AH,https://www.ah.nl/producten/product/wi132234,2026-08-09,AH Flinterdunne achterham,cold cuts
543390,612984,AH Scharrel gerookte kipfilet,AH,vleeswaren,Vleeswaren,Kipfilet en kalkoenfilet (voorverpakt),2.59,2.59,,,,,150 g,prijs per kg €17.27,False,,,,,D,True,AH,https://www.ah.nl/producten/product/wi543390,2026-08-09,AH Free-range smoked chicken fillet,cold cuts
550826,754920,AH Gebraden gehakt,AH,vleeswaren,Vleeswaren,Gegrild en gebraden gehakt (versafdeling),1.99,2.29,13.1,voor 1.99,1.99,,120 g,normale prijs per kg €19.08,True,AH,VOOR 1.99,2026-08-10,2026-08-16,E,True,AH,https://www.ah.nl/producten/product/wi550826,2026-08-09,AH Gebraden gehakt,cold cuts
598166,0,AH Gebraden gehakt 2-pack,AH,vleeswaren,Vleeswaren,Gegrild en gebraden gehakt (versafdeling),4.44,4.58,3.0,3% volume voordeel,,,2 stuks,,True,AHOO,3% volume voordeel,2026-08-09,2026-08-09,,True,AH,https://www.ah.nl/producten/product/wi598166,2026-08-09,AH Gebraden gehakt 2-pack,cold cuts
620660,0,AH Leverworst 3-pack,AH,vleeswaren,Vleeswaren,Leverworst en leverkaas (versafdeling),5.37,5.97,10.1,pakketkorting,,,3 stuks,,True,AHOO,,2026-08-09,2026-08-09,,True,AH,https://www.ah.nl/producten/product/wi620660,2026-08-09,AH Leverworst 3-pack,cold cuts
620661,0,AH Leverworst 4pack,AH,vleeswaren,Vleeswaren,Leverworst en leverkaas (versafdeling),7.16,7.96,10.1,pakketkorting,,,4 stuks,,True,AHOO,10% volume voordeel,2026-08-09,2026-08-09,,True,AH,https://www.ah.nl/producten/product/wi620661,2026-08-09,AH Liverwurst 4pack,cold cuts
617824,0,AH Gegrilde beenham 3-pack,AH,vleeswaren,Vleeswaren,Ham (versafdeling),9.95,10.47,5.0,5% volume voordeel,,,3 stuks,,True,AHOO,5% volume voordeel,2026-08-09,2999-12-31,,True,AH,https://www.ah.nl/producten/product/wi617824,2026-08-09,AH Gegrilde beenham 3-pack,cold cuts
617825,0,AH Gegrilde beenham 4-pack,AH,vleeswaren,Vleeswaren,Ham (versafdeling),12.56,13.96,10.0,10% volume voordeel,,,4 stuks,,True,AHOO,10% volume voordeel,2026-08-09,2999-12-31,,True,AH,https://www.ah.nl/producten/product/wi617825,2026-08-09,AH Grilled ham 4-pack,cold cuts
548312,670102,AH Scharrel kipfilet minder vet,AH,vleeswaren,Vleeswaren,Kipfilet en kalkoenfilet (voorverpakt),2.99,2.99,,,,,125 g,prijs per kg €23.92,False,,,,,B,True,AH,https://www.ah.nl/producten/product/wi548312,2026-08-09,AH Scharrel kipfilet minder vet,cold cuts
197173,622630,AH Grillworst met zaanlanderkaas,AH,vleeswaren,Vleeswaren,Grillworst (versafdeling),2.79,2.79,,,,,ca. 130 g,prijs per kg €21.48,False,,,,,E,True,AH,https://www.ah.nl/producten/product/wi197173,2026-08-09,AH Grillworst met zaanlanderkaas,cold cuts
598030,0,AH Grillworst met zaanlanderkaas 2-pack,AH,vleeswaren,Vleeswaren,Grillworst (versafdeling),5.41,5.58,3.0,3% volume voordeel,,,2 stuks,,True,AHOO,3% volume voordeel,2026-08-09,2999-12-31,,True,AH,https://www.ah.nl/producten/product/wi598030,2026-08-09,AH Grillworst met zaanlanderkaas 2-pack,cold cuts
440336,73997,AH Roasted ham,AH,vleeswaren,Vleeswaren,Ham (versafdeling),1.99,3.49,43.0,per 100 GRAM voor €1.99,1.99,100.0,ca. 110 g,normale prijs per kg €31.73,True,AH,100 GRAM VOOR 1.99,2026-08-10,2026-08-16,D,True,AH,https://www.ah.nl/producten/product/wi440336,2026-08-09,AH Roasted ham,cold cuts
598475,0,AH Roasted ham 2-pack,AH,vleeswaren,Vleeswaren,Ham (versafdeling),6.77,6.98,3.0,3% volume voordeel,,,2 stuks,,True,AHOO,3% volume voordeel,2026-08-09,2026-08-09,,True,AH,https://www.ah.nl/producten/product/wi598475,2026-08-09,AH Roasted ham 2-pack,cold cuts
619839,0,AH Gebraden gehakt 4-pack,AH,vleeswaren,Vleeswaren,Gegrild en gebraden gehakt (versafdeling),8.24,9.16,10.0,10% volume voordeel,,,4 stuks,,True,AHOO,10% volume voordeel,2026-08-09,2026-08-09,,True,AH,https://www.ah.nl/producten/product/wi619839,2026-08-09,AH Gebraden gehakt 4-pack,cold cuts
619838,0,AH Gebraden gehakt 3-pack,AH,vleeswaren,Vleeswaren,Gegrild en gebraden gehakt (versafdeling),6.53,6.87,5.0,5% volume voordeel,,,3 stuks,,True,AHOO,5% volume voordeel,2026-08-09,2026-08-09,,True,AH,https://www.ah.nl/producten/product/wi619838,2026-08-09,AH Roast minced meat 3-pack,cold cuts
197145,587826,AH Gegrilde yorkham,AH,vleeswaren,Vleeswaren,Ham (versafdeling),3.49,3.49,,,,,ca. 110 g,prijs per kg €31.73,False,,,,,D,True,AH,https://www.ah.nl/producten/product/wi197145,2026-08-09,AH Gegrilde yorkham,cold cuts
598464,0,AH Gegrilde yorkham 2-pack,AH,vleeswaren,Vleeswaren,Ham (versafdeling),6.77,6.98,3.0,3% volume voordeel,,,2 stuks,,True,AHOO,3% volume voordeel,2026-08-09,2999-12-31,,True,AH,https://www.ah.nl/producten/product/wi598464,2026-08-09,AH Grilled yorkham 2-pack,cold cuts
419916,691591,AH Excellent Prosciutto di parma,AH Excellent,vleeswaren,Vleeswaren,Spaanse en Italiaanse vleeswaren (versafdeling),3.99,3.99,,,,,80 g,prijs per kg €49.88,False,,,,,E,True,AH,https://www.ah.nl/producten/product/wi419916,2026-08-09,AH Excellent Prosciutto di parma,cold cuts
617502,0,AH Excellent Prosciutto di parma 2-pack,AH Excellent,vleeswaren,Vleeswaren,Spaanse en Italiaanse vleeswaren (versafdeling),7.74,7.98,3.0,3% volume voordeel,,,2 stuks,,True,AHOO,3% volume voordeel,2026-08-09,2999-12-31,,True,AH,https://www.ah.nl/producten/product/wi617502,2026-08-09,AH Excellent Prosciutto di parma 2-pack,cold cuts
1565,779494,AH Ontbijtspek,AH,vleeswaren,Vleeswaren,Plakken spek en bacon (voorverpakt),3.35,3.35,,,,,150 g,prijs per kg €22.33,False,,,,,E,True,AH,https://www.ah.nl/producten/product/wi1565,2026-08-09,AH Ontbijtspek,cold cuts
617864,0,AH Roasted ham 3-pack,AH,vleeswaren,Vleeswaren,Ham (versafdeling),9.95,10.47,5.0,5% volume voordeel,,,3 stuks,,True,AHOO,5% volume voordeel,2026-08-09,2026-08-09,,True,AH,https://www.ah.nl/producten/product/wi617864,2026-08-09,AH Roasted ham 3-pack,cold cuts
617865,0,AH Roasted ham 4-pack,AH,vleeswaren,Vleeswaren,Ham (versafdeling),12.56,13.96,10.0,10% volume voordeel,,,4 stuks,,True,AHOO,10% volume voordeel,2026-08-09,2026-08-09,,True,AH,https://www.ah.nl/producten/product/wi617865,2026-08-09,AH Roasted ham 4-pack,cold cuts
617503,0,AH Excellent Prosciutto di parma 3-pack,AH Excellent,vleeswaren,Vleeswaren,Spaanse en Italiaanse vleeswaren (versafdeling),11.37,11.97,5.0,5% volume voordeel,,,3 stuks,,True,AHOO,5% volume voordeel,2026-08-09,2999-12-31,,True,AH,https://www.ah.nl/producten/product/wi617503,2026-08-09,AH Excellent Prosciutto di parma 3-pack,cold cuts
617504,0,AH Excellent Prosciutto di parma 4-pack,AH Excellent,vleeswaren,Vleeswaren,Spaanse en Italiaanse vleeswaren (versafdeling),14.36,15.96,10.0,10% volume voordeel,,,4 stuks,,True,AHOO,10% volume voordeel,2026-08-09,2999-12-31,,True,AH,https://www.ah.nl/producten/product/wi617504,2026-08-09,AH Excellent Prosciutto di parma 4-pack,cold cuts
186641,783941,AH Gelderse gekookte worst,AH,vleeswaren,Vleeswaren,Kookworst (voorverpakt),1.59,1.59,,,,,150 g,prijs per kg €10.60,False,,,,,E,True,AH,https://www.ah.nl/producten/product/wi186641,2026-08-09,AH Gelderse gekookte worst,cold cuts
150883,622455,Kips Smeerleverworst,Kips,vleeswaren,Vleeswaren,Leverworst en leverkaas (voorverpakt),2.39,2.39,,,,,120 g,prijs per kg €19.92,False,,,,,E,True,AH,https://www.ah.nl/producten/product/wi150883,2026-08-09,Kips Smeerleverworst,cold cuts
420934,692674,AH Carpaccio,AH,vleeswaren,Vleeswaren,Carpaccio (voorverpakt),3.99,3.99,,,,,120 g,prijs per kg €33.25,False,,,,,,True,AH,https://www.ah.nl/producten/product/wi420934,2026-08-09,AH Carpaccio,cold cuts
543384,47347,AH Kalkoenfilet,AH,vleeswaren,Vleeswaren,Kipfilet en kalkoenfilet (voorverpakt),2.99,2.99,,,,,150 g,prijs per kg €19.93,False,,,,,C,True,AH,https://www.ah.nl/producten/product/wi543384,2026-08-09,AH Kalkoenfilet,cold cuts
505580,846393,AH Cremepaté,AH,vleeswaren,Vleeswaren,Pate (versafdeling),1.25,1.69,26.0,2 voor 2.50,2.5,2.0,80 g,normale prijs per kg €21.13,True,AH,2 VOOR 2.50,2026-08-03,2026-08-09,E,True,AH,https://www.ah.nl/producten/product/wi505580,2026-08-09,AH Cremepaté,cold cuts
221031,815839,AH Gerookt ontbijtspek,AH,vleeswaren,Vleeswaren,Spek en bacon plakken (voorverpakt),2.19,2.19,,,,,200 g,prijs per kg €10.95,False,,,,,E,True,AH,https://www.ah.nl/producten/product/wi221031,2026-08-09,AH Gerookt ontbijtspek,cold cuts
1982,4023,Boursin Knoflook & fijne kruiden,Boursin,kaas,Kaas,Roomkaas,2.19,2.19,,,,,80 g,prijs per kg €27.38,False,,,,,D,True,AH,https://www.ah.nl/producten/product/wi1982,2026-08-09,Boursin Knoflook & fijne kruiden,cheese
1983,4020,Boursin Knoflook & fijne kruiden,Boursin,kaas,Kaas,Roomkaas,3.59,3.59,,,,,150 g,prijs per kg €23.93,False,,,,,D,True,AH,https://www.ah.nl/producten/product/wi1983,2026-08-09,Boursin Knoflook & fijne kruiden,cheese
197226,793716,De Zaanse Hoeve Goudse jong 48+ plakken voordeel,De Zaanse Hoeve,kaas,Kaas,Jonge kaas (plakken),3.95,3.95,,,,,400 g,prijs per kg €9.88,False,,,,,D,True,AH,https://www.ah.nl/producten/product/wi197226,2026-08-09,De Zaanse Hoeve Goudse young 48+ slices advantage,cheese
506228,832099,AH Zuivelspread naturel,AH,kaas,Kaas,Zuivelspread,1.38,1.38,,,,,200 g,prijs per kg €6.90,False,,,,,D,True,AH,https://www.ah.nl/producten/product/wi506228,2026-08-09,AH Dairy spread natural,cheese
239019,830900,Garlan Verse roomkaas met knoflook & kruiden,Garlan,kaas,Kaas,Roomkaas,1.29,1.29,,,,,150 g,prijs per kg €8.60,False,,,,,D,True,AH,https://www.ah.nl/producten/product/wi239019,2026-08-09,Garlan Verse roomkaas met knoflook & kruiden,cheese
444854,707038,Boursin Creamy knoflook fijne kruiden,Boursin,kaas,Kaas,Roomkaas,3.79,3.79,,,,,125 g,prijs per kg €30.32,False,,,,,D,True,AH,https://www.ah.nl/producten/product/wi444854,2026-08-09,Boursin Creamy knoflook fijne kruiden,cheese
140101,603017,De Zaanse Hoeve Mild 45+ geraspt,De Zaanse Hoeve,kaas,Kaas,Geraspte kaas,2.15,2.15,,,,,200 g,prijs per kg €10.75,False,,,,,D,True,AH,https://www.ah.nl/producten/product/wi140101,2026-08-09,De Zaanse Hoeve Mild 45+ geraspt,cheese
2600,66797,AH Goudse jong 48+ plakken,AH,kaas,Kaas,Jonge kaas (plakken),2.75,2.95,6.8,2 voor 5.50,5.5,2.0,190 g,normale prijs per kg €15.53,True,AH,2 VOOR 5.50,2026-08-03,2026-08-09,D,True,AH,https://www.ah.nl/producten/product/wi2600,2026-08-09,AH Goudse young 48+ slices,cheese
113356,565032,Eru Kids,Eru,kaas,Kaas,Smeerkaas,1.75,1.75,,,,,100 g,prijs per kg €17.50,False,,,,,C,True,AH,https://www.ah.nl/producten/product/wi113356,2026-08-09,Eru Kids,cheese
2606,69866,AH Goudse oud 48+ plakken,AH,kaas,Kaas,Oude kaas (plakken),2.75,3.89,29.3,2 voor 5.50,5.5,2.0,160 g,normale prijs per kg €24.31,True,AH,2 VOOR 5.50,2026-08-03,2026-08-09,E,True,AH,https://www.ah.nl/producten/product/wi2606,2026-08-09,AH Goudse oud 48+ plakken,cheese
197227,793718,De Zaanse Hoeve Jong belegen 48+ plakken voordeelpak,De Zaanse Hoeve,kaas,Kaas,Jong belegen kaas (plakken),4.15,4.15,,,,,400 g,prijs per kg €10.38,False,,,,,D,True,AH,https://www.ah.nl/producten/product/wi197227,2026-08-09,De Zaanse Hoeve Jong belegen 48+ plakken voordeelpak,cheese
197172,619166,De Zaanse Hoeve Mild 30+ geraspt,De Zaanse Hoeve,kaas,Kaas,Geraspte kaas,2.19,2.19,,,,,200 g,prijs per kg €10.95,False,,,,,D,True,AH,https://www.ah.nl/producten/product/wi197172,2026-08-09,De Zaanse Hoeve Mild 30+ grated,cheese
506230,847100,AH Zuivelspread knoflook & kruiden,AH,kaas,Kaas,Zuivelspread,1.39,1.39,,,,,200 g,prijs per kg €6.95,False,,,,,D,True,AH,https://www.ah.nl/producten/product/wi506230,2026-08-09,AH Dairy spread garlic & herbs,cheese
462708,715388,AH Witte kaas 40+,AH,kaas,Kaas,Witte kaas,1.35,1.35,,,,,200 g,prijs per kg €6.75,False,,,,,D,True,AH,https://www.ah.nl/producten/product/wi462708,2026-08-09,AH White cheese 40+,cheese
193770,574899,De Zaanse Hoeve Pittig 45+ geraspt,De Zaanse Hoeve,kaas,Kaas,Geraspte kaas,2.49,2.49,,,,,200 g,prijs per kg €12.45,False,,,,,D,True,AH,https://www.ah.nl/producten/product/wi193770,2026-08-09,De Zaanse Hoeve Spicy 45+ grated,cheese
123142,576899,Galbani Mozzarella,Galbani,kaas,Kaas,Mozzarella,1.75,1.75,,,,,225 g,prijs per kg €14.00,False,,,,,C,True,AH,https://www.ah.nl/producten/product/wi123142,2026-08-09,Galbani Mozzarella,cheese
614547,0,Salakis Mozzarella 125g 2-pack,Salakis,kaas,Kaas,Mozzarella,2.97,3.5,15.0,15% volume voordeel,,,2 stuks,,True,AHOO,15% volume voordeel,2026-08-09,2999-12-31,,True,AH,https://www.ah.nl/producten/product/wi614547,2026-08-09,Salakis Mozzarella 125g 2-pack,cheese
197208,786860,De Zaanse Hoeve Jong belegen 30+ plakken,De Zaanse Hoeve,kaas,Kaas,Jong belegen kaas (plakken),3.89,3.89,,,,,300 g,prijs per kg €12.97,False,,,,,D,True,AH,https://www.ah.nl/producten/product/wi197208,2026-08-09,De Zaanse Hoeve Jong belegen 30+ plakken,cheese
2601,66794,AH Goudse jong belegen 48+ plakken,AH,kaas,Kaas,Jong belegen kaas (plakken),2.75,3.09,11.0,2 voor 5.50,5.5,2.0,190 g,normale prijs per kg €16.26,True,AH,2 VOOR 5.50,2026-08-03,2026-08-09,D,True,AH,https://www.ah.nl/producten/product/wi2601,2026-08-09,AH Goudse jong belegen 48+ plakken,cheese
478229,731959,Eru Goudkuipje naturel,Eru,kaas,Kaas,Smeerkaas,2.89,2.89,,,,,200 g,prijs per kg €14.45,False,,,,,D,True,AH,https://www.ah.nl/producten/product/wi478229,2026-08-09,Eru Goudkuipje naturel,cheese
195370,796240,AH Italiaanse mozzarella,AH,kaas,Kaas,Mozzarella,1.69,1.69,,,,,228 g,prijs per kg €13.52,False,,,,,,True,AH,https://www.ah.nl/producten/product/wi195370,2026-08-09,AH Italian mozzarella,cheese
163826,623176,Galbani Mozzarella mini,Galbani,kaas,Kaas,Mozzarella,2.89,2.89,,,,,260 g,prijs per kg €19.27,False,,,,,C,True,AH,https://www.ah.nl/producten/product/wi163826,2026-08-09,Galbani Mozzarella mini,cheese
615565,0,Galbani Mozzarella mini 2-pack,Galbani,kaas,Kaas,Mozzarella,5.49,5.78,5.0,5% volume voordeel,,,2 stuks,,True,AHOO,5% volume voordeel,2026-08-09,2999-12-31,,True,AH,https://www.ah.nl/producten/product/wi615565,2026-08-09,Galbani Mozzarella mini 2-pack,cheese
232017,810832,AH Mozzarella geraspt,AH,kaas,Kaas,Geraspte kaas,2.5,2.79,10.4,2 voor 5.00,5.0,2.0,150 g,normale prijs per kg €18.60,True,AH,2 VOOR 5.00,2026-08-03,2026-08-09,D,True,AH,https://www.ah.nl/producten/product/wi232017,2026-08-09,AH Mozzarella geraspt,cheese
595367,43765,AH Cottage cheese,AH,kaas,Kaas,Cottage cheese,1.75,1.75,,,,,400 g,prijs per kg €4.38,False,,,,,B,True,AH,https://www.ah.nl/producten/product/wi595367,2026-08-09,AH Cottage cheese,cheese
579437,22103,AH Smeerkaas naturel 15+,AH,kaas,Kaas,Smeerkaas,1.25,1.25,,,,,200 g,prijs per kg €6.25,False,,,,,B,True,AH,https://www.ah.nl/producten/product/wi579437,2026-08-09,AH Smeerkaas naturel 15+,cheese
462470,715079,AH Italiaanse grana padano 32+ stuk,AH,kaas,Kaas,"Parmezaanse kaas, grano padano, pecorino",3.65,3.65,,,,,200 g,prijs per kg €18.25,False,,,,,D,True,AH,https://www.ah.nl/producten/product/wi462470,2026-08-09,AH Italiaanse grana padano 32+ stuk,cheese
2594,66796,AH Goudse belegen 48+ plakken,AH,kaas,Kaas,Belegen kaas (plakken),2.75,3.39,18.9,2 voor 5.50,5.5,2.0,190 g,normale prijs per kg €17.84,True,AH,2 VOOR 5.50,2026-08-03,2026-08-09,D,True,AH,https://www.ah.nl/producten/product/wi2594,2026-08-09,AH Gouda matured 48+ slices,cheese
447741,524701,De Zaanse Hoeve Goudse jong belegen 48+ stuk voordeel,De Zaanse Hoeve,kaas,Kaas,Jong belegen kaas (stuk),8.8,8.8,,,,,ca. 1006 g,prijs per kg €8.75,False,,,,,D,True,AH,https://www.ah.nl/producten/product/wi447741,2026-08-09,De Zaanse Hoeve Goudse jong belegen 48+ stuk voordeel,cheese
162601,603012,AH Pasta geraspte kaas,AH,kaas,Kaas,Geraspte kaas,2.5,2.79,10.4,2 voor 5.00,5.0,2.0,150 g,normale prijs per kg €18.60,True,AH,2 VOOR 5.00,2026-08-03,2026-08-09,D,True,AH,https://www.ah.nl/producten/product/wi162601,2026-08-09,AH Pasta grated cheese,cheese
560692,737348,AH Burrata 50+,AH,kaas,Kaas,Burrata,2.19,2.19,,,,,250 g,prijs per kg €17.52,False,,,,,D,True,AH,https://www.ah.nl/producten/product/wi560692,2026-08-09,AH Burrata 50+,cheese
560688,708528,De Zaanse Hoeve Mild 45+ geraspt voordeel,De Zaanse Hoeve,kaas,Kaas,Geraspte kaas,4.09,4.09,,,,,400 g,prijs per kg €10.23,False,,,,,D,True,AH,https://www.ah.nl/producten/product/wi560688,2026-08-09,De Zaanse Hoeve Mild 45+ geraspt voordeel,cheese
454161,600439,AH Cheddar geraspte kaas,AH,kaas,Kaas,Cheddar kaas,2.5,2.99,16.4,2 voor 5.00,5.0,2.0,150 g,normale prijs per kg €19.93,True,AH,2 VOOR 5.00,2026-08-03,2026-08-09,D,True,AH,https://www.ah.nl/producten/product/wi454161,2026-08-09,AH Cheddar geraspte kaas,cheese
497552,801760,AH Biologisch Griekse feta,AH Biologisch,kaas,Kaas,Feta,2.59,2.59,,,,,150 g,prijs per kg €17.27,False,,,,,D,True,AH,https://www.ah.nl/producten/product/wi497552,2026-08-09,AH Organic Greek feta,cheese
618992,0,AH Biologisch Griekse feta 2-pack,AH Biologisch,kaas,Kaas,Feta,5.08,5.18,2.0,2% volume voordeel,,,2 stuks,,True,AHOO,2% volume voordeel,2026-08-09,2999-12-31,,True,AH,https://www.ah.nl/producten/product/wi618992,2026-08-09,AH Organic Greek feta 2-pack,cheese
618994,0,AH Biologisch Griekse feta 4-pack,AH Biologisch,kaas,Kaas,Feta,9.53,10.36,8.0,8% volume voordeel,,,4 stuks,,True,AHOO,8% volume voordeel,2026-08-09,2999-12-31,,True,AH,https://www.ah.nl/producten/product/wi618994,2026-08-09,AH Biologisch Griekse feta 4-pack,cheese
618993,0,AH Biologisch Griekse feta 3-pack,AH Biologisch,kaas,Kaas,Feta,7.38,7.77,5.0,5% volume voordeel,,,3 stuks,,True,AHOO,5% volume voordeel,2026-08-09,2999-12-31,,True,AH,https://www.ah.nl/producten/product/wi618993,2026-08-09,AH Biologisch Griekse feta 3-pack,cheese
384175,842512,Philadelphia Philadelphia original,Philadelphia,kaas,Kaas,Roomkaas,2.99,2.99,,,,,200 g,prijs per kg €14.95,False,,,,,D,True,AH,https://www.ah.nl/producten/product/wi384175,2026-08-09,Philadelphia Philadelphia original,cheese
613286,69747,AH Mozzarella light,AH,kaas,Kaas,Mozzarella,0.99,0.99,,,,,200 g,prijs per kg €7.92,False,,,,,B,True,AH,https://www.ah.nl/producten/product/wi613286,2026-08-09,AH Mozzarella light,cheese
562458,0,Philadelphia Zuivelspread naturel 2-pack,Philadelphia,kaas,Kaas,Roomkaas,5.68,5.98,5.0,5% volume voordeel,,,2 stuks,,True,AHOO,5% volume voordeel,2026-08-09,2999-12-31,,True,AH,https://www.ah.nl/producten/product/wi562458,2026-08-09,Philadelphia Dairy spread natural 2-pack,cheese
400471,849725,AH Biologisch Italiaanse parmigiano reggiano,AH Biologisch,kaas,Kaas,"Parmezaanse kaas, grano padano, pecorino",1.99,1.99,,,,,40 g,prijs per kg €49.75,False,,,,,,True,AH,https://www.ah.nl/producten/product/wi400471,2026-08-09,AH Biologisch Italiaanse parmigiano reggiano,cheese
3856,7386,Eru Goudkuipje naturel,Eru,kaas,Kaas,Smeerkaas,1.75,1.75,,,,,100 g,prijs per kg €17.50,False,,,,,D,True,AH,https://www.ah.nl/producten/product/wi3856,2026-08-09,Eru Goudkuipje naturel,cheese
619218,0,AH Biologisch Italiaanse parmigiano reggiano 2-pack,AH Biologisch,kaas,Kaas,"Parmezaanse kaas, grano padano, pecorino",3.78,3.98,5.0,5% volume voordeel,,,2 stuks,,True,AHOO,5% volume voordeel,2026-08-09,2999-12-31,,True,AH,https://www.ah.nl/producten/product/wi619218,2026-08-09,AH Biologisch Italiaanse parmigiano reggiano 2-pack,cheese
619219,0,AH Biologisch Italiaanse parmigiano reggiano 3-pack,AH Biologisch,kaas,Kaas,"Parmezaanse kaas, grano padano, pecorino",5.55,5.97,7.0,7% volume voordeel,,,3 stuks,,True,AHOO,7% volume voordeel,2026-08-09,2999-12-31,,True,AH,https://www.ah.nl/producten/product/wi619219,2026-08-09,AH Organic Italian parmigiano reggiano 3-pack,cheese
619220,0,AH Biologisch Italiaanse parmigiano reggiano 4-pack,AH Biologisch,kaas,Kaas,"Parmezaanse kaas, grano padano, pecorino",7.32,7.96,8.0,8% volume voordeel,,,4 stuks,,True,AHOO,8% volume voordeel,2026-08-09,2999-12-31,,True,AH,https://www.ah.nl/producten/product/wi619220,2026-08-09,AH Biologisch Italiaanse parmigiano reggiano 4-pack,cheese
197154,603010,AH Geraspte kaas speciaal voor pizza,AH,kaas,Kaas,Geraspte kaas,2.5,2.79,10.4,2 voor 5.00,5.0,2.0,150 g,normale prijs per kg €18.60,True,AH,2 VOOR 5.00,2026-08-03,2026-08-09,D,True,AH,https://www.ah.nl/producten/product/wi197154,2026-08-09,AH Grated cheese especially for pizza,cheese
611562,0,Philadelphia Philadelphia original 4-pack,Philadelphia,kaas,Kaas,Roomkaas,11.12,11.96,7.0,7% volume voordeel,,,4 stuks,,True,AHOO,7% volume voordeel,2026-08-09,2999-12-31,,True,AH,https://www.ah.nl/producten/product/wi611562,2026-08-09,Philadelphia Philadelphia original 4-pack,cheese
579436,22102,AH Smeerkaas naturel 48+,AH,kaas,Kaas,Smeerkaas,1.35,1.35,,,,,200 g,prijs per kg €6.75,False,,,,,D,True,AH,https://www.ah.nl/producten/product/wi579436,2026-08-09,AH Cheese spread natural 48+,cheese
162764,631937,Philadelphia Knoflook & fijne kruiden,Philadelphia,kaas,Kaas,Roomkaas,2.99,2.99,,,,,185 g,prijs per kg €16.16,False,,,,,D,True,AH,https://www.ah.nl/producten/product/wi162764,2026-08-09,Philadelphia Knoflook & fijne kruiden,cheese
506229,840579,AH Zuivelspread light,AH,kaas,Kaas,Zuivelspread,1.38,1.38,,,,,200 g,prijs per kg €6.90,False,,,,,B,True,AH,https://www.ah.nl/producten/product/wi506229,2026-08-09,AH Zuivelspread light,cheese
236957,828399,De Zaanse Hoeve Jong 30+ plakken,De Zaanse Hoeve,kaas,Kaas,Jonge kaas (plakken),3.49,3.49,,,,,300 g,prijs per kg €11.63,False,,,,,D,True,AH,https://www.ah.nl/producten/product/wi236957,2026-08-09,De Zaanse Hoeve Jong 30+ plakken,cheese
613284,69733,AH Mozzarella mini,AH,kaas,Kaas,Mozzarella,1.15,1.15,,,,,245 g,prijs per kg €9.20,False,,,,,C,True,AH,https://www.ah.nl/producten/product/wi613284,2026-08-09,AH Mozzarella mini,cheese
590122,0,Philadelphia Knoflook & Kruiden 2-pack,Philadelphia,kaas,Kaas,Roomkaas,5.68,5.98,5.0,5% volume voordeel,,,2 stuks,,True,AHOO,5% volume voordeel,2026-08-09,2999-12-31,,True,AH,https://www.ah.nl/producten/product/wi590122,2026-08-09,Philadelphia Garlic & Herbs 2-pack,cheese
46563,93905,AH Romige brie 60+,AH,kaas,Kaas,Brie,2.89,2.89,,,,,200 g,prijs per kg €14.45,False,,,,,D,True,AH,https://www.ah.nl/producten/product/wi46563,2026-08-09,AH Romige brie 60+,cheese
611560,0,Philadelphia Knoflook & fijne kruiden 4-pack,Philadelphia,kaas,Kaas,Roomkaas,11.12,11.96,7.0,7% volume voordeel,,,4 stuks,,True,AHOO,7% volume voordeel,2026-08-09,2999-12-31,,True,AH,https://www.ah.nl/producten/product/wi611560,2026-08-09,Philadelphia Garlic & fine herbs 4-pack,cheese
602978,0,AH Romige brie 60+ 2-pack,AH,kaas,Kaas,Brie,5.66,5.78,2.0,2% volume voordeel,,,2 stuks,,True,AHOO,2% volume voordeel,2026-08-09,2999-12-31,,True,AH,https://www.ah.nl/producten/product/wi602978,2026-08-09,AH Creamy brie 60+ 2-pack,cheese
104392,536391,AH Zaanlander Jong 48+ plakken,AH Zaanlander,kaas,Kaas,Jonge kaas (plakken),2.86,3.82,25.0,25% korting,,,ca. 210 g,normale prijs per kg €18.29,True,AH,25% korting,2026-08-10,2026-08-16,D,True,AH,https://www.ah.nl/producten/product/wi104392,2026-08-09,AH Zaanlander Jong 48+ plakken,cheese
136084,603028,AH Goudse jong belegen 30+ plakken,AH,kaas,Kaas,Jong belegen kaas (plakken),2.75,3.25,15.4,2 voor 5.50,5.5,2.0,190 g,normale prijs per kg €17.11,True,AH,2 VOOR 5.50,2026-08-03,2026-08-09,D,True,AH,https://www.ah.nl/producten/product/wi136084,2026-08-09,AH Goudse young matured 30+ slices,cheese
618096,0,AH Zaanlander Jong 48+ plakken 3-pack,AH Zaanlander,kaas,Kaas,Jonge kaas (plakken),10.89,11.46,5.0,5% volume voordeel,,,3 stuks,,True,AHOO,5% volume voordeel,2026-08-09,2026-08-09,,True,AH,https://www.ah.nl/producten/product/wi618096,2026-08-09,AH Zaanlander Jong 48+ plakken 3-pack,cheese
213365,809026,Heks'nkaas Origineel,Heks'nkaas,kaas,Kaas,Roomkaas,3.29,3.29,,,,,200 g,prijs per kg €16.45,False,,,,,D,True,AH,https://www.ah.nl/producten/product/wi213365,2026-08-09,Heks'nkaas Origineel,cheese
384176,842513,Philadelphia Light,Philadelphia,kaas,Kaas,Roomkaas,2.99,2.99,,,,,200 g,prijs per kg €14.95,False,,,,,C,True,AH,https://www.ah.nl/producten/product/wi384176,2026-08-09,Philadelphia Light,cheese
618097,0,AH Zaanlander Jong 48+ plakken 4-pack,AH Zaanlander,kaas,Kaas,Jonge kaas (plakken),13.75,15.28,10.0,10% volume voordeel,,,4 stuks,,True,AHOO,10% volume voordeel,2026-08-09,2026-08-09,,True,AH,https://www.ah.nl/producten/product/wi618097,2026-08-09,AH Zaanlander Jong 48+ plakken 4-pack,cheese
257,71405,AH Kruiden roomkaas,AH,kaas,Kaas,Roomkaas,1.09,1.09,,,,,125 g,prijs per kg €8.72,False,,,,,E,True,AH,https://www.ah.nl/producten/product/wi257,2026-08-09,AH Kruiden roomkaas,cheese
486707,741558,De Zaanse Hoeve Jong belegen 48+ blokjes,De Zaanse Hoeve,kaas,Kaas,Kaasblokjes,2.69,2.69,,,,,250 g,prijs per kg €10.76,False,,,,,D,True,AH,https://www.ah.nl/producten/product/wi486707,2026-08-09,De Zaanse Hoeve Jong belegen 48+ blokjes,cheese
600581,0,Philadelphia Light Zuivelspread 2-pack,Philadelphia,kaas,Kaas,Roomkaas,5.68,5.98,5.0,5% volume voordeel,,,2 stuks,,True,AHOO,5% volume voordeel,2026-08-09,2999-12-31,,True,AH,https://www.ah.nl/producten/product/wi600581,2026-08-09,Philadelphia Light Dairy Spread 2-pack,cheese
1932,8045,Danone Hüttenkäse original,Danone,kaas,Kaas,Cottage cheese,1.99,1.99,,,,,200 g,prijs per kg €9.95,False,,,,,B,True,AH,https://www.ah.nl/producten/product/wi1932,2026-08-09,Danone Hüttenkäse original,cheese
607857,0,Danone Hüttenkäse original 2-pack,Danone,kaas,Kaas,Cottage cheese,3.78,3.98,5.0,5% volume voordeel,,,2 stuks,,True,AHOO,5% volume voordeel,2026-08-09,2999-12-31,,True,AH,https://www.ah.nl/producten/product/wi607857,2026-08-09,Danone Hüttenkäse original 2-pack,cheese
168583,634907,Galbani Mozzarella maxi,Galbani,kaas,Kaas,Mozzarella,2.89,2.89,,,,,385 g,prijs per kg €14.45,False,,,,,C,True,AH,https://www.ah.nl/producten/product/wi168583,2026-08-09,Galbani Mozzarella maxi,cheese
615564,0,Galbani Mozzarella maxi 2-pack,Galbani,kaas,Kaas,Mozzarella,5.49,5.78,5.0,5% volume voordeel,,,2 stuks,,True,AHOO,5% volume voordeel,2026-08-09,2999-12-31,,True,AH,https://www.ah.nl/producten/product/wi615564,2026-08-09,Galbani Mozzarella maxi 2-pack,cheese
121178,574916,AH Goudse jong 48+ plakken,AH,kaas,Kaas,Jonge kaas (plakken),5.59,5.59,,,,,400 g,prijs per kg €13.98,False,,,,,D,True,AH,https://www.ah.nl/producten/product/wi121178,2026-08-09,AH Goudse young 48+ slices,cheese
602321,0,AH Goudse jong 48+ plakken 3-pack,AH,kaas,Kaas,Jonge kaas (plakken),15.76,16.77,6.0,6% volume voordeel,,,3 stuks,,True,AHOO,6% volume voordeel,2026-08-09,2999-12-31,,True,AH,https://www.ah.nl/producten/product/wi602321,2026-08-09,AH Goudse jong 48+ plakken 3-pack,cheese
104394,536393,AH Zaanlander Jong belegen 48+ plakken,AH Zaanlander,kaas,Kaas,Jong belegen kaas (plakken),3.14,4.19,25.0,25% korting,,,ca. 210 g,normale prijs per kg €20.05,True,AH,25% korting,2026-08-10,2026-08-16,D,True,AH,https://www.ah.nl/producten/product/wi104394,2026-08-09,AH Zaanlander Young matured 48+ slices,cheese
611561,0,Philadelphia Light 3-pack,Philadelphia,kaas,Kaas,Roomkaas,8.34,8.97,7.0,7% volume voordeel,,,3 stuks,,True,AHOO,7% volume voordeel,2026-08-09,2999-12-31,,True,AH,https://www.ah.nl/producten/product/wi611561,2026-08-09,Philadelphia Light 3-pack,cheese
618100,0,AH Zaanlander Jong belegen 48+ plakken 3-pack,AH Zaanlander,kaas,Kaas,Jong belegen kaas (plakken),11.94,12.57,5.0,5% volume voordeel,,,3 stuks,,True,AHOO,5% volume voordeel,2026-08-09,2026-08-09,,True,AH,https://www.ah.nl/producten/product/wi618100,2026-08-09,AH Zaanlander Jong belegen 48+ plakken 3-pack,cheese
618228,0,AH Romige brie 60+ 3-pack,AH,kaas,Kaas,Brie,8.06,8.67,7.0,7% volume voordeel,,,3 stuks,,True,AHOO,7% volume voordeel,2026-08-09,2999-12-31,,True,AH,https://www.ah.nl/producten/product/wi618228,2026-08-09,AH Creamy brie 60+ 3-pack,cheese
607357,63711,Becel Romig,Becel,zuivel-eieren,"Zuivel, eieren",Plantaardige boter,3.99,3.99,,,,,450 g,prijs per kg €8.87,False,,,,,C,True,AH,https://www.ah.nl/producten/product/wi607357,2026-08-09,Becel Romig,dairy eggs
214658,809780,Croma Bakken en braden,Croma,zuivel-eieren,"Zuivel, eieren",Bak- en braadboter,3.85,3.85,,,,,450 ml,prijs per liter €8.56,False,,,,,C,True,AH,https://www.ah.nl/producten/product/wi214658,2026-08-09,Croma Bakken en braden,dairy eggs
200486,574301,De Zaanse Hoeve Halfvolle melk,De Zaanse Hoeve,zuivel-eieren,"Zuivel, eieren",Halfvolle melk,1.78,1.78,,,,,2 l,prijs per liter €0.89,False,,,,,B,True,AH,https://www.ah.nl/producten/product/wi200486,2026-08-09,De Zaanse Hoeve Halfvolle melk,dairy eggs
450534,569053,AH Houdbare halfvolle melk,AH,zuivel-eieren,"Zuivel, eieren",Houdbare melk,0.85,0.85,,,,,1 l,prijs per liter €0.85,False,,,,,B,True,AH,https://www.ah.nl/producten/product/wi450534,2026-08-09,AH Houdbare halfvolle melk,dairy eggs
33693,92154,AH Halfvolle melk,AH,zuivel-eieren,"Zuivel, eieren",Halfvolle melk,1.79,1.79,,,,,"1,5 l",prijs per liter €1.19,False,,,,,B,True,AH,https://www.ah.nl/producten/product/wi33693,2026-08-09,AH Halfvolle melk,dairy eggs
558305,713050,Croma Bakken en braden voordeelpak,Croma,zuivel-eieren,"Zuivel, eieren",Bak- en braadboter,3.79,3.79,,,,,500 g,prijs per kg €7.58,False,,,,,E,True,AH,https://www.ah.nl/producten/product/wi558305,2026-08-09,Croma Bakken en braden voordeelpak,dairy eggs
1525,11943,AH Halfvolle melk,AH,zuivel-eieren,"Zuivel, eieren",Halfvolle melk,1.29,1.29,,,,,1 l,prijs per liter €1.29,False,,,,,B,True,AH,https://www.ah.nl/producten/product/wi1525,2026-08-09,AH Halfvolle melk,dairy eggs
450535,569071,AH Houdbare volle melk,AH,zuivel-eieren,"Zuivel, eieren",Houdbare melk,0.99,0.99,,,,,1 l,prijs per liter €0.99,False,,,,,C,True,AH,https://www.ah.nl/producten/product/wi450535,2026-08-09,AH Houdbare volle melk,dairy eggs
216237,809358,De Zaanse Hoeve Yoghurt Griekse stijl 10% vet,De Zaanse Hoeve,zuivel-eieren,"Zuivel, eieren",Griekse yoghurt,1.99,1.99,,,,,1 kg,prijs per kg €1.99,False,,,,,C,True,AH,https://www.ah.nl/producten/product/wi216237,2026-08-09,De Zaanse Hoeve Yogurt Greek style 10% fat,dairy eggs
382907,842195,AH Biologisch Halfvolle melk,AH Biologisch,zuivel-eieren,"Zuivel, eieren",Halfvolle melk,1.95,1.95,,,,,"1,5 l",prijs per liter €1.30,False,,,,,B,True,AH,https://www.ah.nl/producten/product/wi382907,2026-08-09,AH Biologisch Halfvolle melk,dairy eggs
458995,643482,De Zaanse Hoeve Magere kwark,De Zaanse Hoeve,zuivel-eieren,"Zuivel, eieren",Magere kwark,1.89,1.89,,,,,1 kg,prijs per kg €1.89,False,,,,,A,True,AH,https://www.ah.nl/producten/product/wi458995,2026-08-09,De Zaanse Hoeve Magere kwark,dairy eggs
442922,87804,AH Witte vrije uitloopeieren M,AH,zuivel-eieren,"Zuivel, eieren",Vrije uitloop eieren,1.99,1.99,,,,,6 stuks,,False,,,,,A,True,AH,https://www.ah.nl/producten/product/wi442922,2026-08-09,AH Witte vrije uitloopeieren M,dairy eggs
407959,853187,De Zaanse Hoeve Yoghurt Griekse stijl 2% vet,De Zaanse Hoeve,zuivel-eieren,"Zuivel, eieren",Griekse yoghurt,2.09,2.09,,,,,1 kg,prijs per kg €2.09,False,,,,,A,True,AH,https://www.ah.nl/producten/product/wi407959,2026-08-09,De Zaanse Hoeve Yogurt Greek style 2% fat,dairy eggs
63453,531306,AH Magere kwark,AH,zuivel-eieren,"Zuivel, eieren",Magere kwark,1.49,1.49,,,,,500 g,prijs per kg €2.98,False,,,,,A,True,AH,https://www.ah.nl/producten/product/wi63453,2026-08-09,AH Magere kwark,dairy eggs
195849,573255,De Zaanse Hoeve Creme fraiche,De Zaanse Hoeve,zuivel-eieren,"Zuivel, eieren",Creme fraiche,0.99,0.99,,,,,200 g,prijs per kg €4.95,False,,,,,D,True,AH,https://www.ah.nl/producten/product/wi195849,2026-08-09,De Zaanse Hoeve Creme fraiche,dairy eggs
130273,606972,AH Verse scharreleieren M,AH,zuivel-eieren,"Zuivel, eieren",Scharreleieren,6.99,6.99,,,,,20 stuks,,False,,,,,A,True,AH,https://www.ah.nl/producten/product/wi130273,2026-08-09,AH Verse scharreleieren M,dairy eggs
618342,0,AH Verse scharreleieren M 3-pack,AH,zuivel-eieren,"Zuivel, eieren",Scharreleieren,19.92,20.97,5.0,5% volume voordeel,,,3 stuks,,True,AHOO,5% volume voordeel,2026-08-09,2999-12-31,,True,AH,https://www.ah.nl/producten/product/wi618342,2026-08-09,AH Fresh free-range eggs M 3-pack,dairy eggs
429772,28392,AH Biologisch Halfvolle yoghurt,AH Biologisch,zuivel-eieren,"Zuivel, eieren",Halfvolle yoghurt,1.65,1.65,,,,,1 l,prijs per liter €1.65,False,,,,,B,True,AH,https://www.ah.nl/producten/product/wi429772,2026-08-09,AH Organic Semi-skimmed yoghurt,dairy eggs
1108,54072,AH Halfvolle koffiemelk,AH,zuivel-eieren,"Zuivel, eieren",Koffiemelk,1.05,1.05,,,,,465 ml,prijs per liter €2.26,False,,,,,E,True,AH,https://www.ah.nl/producten/product/wi1108,2026-08-09,AH Semi-skimmed coffee milk,dairy eggs
195653,600587,De Zaanse Hoeve Volle melk,De Zaanse Hoeve,zuivel-eieren,"Zuivel, eieren",Volle melk,0.95,0.95,,,,,1 l,prijs per liter €0.95,False,,,,,C,True,AH,https://www.ah.nl/producten/product/wi195653,2026-08-09,De Zaanse Hoeve Volle melk,dairy eggs
114817,567485,AH Biologisch Magere kwark,AH Biologisch,zuivel-eieren,"Zuivel, eieren",Magere kwark,1.65,1.65,,,,,500 g,prijs per kg €3.30,False,,,,,A,True,AH,https://www.ah.nl/producten/product/wi114817,2026-08-09,AH Biologisch Magere kwark,dairy eggs
108655,560339,AH Biologisch Houdbare halfvolle melk,AH Biologisch,zuivel-eieren,"Zuivel, eieren",Houdbare melk,1.29,1.29,,,,,1 l,prijs per liter €1.29,False,,,,,B,True,AH,https://www.ah.nl/producten/product/wi108655,2026-08-09,AH Organic Long-life semi-skimmed milk,dairy eggs
1503,11946,De Zaanse Hoeve Karnemelk,De Zaanse Hoeve,zuivel-eieren,"Zuivel, eieren",Karnemelk,0.93,0.93,,,,,1 l,prijs per liter €0.93,False,,,,,B,True,AH,https://www.ah.nl/producten/product/wi1503,2026-08-09,The Zaanse Hoeve Buttermilk,dairy eggs
231878,823326,AH Magere kwark,AH,zuivel-eieren,"Zuivel, eieren",Magere kwark,2.49,2.49,,,,,1 kg,prijs per kg €2.49,False,,,,,A,True,AH,https://www.ah.nl/producten/product/wi231878,2026-08-09,AH Magere kwark,dairy eggs
1530,13387,AH Verse scharreleieren M L,AH,zuivel-eieren,"Zuivel, eieren",Scharreleieren,4.09,4.09,,,,,10 stuks,,False,,,,,A,True,AH,https://www.ah.nl/producten/product/wi1530,2026-08-09,AH Verse scharreleieren M L,dairy eggs
598389,0,AH Verse scharreleieren M L 3-pack,AH,zuivel-eieren,"Zuivel, eieren",Scharreleieren,11.66,12.27,5.0,5% volume voordeel,,,3 stuks,,True,AHOO,5% volume voordeel,2026-08-09,2999-12-31,,True,AH,https://www.ah.nl/producten/product/wi598389,2026-08-09,AH Verse scharreleieren M L 3-pack,dairy eggs
1510,11956,De Zaanse Hoeve Vanille vla,De Zaanse Hoeve,zuivel-eieren,"Zuivel, eieren",Vanillevla,0.99,0.99,,,,,1 l,prijs per liter €0.99,False,,,,,C,True,AH,https://www.ah.nl/producten/product/wi1510,2026-08-09,De Zaanse Hoeve Vanille vla,dairy eggs
451172,582138,AH Biologisch Yoghurt Griekse stijl,AH Biologisch,zuivel-eieren,"Zuivel, eieren",Griekse yoghurt,2.99,2.99,,,,,1 kg,prijs per kg €2.99,False,,,,,C,True,AH,https://www.ah.nl/producten/product/wi451172,2026-08-09,AH Organic Yogurt Greek style,dairy eggs
60746,106377,AH Biologisch Volle yoghurt,AH Biologisch,zuivel-eieren,"Zuivel, eieren",Volle yoghurt,1.79,1.79,,,,,1 l,prijs per liter €1.79,False,,,,,B,True,AH,https://www.ah.nl/producten/product/wi60746,2026-08-09,AH Biologisch Volle yoghurt,dairy eggs
450536,569106,AH Houdbare magere melk,AH,zuivel-eieren,"Zuivel, eieren",Houdbare melk,0.79,0.79,,,,,1 l,prijs per liter €0.79,False,,,,,B,True,AH,https://www.ah.nl/producten/product/wi450536,2026-08-09,AH Long-life skimmed milk,dairy eggs
118132,11954,De Zaanse Hoeve Volle yoghurt,De Zaanse Hoeve,zuivel-eieren,"Zuivel, eieren",Volle yoghurt,1.39,1.39,,,,,1 l,prijs per liter €1.39,False,,,,,B,True,AH,https://www.ah.nl/producten/product/wi118132,2026-08-09,De Zaanse Hoeve Volle yoghurt,dairy eggs
1524,11944,AH Volle melk,AH,zuivel-eieren,"Zuivel, eieren",Volle melk,1.39,1.39,,,,,1 l,prijs per liter €1.39,False,,,,,C,True,AH,https://www.ah.nl/producten/product/wi1524,2026-08-09,AH Whole milk,dairy eggs
448314,708857,AH Lactosevrije houdbare halfvolle melk,AH,zuivel-eieren,"Zuivel, eieren",Lactosevrije melk,1.29,1.29,,,,,1 l,prijs per liter €1.29,False,,,,,B,True,AH,https://www.ah.nl/producten/product/wi448314,2026-08-09,AH Lactosevrije houdbare halfvolle melk,dairy eggs
442940,89791,AH Biologisch Eieren S M L,AH Biologisch,zuivel-eieren,"Zuivel, eieren",Vrije uitloop eieren,6.49,6.49,,,,,15 stuks,,False,,,,,A,True,AH,https://www.ah.nl/producten/product/wi442940,2026-08-09,AH Biologisch Eieren S M L,dairy eggs
617813,0,AH Biologisch Eieren S M L 3pack,AH Biologisch,zuivel-eieren,"Zuivel, eieren",Vrije uitloop eieren,18.89,19.47,3.0,3% volume voordeel,,,3 stuks,,True,AHOO,3% volume voordeel,2026-08-09,2999-12-31,,True,AH,https://www.ah.nl/producten/product/wi617813,2026-08-09,AH Biologisch Eieren S M L 3pack,dairy eggs
617815,0,AH Biologisch Eieren S M L 4-pack,AH Biologisch,zuivel-eieren,"Zuivel, eieren",Vrije uitloop eieren,24.66,25.96,5.0,5% volume voordeel,,,4 stuks,,True,AHOO,5% volume voordeel,2026-08-09,2999-12-31,,True,AH,https://www.ah.nl/producten/product/wi617815,2026-08-09,AH Biologisch Eieren S M L 4-pack,dairy eggs
168502,751795,AH Biologisch Eieren S M L,AH Biologisch,zuivel-eieren,"Zuivel, eieren",Vrije uitloop eieren,4.59,4.59,,,,,10 stuks,,False,,,,,A,True,AH,https://www.ah.nl/producten/product/wi168502,2026-08-09,AH Biologisch Eieren S M L,dairy eggs
61007,106375,AH Biologisch Halfvolle melk,AH Biologisch,zuivel-eieren,"Zuivel, eieren",Halfvolle melk,1.39,1.39,,,,,1 l,prijs per liter €1.39,False,,,,,B,True,AH,https://www.ah.nl/producten/product/wi61007,2026-08-09,AH Biologisch Halfvolle melk,dairy eggs
108654,560338,AH Biologisch Houdbare volle melk,AH Biologisch,zuivel-eieren,"Zuivel, eieren",Houdbare melk,1.45,1.45,,,,,1 l,prijs per liter €1.45,False,,,,,C,True,AH,https://www.ah.nl/producten/product/wi108654,2026-08-09,AH Biologisch Houdbare volle melk,dairy eggs
127489,581971,AH Terra Plantaardig halvarine lekker op brood,AH Terra,zuivel-eieren,"Zuivel, eieren",Plantaardige boter,1.39,1.39,,,,,500 g,prijs per kg €2.78,False,,,,,C,True,AH,https://www.ah.nl/producten/product/wi127489,2026-08-09,AH Terra Plantaardig halvarine lekker op brood,dairy eggs
469397,721621,Campina Langlekker halfvolle melk,Campina,zuivel-eieren,"Zuivel, eieren",Houdbare melk,1.79,1.79,,,,,1 l,prijs per liter €1.79,False,,,,,B,True,AH,https://www.ah.nl/producten/product/wi469397,2026-08-09,Campina Langlekker semi-skimmed milk,dairy eggs
61009,106374,AH Biologisch Volle melk,AH Biologisch,zuivel-eieren,"Zuivel, eieren",Volle melk,1.49,1.49,,,,,1 l,prijs per liter €1.49,False,,,,,C,True,AH,https://www.ah.nl/producten/product/wi61009,2026-08-09,AH Biologisch Volle melk,dairy eggs
1519,11955,De Zaanse Hoeve Magere yoghurt,De Zaanse Hoeve,zuivel-eieren,"Zuivel, eieren",Magere yoghurt,0.89,0.89,,,,,1 l,prijs per liter €0.89,False,,,,,A,True,AH,https://www.ah.nl/producten/product/wi1519,2026-08-09,De Zaanse Hoeve Magere yoghurt,dairy eggs
130274,606862,AH Verse scharreleieren L XL,AH,zuivel-eieren,"Zuivel, eieren",Scharreleieren,4.19,4.19,,,,,10 stuks,,False,,,,,A,True,AH,https://www.ah.nl/producten/product/wi130274,2026-08-09,AH Verse scharreleieren L XL,dairy eggs
567385,0,AH Verse scharreleieren L/XL 3-pack,AH,zuivel-eieren,"Zuivel, eieren",Scharreleieren,11.94,12.57,5.0,5% volume voordeel,,,3 stuks,,True,AHOO,5% volume voordeel,2026-08-09,2999-12-31,,True,AH,https://www.ah.nl/producten/product/wi567385,2026-08-09,AH Verse scharreleieren L/XL 3-pack,dairy eggs
609672,0,Campina Langlekker halfvolle melk 3-pack,Campina,zuivel-eieren,"Zuivel, eieren",Houdbare melk,5.1,5.37,5.0,5% volume voordeel,,,3 stuks,,True,AHOO,5% volume voordeel,2026-08-09,2999-12-31,,True,AH,https://www.ah.nl/producten/product/wi609672,2026-08-09,Campina Langlekker semi-skimmed milk 3-pack,dairy eggs
609411,0,Campina Langlekker halfvolle melk 8-pack,Campina,zuivel-eieren,"Zuivel, eieren",Houdbare melk,12.89,14.32,10.0,10% volume voordeel,,,8 stuks,,True,AHOO,10% volume voordeel,2026-08-09,2999-12-31,,True,AH,https://www.ah.nl/producten/product/wi609411,2026-08-09,Campina Langlekker halfvolle melk 8-pack,dairy eggs
177474,636832,De Zaanse Hoeve Halfvolle yoghurt vanillesmaak,De Zaanse Hoeve,zuivel-eieren,"Zuivel, eieren",Vanille yoghurt,1.49,1.49,,,,,1 l,prijs per liter €1.49,False,,,,,C,True,AH,https://www.ah.nl/producten/product/wi177474,2026-08-09,De Zaanse Hoeve Halfvolle yoghurt vanillesmaak,dairy eggs
141708,615967,AH Drinkyoghurt framboossmaak,AH,zuivel-eieren,"Zuivel, eieren","Drinkyoghurt, ontbijtdranken",1.29,1.29,,,,,1 l,prijs per liter €1.29,False,,,,,B,True,AH,https://www.ah.nl/producten/product/wi141708,2026-08-09,AH Drinkyoghurt framboossmaak,dairy eggs
61010,512652,AH Biologisch Magere yoghurt,AH Biologisch,zuivel-eieren,"Zuivel, eieren",Magere yoghurt,1.49,1.49,,,,,1 l,prijs per liter €1.49,False,,,,,A,True,AH,https://www.ah.nl/producten/product/wi61010,2026-08-09,AH Biologisch Magere yoghurt,dairy eggs
443661,87310,AH Biologisch Halfvolle melk,AH Biologisch,zuivel-eieren,"Zuivel, eieren",Halfvolle melk,2.55,2.55,,,,,2 l,prijs per liter €1.28,False,,,,,B,True,AH,https://www.ah.nl/producten/product/wi443661,2026-08-09,AH Biologisch Halfvolle melk,dairy eggs
58082,505412,AH Biologisch Roomboter ongezouten,AH Biologisch,zuivel-eieren,"Zuivel, eieren",Ongezouten roomboter,2.89,2.89,,,,,250 g,prijs per kg €11.56,False,,,,,,True,AH,https://www.ah.nl/producten/product/wi58082,2026-08-09,AH Biologisch Roomboter ongezouten,dairy eggs
216238,809402,Melkunie Breaker aardbei yoghurt,Melkunie,zuivel-eieren,"Zuivel, eieren",Yoghurt tussendoortjes,1.59,1.59,,,,,200 g,prijs per kg €7.95,False,,,,,C,True,AH,https://www.ah.nl/producten/product/wi216238,2026-08-09,Melkunie Breaker strawberry yoghurt,dairy eggs
456324,66205,AH Drinkyoghurt aardbei kerssmaak,AH,zuivel-eieren,"Zuivel, eieren","Drinkyoghurt, ontbijtdranken",1.29,1.29,,,,,1 l,prijs per liter €1.29,False,,,,,B,True,AH,https://www.ah.nl/producten/product/wi456324,2026-08-09,AH Drinkyoghurt aardbei kerssmaak,dairy eggs
618237,0,AH Biologisch Roomboter ongezouten 2-pack,AH Biologisch,zuivel-eieren,"Zuivel, eieren",Ongezouten roomboter,5.61,5.78,3.0,3% volume voordeel,,,2 stuks,,True,AHOO,3% volume voordeel,2026-08-09,2999-12-31,,True,AH,https://www.ah.nl/producten/product/wi618237,2026-08-09,AH Biologisch Roomboter ongezouten 2-pack,dairy eggs
618240,0,AH Biologisch Roomboter ongezouten 5-pack,AH Biologisch,zuivel-eieren,"Zuivel, eieren",Ongezouten roomboter,13.0,14.45,10.0,10% volume voordeel,,,5 stuks,,True,AHOO,10% volume voordeel,2026-08-09,2999-12-31,,True,AH,https://www.ah.nl/producten/product/wi618240,2026-08-09,AH Biologisch Roomboter ongezouten 5-pack,dairy eggs
602213,54324,AH Biologisch Volle melk,AH Biologisch,zuivel-eieren,"Zuivel, eieren",Volle melk,2.09,2.09,,,,,"1,5 l",prijs per liter €1.39,False,,,,,C,True,AH,https://www.ah.nl/producten/product/wi602213,2026-08-09,AH Biologisch Volle melk,dairy eggs
567982,0,AH Biologisch Roomboter ongezouten 3-pack,AH Biologisch,zuivel-eieren,"Zuivel, eieren",Ongezouten roomboter,8.24,8.67,5.0,5% volume voordeel,,,3 stuks,,True,AHOO,5% volume voordeel,2026-08-09,2999-12-31,,True,AH,https://www.ah.nl/producten/product/wi567982,2026-08-09,AH Organic Butter unsalted 3-pack,dairy eggs
438675,702107,De Zaanse Hoeve Halfvolle yoghurt,De Zaanse Hoeve,zuivel-eieren,"Zuivel, eieren",Halfvolle yoghurt,0.95,0.95,,,,,1 l,prijs per liter €0.95,False,,,,,A,True,AH,https://www.ah.nl/producten/product/wi438675,2026-08-09,De Zaanse Hoeve Semi-skimmed yoghurt,dairy eggs
61008,106376,AH Biologisch Karnemelk,AH Biologisch,zuivel-eieren,"Zuivel, eieren",Karnemelk,1.29,1.29,,,,,1 l,prijs per liter €1.29,False,,,,,B,True,AH,https://www.ah.nl/producten/product/wi61008,2026-08-09,AH Biologisch Karnemelk,dairy eggs
469256,98070,Campina Langlekker volle melk,Campina,zuivel-eieren,"Zuivel, eieren",Houdbare melk,1.99,1.99,,,,,1 l,prijs per liter €1.99,False,,,,,C,True,AH,https://www.ah.nl/producten/product/wi469256,2026-08-09,Campina Langlekker volle melk,dairy eggs
514748,884361,De Zaanse Hoeve Ongezouten roomboter,De Zaanse Hoeve,zuivel-eieren,"Zuivel, eieren",Ongezouten roomboter,2.69,2.69,,,,,500 g,prijs per kg €5.38,False,,,,,E,True,AH,https://www.ah.nl/producten/product/wi514748,2026-08-09,De Zaanse Hoeve Unsalted butter,dairy eggs
451700,581894,De Zaanse Hoeve Volle kwark,De Zaanse Hoeve,zuivel-eieren,"Zuivel, eieren",Volle kwark,1.29,1.29,,,,,500 g,prijs per kg €2.58,False,,,,,C,True,AH,https://www.ah.nl/producten/product/wi451700,2026-08-09,De Zaanse Hoeve Whole cottage cheese,dairy eggs
61758,521009,Optimel Drinkyoghurt framboos,Optimel,zuivel-eieren,"Zuivel, eieren","Drinkyoghurt, ontbijtdranken",1.99,1.99,,,,,1 l,prijs per liter €1.99,False,,,,,B,True,AH,https://www.ah.nl/producten/product/wi61758,2026-08-09,Optimel Drinking yoghurt raspberry,dairy eggs
168925,751659,Arla Biologisch halfvolle melk,Arla,zuivel-eieren,"Zuivel, eieren",Halfvolle melk,1.79,1.79,,,,,1 l,prijs per liter €1.79,False,,,,,B,True,AH,https://www.ah.nl/producten/product/wi168925,2026-08-09,Arla Organic semi-skimmed milk,dairy eggs
608455,0,Campina Langlekker volle melk 3-pack,Campina,zuivel-eieren,"Zuivel, eieren",Houdbare melk,5.67,5.97,5.0,5% volume voordeel,,,3 stuks,,True,AHOO,5% volume voordeel,2026-08-09,2999-12-31,,True,AH,https://www.ah.nl/producten/product/wi608455,2026-08-09,Campina Langlekker volle melk 3-pack,dairy eggs
456336,66374,AH Drinkyoghurt passievrucht mangosmaak,AH,zuivel-eieren,"Zuivel, eieren","Drinkyoghurt, ontbijtdranken",1.29,1.29,,,,,1 l,prijs per liter €1.29,False,,,,,B,True,AH,https://www.ah.nl/producten/product/wi456336,2026-08-09,AH Drinking yoghurt passion fruit mango flavour,dairy eggs
608456,0,Campina Langlekker volle melk 8-pack,Campina,zuivel-eieren,"Zuivel, eieren",Houdbare melk,14.33,15.92,10.0,10% volume voordeel,,,8 stuks,,True,AHOO,10% volume voordeel,2026-08-09,2999-12-31,,True,AH,https://www.ah.nl/producten/product/wi608456,2026-08-09,Campina Langlekker volle melk 8-pack,dairy eggs
441199,76369,Campina Halfvolle melk voordeelverpakking,Campina,zuivel-eieren,"Zuivel, eieren",Halfvolle melk,1.89,1.89,,,,,"1,5 l",prijs per liter €1.26,False,,,,,B,True,AH,https://www.ah.nl/producten/product/wi441199,2026-08-09,Campina Halfvolle melk voordeelverpakking,dairy eggs
425567,694382,Danoontje Knijpyoghurt aardbei,Danoontje,zuivel-eieren,"Zuivel, eieren",Yoghurt tussendoortjes,0.99,0.99,,,,,70 g,prijs per kg €14.14,False,,,,,B,True,AH,https://www.ah.nl/producten/product/wi425567,2026-08-09,Danoontje Knijpyoghurt aardbei,dairy eggs
548937,0,Danoontje Knijpyoghurt aardbei 5-pack,Danoontje,zuivel-eieren,"Zuivel, eieren",Yoghurt tussendoortjes,4.7,4.95,5.0,5% volume voordeel,,,5 stuks,,True,AHOO,5% volume voordeel,2026-08-09,2999-12-31,,True,AH,https://www.ah.nl/producten/product/wi548937,2026-08-09,Danoontje Squeeze yoghurt strawberry 5-pack,dairy eggs
67781,530940,AH Creme fraiche light 15% vet,AH,zuivel-eieren,"Zuivel, eieren",Creme fraiche,1.39,1.39,,,,,125 g,prijs per kg €11.12,False,,,,,D,True,AH,https://www.ah.nl/producten/product/wi67781,2026-08-09,AH Creme fraiche light 15% fat,dairy eggs
509631,720377,AH Kookroom,AH,zuivel-eieren,"Zuivel, eieren",Kookroom,0.99,0.99,,,,,250 ml,prijs per liter €3.96,False,,,,,D,True,AH,https://www.ah.nl/producten/product/wi509631,2026-08-09,AH Kookroom,dairy eggs
582865,0,Arla Biologisch halfvolle melk 3-pack,Arla,zuivel-eieren,"Zuivel, eieren",Halfvolle melk,5.1,5.37,5.0,5% volume voordeel,,,3 stuks,,True,AHOO,5% volume voordeel,2026-08-09,2999-12-31,,True,AH,https://www.ah.nl/producten/product/wi582865,2026-08-09,Arla Biologisch halfvolle melk 3-pack,dairy eggs
608505,0,Optimel Drinkyoghurt framboos 2-pack,Optimel,zuivel-eieren,"Zuivel, eieren","Drinkyoghurt, ontbijtdranken",3.78,3.98,5.0,5% volume voordeel,,,2 stuks,,True,AHOO,5% volume voordeel,2026-08-09,2999-12-31,,True,AH,https://www.ah.nl/producten/product/wi608505,2026-08-09,Optimel Drinkyoghurt framboos 2-pack,dairy eggs
127487,581968,AH Roomboter ongezouten,AH,zuivel-eieren,"Zuivel, eieren",Ongezouten roomboter,2.19,2.19,,,,,250 g,prijs per kg €8.76,False,,,,,,True,AH,https://www.ah.nl/producten/product/wi127487,2026-08-09,AH Unsalted butter,dairy eggs
561662,0,Melkunie Breaker aardbei yoghurt 6-pack,Melkunie,zuivel-eieren,"Zuivel, eieren",Yoghurt tussendoortjes,8.59,9.54,10.0,10% volume voordeel,,,6 stuks,,True,AHOO,10% volume voordeel,2026-08-09,2999-12-31,,True,AH,https://www.ah.nl/producten/product/wi561662,2026-08-09,Melkunie Breaker aardbei yoghurt 6-pack,dairy eggs
1516,11945,AH Magere melk,AH,zuivel-eieren,"Zuivel, eieren",Magere melk,1.19,1.19,,,,,1 l,prijs per liter €1.19,False,,,,,B,True,AH,https://www.ah.nl/producten/product/wi1516,2026-08-09,AH Skimmed milk,dairy eggs
609662,0,Arla Biologisch halfvolle melk 4-pack,Arla,zuivel-eieren,"Zuivel, eieren",Halfvolle melk,6.44,7.16,10.0,10% volume voordeel,,,4 stuks,,True,AHOO,10% volume voordeel,2026-08-09,2999-12-31,,True,AH,https://www.ah.nl/producten/product/wi609662,2026-08-09,Arla Biologisch halfvolle melk 4-pack,dairy eggs
582008,0,Melkunie Breaker Aardbei yoghurt 4-pack,Melkunie,zuivel-eieren,"Zuivel, eieren",Yoghurt tussendoortjes,6.04,6.36,5.0,5% volume voordeel,,,4 stuks,,True,AHOO,5% volume voordeel,2026-08-09,2999-12-31,,True,AH,https://www.ah.nl/producten/product/wi582008,2026-08-09,Melkunie Breaker Aardbei yoghurt 4-pack,dairy eggs
48785,831576,Campina Halfvolle yoghurt,Campina,zuivel-eieren,"Zuivel, eieren",Halfvolle yoghurt,1.89,1.89,,,,,1 l,prijs per liter €1.89,False,,,,,A,True,AH,https://www.ah.nl/producten/product/wi48785,2026-08-09,Campina Halfvolle yoghurt,dairy eggs
509633,722517,AH Slagroom,AH,zuivel-eieren,"Zuivel, eieren",Slagroom,1.35,1.35,,,,,250 ml,prijs per liter €5.40,False,,,,,D,True,AH,https://www.ah.nl/producten/product/wi509633,2026-08-09,AH Whipped cream,dairy eggs
129244,587840,Optimel Drinkyoghurt mango passievrucht,Optimel,zuivel-eieren,"Zuivel, eieren","Drinkyoghurt, ontbijtdranken",1.99,1.99,,,,,1 l,prijs per liter €1.99,False,,,,,B,True,AH,https://www.ah.nl/producten/product/wi129244,2026-08-09,Optimel Drinkyoghurt mango passievrucht,dairy eggs
173573,795753,AH Halfvolle koffiemelk cups,AH,zuivel-eieren,"Zuivel, eieren",Koffiemelk,0.45,0.45,,,,,70 ml,prijs per liter €6.43,False,,,,,E,True,AH,https://www.ah.nl/producten/product/wi173573,2026-08-09,AH Halfvolle koffiemelk cups,dairy eggs
609405,0,Campina Halfvolle yoghurt 3-pack,Campina,zuivel-eieren,"Zuivel, eieren",Halfvolle yoghurt,5.39,5.67,5.0,5% volume voordeel,,,3 stuks,,True,AHOO,5% volume voordeel,2026-08-09,2999-12-31,,True,AH,https://www.ah.nl/producten/product/wi609405,2026-08-09,Campina Halfvolle yoghurt 3-pack,dairy eggs
566899,0,AH Creme Fraiche Light 3-pack,AH,zuivel-eieren,"Zuivel, eieren",Creme fraiche,3.96,4.17,5.0,5% volume voordeel,,,3-pack,,True,AHOO,5% volume voordeel,2026-08-09,2999-12-31,,True,AH,https://www.ah.nl/producten/product/wi566899,2026-08-09,AH Creme Fraiche Light 3-pack,dairy eggs
608506,0,Optimel Drinkyoghurt framboos 4-pack,Optimel,zuivel-eieren,"Zuivel, eieren","Drinkyoghurt, ontbijtdranken",7.16,7.96,10.0,10% volume voordeel,,,4 stuks,,True,AHOO,10% volume voordeel,2026-08-09,2999-12-31,,True,AH,https://www.ah.nl/producten/product/wi608506,2026-08-09,Optimel Drinkyoghurt framboos 4-pack,dairy eggs
387970,845350,Campina Magere milde kwark naturel,Campina,zuivel-eieren,"Zuivel, eieren",Magere kwark,1.99,1.99,,,,,500 g,prijs per kg €3.98,False,,,,,A,True,AH,https://www.ah.nl/producten/product/wi387970,2026-08-09,"Campina Low-fat mild cottage cheese, natural",dairy eggs
608509,0,Optimel Drinkyoghurt mango passievrucht 2-pack,Optimel,zuivel-eieren,"Zuivel, eieren","Drinkyoghurt, ontbijtdranken",3.78,3.98,5.0,5% volume voordeel,,,2 stuks,,True,AHOO,5% volume voordeel,2026-08-09,2999-12-31,,True,AH,https://www.ah.nl/producten/product/wi608509,2026-08-09,Optimel Drinking yoghurt mango passion fruit 2-pack,dairy eggs
166916,642878,Brinta Volkoren graanontbijt,Brinta,zuivel-eieren,"Zuivel, eieren",Pap,2.09,2.09,,,,,500 g,prijs per kg €4.18,False,,,,,A,True,AH,https://www.ah.nl/producten/product/wi166916,2026-08-09,Brinta Volkoren graanontbijt,dairy eggs
457983,647871,Arla Skyr naturel yoghurt 0% vet XL,Arla,zuivel-eieren,"Zuivel, eieren",Skyr naturel,3.99,3.99,,,,,1 kg,prijs per kg €3.99,False,,,,,A,True,AH,https://www.ah.nl/producten/product/wi457983,2026-08-09,Arla Skyr naturel yoghurt 0% vet XL,dairy eggs
617979,0,AH Creme fraiche light 15% vet 2-pack,AH,zuivel-eieren,"Zuivel, eieren",Creme fraiche,2.7,2.78,3.0,3% volume voordeel,,,2 stuks,,True,AHOO,3% volume voordeel,2026-08-09,2999-12-31,,True,AH,https://www.ah.nl/producten/product/wi617979,2026-08-09,AH Creme fraiche light 15% fat 2-pack,dairy eggs
161932,629848,AH Kokosmelk,AH,zuivel-eieren,"Zuivel, eieren",Kokosmelk,1.35,1.35,,,,,200 ml,prijs per liter €6.75,False,,,,,D,True,AH,https://www.ah.nl/producten/product/wi161932,2026-08-09,AH Kokosmelk,dairy eggs
1109,54073,AH Volle koffiemelk,AH,zuivel-eieren,"Zuivel, eieren",Koffiemelk,0.99,0.99,,,,,463 ml,prijs per liter €2.14,False,,,,,E,True,AH,https://www.ah.nl/producten/product/wi1109,2026-08-09,AH Volle koffiemelk,dairy eggs
403752,851111,AH Halfvolle kwark,AH,zuivel-eieren,"Zuivel, eieren",Volle kwark,1.69,1.69,,,,,500 g,prijs per kg €3.38,False,,,,,A,True,AH,https://www.ah.nl/producten/product/wi403752,2026-08-09,AH Halfvolle kwark,dairy eggs
396393,847732,AH Biologisch Volle kwark,AH Biologisch,zuivel-eieren,"Zuivel, eieren",Volle kwark,1.89,1.89,,,,,500 g,prijs per kg €3.78,False,,,,,C,True,AH,https://www.ah.nl/producten/product/wi396393,2026-08-09,AH Biologisch Volle kwark,dairy eggs
425564,694379,Arla Biologisch skyr naturel yoghurt,Arla,zuivel-eieren,"Zuivel, eieren",Skyr naturel,2.59,2.59,,,,,450 g,prijs per kg €5.76,False,,,,,A,True,AH,https://www.ah.nl/producten/product/wi425564,2026-08-09,Arla Organic skyr natural yoghurt,dairy eggs
585909,30741,AH Magere kwark met magere yoghurt aardbei,AH,zuivel-eieren,"Zuivel, eieren",Kwark met smaak,1.59,1.59,,,,,500 g,prijs per kg €3.18,False,,,,,,True,AH,https://www.ah.nl/producten/product/wi585909,2026-08-09,AH Magere kwark met magere yoghurt aardbei,dairy eggs
585910,30742,AH Magere kwark met magere yoghurt vanille,AH,zuivel-eieren,"Zuivel, eieren",Kwark met smaak,1.59,1.59,,,,,500 g,prijs per kg €3.18,False,,,,,,True,AH,https://www.ah.nl/producten/product/wi585910,2026-08-09,AH Magere kwark met magere yoghurt vanille,dairy eggs
96643,540177,AH Magere yoghurt,AH,zuivel-eieren,"Zuivel, eieren",Magere yoghurt,1.39,1.39,,,,,1 l,prijs per liter €1.39,False,,,,,A,True,AH,https://www.ah.nl/producten/product/wi96643,2026-08-09,AH Magere yoghurt,dairy eggs
574107,0,"Campina Halfvolle Melk 1,5L pakket 2-pack",Campina,zuivel-eieren,"Zuivel, eieren",Halfvolle melk,3.59,3.78,5.0,5% volume voordeel,,,2 stuks,,True,AHOO,5% volume voordeel,2026-08-09,2999-12-31,,True,AH,https://www.ah.nl/producten/product/wi574107,2026-08-09,Campina Semi-skimmed Milk 1.5L package 2-pack,dairy eggs
609406,0,Campina Halfvolle yoghurt 6-pack,Campina,zuivel-eieren,"Zuivel, eieren",Halfvolle yoghurt,10.21,11.34,10.0,10% volume voordeel,,,6 stuks,,True,AHOO,10% volume voordeel,2026-08-09,2999-12-31,,True,AH,https://www.ah.nl/producten/product/wi609406,2026-08-09,Campina Halfvolle yoghurt 6-pack,dairy eggs
608510,0,Optimel Drinkyoghurt mango passievrucht 4-pack,Optimel,zuivel-eieren,"Zuivel, eieren","Drinkyoghurt, ontbijtdranken",7.16,7.96,10.0,10% volume voordeel,,,4 stuks,,True,AHOO,10% volume voordeel,2026-08-09,2999-12-31,,True,AH,https://www.ah.nl/producten/product/wi608510,2026-08-09,Optimel Drinkyoghurt mango passievrucht 4-pack,dairy eggs
33691,27506,AH Halfvolle melk,AH,zuivel-eieren,"Zuivel, eieren",Halfvolle melk,0.79,0.79,,,,,"0,5 l",prijs per liter €1.58,False,,,,,B,True,AH,https://www.ah.nl/producten/product/wi33691,2026-08-09,AH Halfvolle melk,dairy eggs
617980,0,AH Creme fraiche light 15% vet 4-pack,AH,zuivel-eieren,"Zuivel, eieren",Creme fraiche,5.0,5.56,10.0,10% volume voordeel,,,4 stuks,,True,AHOO,10% volume voordeel,2026-08-09,2999-12-31,,True,AH,https://www.ah.nl/producten/product/wi617980,2026-08-09,AH Creme fraiche light 15% vet 4-pack,dairy eggs
349195,751664,Arla Biologisch volle melk,Arla,zuivel-eieren,"Zuivel, eieren",Volle melk,1.99,1.99,,,,,1 l,prijs per liter €1.99,False,,,,,C,True,AH,https://www.ah.nl/producten/product/wi349195,2026-08-09,Arla Biologisch volle melk,dairy eggs
570722,11073,Melkunie Breaker zero aardbei yoghurt,Melkunie,zuivel-eieren,"Zuivel, eieren",Yoghurt tussendoortjes,1.69,1.69,,,,,200 g,prijs per kg €8.45,False,,,,,B,True,AH,https://www.ah.nl/producten/product/wi570722,2026-08-09,Melkunie Breaker zero aardbei yoghurt,dairy eggs
609355,0,Arla Biologisch skyr naturel yoghurt 4-pack,Arla,zuivel-eieren,"Zuivel, eieren",Skyr naturel,9.32,10.36,10.0,10% volume voordeel,,,4 stuks,,True,AHOO,10% volume voordeel,2026-08-09,2999-12-31,,True,AH,https://www.ah.nl/producten/product/wi609355,2026-08-09,Arla Biologisch skyr naturel yoghurt 4-pack,dairy eggs
208278,804258,Campina Halfvolle melk voordeelpak,Campina,zuivel-eieren,"Zuivel, eieren",Halfvolle melk,2.69,2.69,,,,,"2,4 l",prijs per liter €1.12,False,,,,,B,True,AH,https://www.ah.nl/producten/product/wi208278,2026-08-09,Campina Halfvolle melk voordeelpak,dairy eggs
594657,0,Arla Biologisch skyr naturel yoghurt 2-pack,Arla,zuivel-eieren,"Zuivel, eieren",Skyr naturel,4.92,5.18,5.0,5% volume voordeel,,,2 stuks,,True,AHOO,5% volume voordeel,2026-08-09,2999-12-31,,True,AH,https://www.ah.nl/producten/product/wi594657,2026-08-09,Arla Biologisch skyr naturel yoghurt 2-pack,dairy eggs
370580,835772,Arla Skyr naturel yoghurt 0% vet,Arla,zuivel-eieren,"Zuivel, eieren",Skyr naturel,1.99,1.99,,,,,450 g,prijs per kg €4.42,False,,,,,A,True,AH,https://www.ah.nl/producten/product/wi370580,2026-08-09,Arla Skyr naturel yoghurt 0% vet,dairy eggs
590371,0,Arla Skyr naturel yoghurt 0% fat XL 2-pack,Arla,zuivel-eieren,"Zuivel, eieren",Skyr naturel,7.58,7.98,5.0,5% volume voordeel,,,2 stuks,,True,AHOO,5% volume voordeel,2026-08-09,2999-12-31,,True,AH,https://www.ah.nl/producten/product/wi590371,2026-08-09,Arla Skyr naturel yoghurt 0% fat XL 2-pack,dairy eggs
582868,0,Arla Biologisch volle melk 1L 3-pack,Arla,zuivel-eieren,"Zuivel, eieren",Volle melk,5.67,5.97,5.0,5% volume voordeel,,,3 stuks,,True,AHOO,5% volume voordeel,2026-08-09,2999-12-31,,True,AH,https://www.ah.nl/producten/product/wi582868,2026-08-09,Arla Organic whole milk 1L 3-pack,dairy eggs
594562,43314,AH Halvarine 100% plantaardig,AH,zuivel-eieren,"Zuivel, eieren",Plantaardige boter,0.58,0.58,,,,,500 g,prijs per kg €1.16,False,,,,,C,True,AH,https://www.ah.nl/producten/product/wi594562,2026-08-09,AH Halvarine 100% vegetable,dairy eggs
585999,30360,AH Biologisch Yoghurt Griekse stijl 2%,AH Biologisch,zuivel-eieren,"Zuivel, eieren",Griekse yoghurt,2.89,2.89,,,,,1 kg,prijs per kg €2.89,False,,,,,A,True,AH,https://www.ah.nl/producten/product/wi585999,2026-08-09,AH Biologisch Yoghurt Griekse stijl 2%,dairy eggs
440374,76365,Optimel Drinkyoghurt aardbei,Optimel,zuivel-eieren,"Zuivel, eieren","Drinkyoghurt, ontbijtdranken",1.99,1.99,,,,,1 l,prijs per liter €1.99,False,,,,,B,True,AH,https://www.ah.nl/producten/product/wi440374,2026-08-09,Optimel Drinkyoghurt aardbei,dairy eggs
609665,0,Arla Biologisch volle melk 4-pack,Arla,zuivel-eieren,"Zuivel, eieren",Volle melk,7.16,7.96,10.0,10% volume voordeel,,,4 stuks,,True,AHOO,10% volume voordeel,2026-08-09,2999-12-31,,True,AH,https://www.ah.nl/producten/product/wi609665,2026-08-09,Arla Organic whole milk 4-pack,dairy eggs
608086,64911,Mars Karamel chocolade ice bar,Mars,zuivel-eieren,Diepvries,Room handijs,4.39,4.39,,,,,5 stuks,,False,,,,,D,True,AH,https://www.ah.nl/producten/product/wi608086,2026-08-09,Mars Karamel chocolade ice bar,dairy eggs
609677,0,Campina Magere milde kwark naturel 4-pack,Campina,zuivel-eieren,"Zuivel, eieren",Magere kwark,7.16,7.96,10.0,10% volume voordeel,,,4 stuks,,True,AHOO,10% volume voordeel,2026-08-09,2999-12-31,,True,AH,https://www.ah.nl/producten/product/wi609677,2026-08-09,Campina Low-fat mild cottage cheese natural 4-pack,dairy eggs
613774,0,Mars Karamel chocolade ice bar 2-pack,Mars,zuivel-eieren,Diepvries,Room handijs,7.9,8.78,10.0,10% volume voordeel,,,2 stuks,,True,AHOO,10% volume voordeel,2026-08-09,2999-12-31,,True,AH,https://www.ah.nl/producten/product/wi613774,2026-08-09,Mars Karamel chocolade ice bar 2-pack,dairy eggs
447765,528009,AH Yoghurtdrink aardbeismaak,AH,zuivel-eieren,"Zuivel, eieren","Drinkyoghurt, ontbijtdranken",1.05,1.05,,,,,1 l,prijs per liter €1.05,False,,,,,C,True,AH,https://www.ah.nl/producten/product/wi447765,2026-08-09,AH Yoghurt drink strawberry flavor,dairy eggs
451124,574647,Ben & Jerry's Cookie dough,Ben & Jerry's,zuivel-eieren,Diepvries,Roomijs pints,2.39,2.39,,1 + 1 GRATIS,,1.0,100 ml,normale prijs per liter €23.90,True,AH,1 + 1 GRATIS,2026-08-03,2026-08-09,E,True,AH,https://www.ah.nl/producten/product/wi451124,2026-08-09,Ben & Jerry's Cookie dough,dairy eggs
614284,0,Ben & Jerry's Cookie dough 3-pack,Ben & Jerry's,zuivel-eieren,Diepvries,Roomijs pints,4.78,7.17,33.3,pakketkorting,,,3 stuks,,True,AHOO,,2026-08-09,2026-08-09,,True,AH,https://www.ah.nl/producten/product/wi614284,2026-08-09,Ben & Jerry's Cookie dough 3-pack,dairy eggs
196145,790149,De Zaanse Hoeve Roomtoetje vanille,De Zaanse Hoeve,zuivel-eieren,"Zuivel, eieren",Luxe toetjes,0.35,0.35,,,,,200 g,prijs per kg €1.75,False,,,,,C,True,AH,https://www.ah.nl/producten/product/wi196145,2026-08-09,De Zaanse Hoeve Vanilla cream dessert,dairy eggs
440366,76312,Arla Biologisch kefir naturel,Arla,zuivel-eieren,"Zuivel, eieren","Probiotica, kefir, gut health drinks",2.39,2.39,,,,,1 l,prijs per liter €2.39,False,,,,,B,True,AH,https://www.ah.nl/producten/product/wi440366,2026-08-09,Arla Organic kefir natural,dairy eggs
475115,727863,AH Slagroom spuitbus,AH,zuivel-eieren,"Zuivel, eieren",Slagroom,1.49,1.49,,,,,250 g,prijs per kg €5.96,False,,,,,E,True,AH,https://www.ah.nl/producten/product/wi475115,2026-08-09,AH Slagroom spuitbus,dairy eggs
403286,851044,Arla Skyr vanille yoghurt 0% vet,Arla,zuivel-eieren,"Zuivel, eieren",Skyr met smaak,2.19,2.19,,,,,450 g,prijs per kg €4.87,False,,,,,A,True,AH,https://www.ah.nl/producten/product/wi403286,2026-08-09,Arla Skyr vanilla yoghurt 0% fat,dairy eggs
509634,722534,AH Slagroom,AH,zuivel-eieren,"Zuivel, eieren",Slagroom,1.79,1.79,,,,,"0,5 l",prijs per liter €3.58,False,,,,,D,True,AH,https://www.ah.nl/producten/product/wi509634,2026-08-09,AH Whipped cream,dairy eggs
49816,503972,Blue Band Goede start met calcium,Blue Band,zuivel-eieren,"Zuivel, eieren",Halvarine,1.99,1.99,,,,,500 g,prijs per kg €3.98,False,,,,,C,True,AH,https://www.ah.nl/producten/product/wi49816,2026-08-09,Blue Band Goede start met calcium,dairy eggs
608501,0,Optimel Drinkyoghurt aardbei 2-pack,Optimel,zuivel-eieren,"Zuivel, eieren","Drinkyoghurt, ontbijtdranken",3.78,3.98,5.0,5% volume voordeel,,,2 stuks,,True,AHOO,5% volume voordeel,2026-08-09,2999-12-31,,True,AH,https://www.ah.nl/producten/product/wi608501,2026-08-09,Optimel Drinking yoghurt strawberry 2-pack,dairy eggs
594670,0,Melkunie Breaker zero aardbei yoghurt 4-pack,Melkunie,zuivel-eieren,"Zuivel, eieren",Yoghurt tussendoortjes,6.42,6.76,5.0,5% volume voordeel,,,4 stuks,,True,AHOO,5% volume voordeel,2026-08-09,2999-12-31,,True,AH,https://www.ah.nl/producten/product/wi594670,2026-08-09,Melkunie Breaker zero aardbei yoghurt 4-pack,dairy eggs
570721,11072,Melkunie Breaker zero banaan yoghurt,Melkunie,zuivel-eieren,"Zuivel, eieren",Yoghurt tussendoortjes,1.69,1.69,,,,,200 g,prijs per kg €8.45,False,,,,,B,True,AH,https://www.ah.nl/producten/product/wi570721,2026-08-09,Melkunie Breaker zero banaan yoghurt,dairy eggs
604807,0,Melkunie Breaker zero banaan yoghurt 6-pack,Melkunie,zuivel-eieren,"Zuivel, eieren",Yoghurt tussendoortjes,9.13,10.14,10.0,10% volume voordeel,,,6 stuks,,True,AHOO,10% volume voordeel,2026-08-09,2999-12-31,,True,AH,https://www.ah.nl/producten/product/wi604807,2026-08-09,Melkunie Breaker zero banana yogurt 6-pack,dairy eggs
625801,0,Blue Band Goede start met calcium 2-pack,Blue Band,zuivel-eieren,"Zuivel, eieren",Halvarine,3.78,3.98,5.0,5% volume voordeel,,,2 stuks,,True,AHOO,5% volume voordeel,2026-08-09,2999-12-31,,True,AH,https://www.ah.nl/producten/product/wi625801,2026-08-09,Blue Band Goede start met calcium 2-pack,dairy eggs
613775,0,Mars Karamel chocolade ice bar 3-pack,Mars,zuivel-eieren,Diepvries,Room handijs,11.19,13.17,15.0,15% volume voordeel,,,3 stuks,,True,AHOO,15% volume voordeel,2026-08-09,2999-12-31,,True,AH,https://www.ah.nl/producten/product/wi613775,2026-08-09,Mars Karamel chocolade ice bar 3-pack,dairy eggs
587624,32645,BFree High proteine wraps glutenvrij,BFree,glutenvrij,Glutenvrij,Glutenvrije wraps,5.49,5.49,,,,,168 g,prijs per kg €32.68,False,,,,,A,True,AH,https://www.ah.nl/producten/product/wi587624,2026-08-09,BFree High protein wraps gluten free,gluten-free
396114,847392,BFree Meergranen wraps glutenvrij,BFree,glutenvrij,Glutenvrij,Glutenvrije wraps,5.49,5.49,,,,,252 g,prijs per kg €21.79,False,,,,,B,True,AH,https://www.ah.nl/producten/product/wi396114,2026-08-09,BFree Multigrain wraps gluten-free,gluten-free
416967,688330,AH Glutenvrij Brood donker meerzaden half,AH Glutenvrij,glutenvrij,Bakkerij,Glutenvrij brood,3.59,3.59,,,,,480 g,,False,,,,,A,True,AH,https://www.ah.nl/producten/product/wi416967,2026-08-09,AH Gluten-free Bread dark multi-seed half,gluten-free
617455,0,AH Glutenvrij Brood donker meerzaden half 2-pack,AH Glutenvrij,glutenvrij,Bakkerij,Glutenvrij brood,7.04,7.18,2.0,2% volume voordeel,,,2 stuks,,True,AHOO,2% volume voordeel,2026-08-09,2999-12-31,,True,AH,https://www.ah.nl/producten/product/wi617455,2026-08-09,AH Glutenvrij Brood donker meerzaden half 2-pack,gluten-free
617456,0,AH Glutenvrij Brood donker meerzaden half 4-pack,AH Glutenvrij,glutenvrij,Bakkerij,Glutenvrij brood,14.07,14.36,2.0,2% volume voordeel,,,4 stuks,,True,AHOO,2% volume voordeel,2026-08-09,2999-12-31,,True,AH,https://www.ah.nl/producten/product/wi617456,2026-08-09,AH Glutenvrij Brood donker meerzaden half 4-pack,gluten-free
568283,0,AH Glutenvrij Brood donker meerzaden half 3-pack,AH Glutenvrij,glutenvrij,Bakkerij,Glutenvrij brood,10.55,10.77,2.0,2% volume voordeel,,,3 stuks,,True,AHOO,2% volume voordeel,2026-08-09,2999-12-31,,True,AH,https://www.ah.nl/producten/product/wi568283,2026-08-09,AH Glutenvrij Brood donker meerzaden half 3-pack,gluten-free
416957,688280,AH Glutenvrij Brood licht meerzaden half,AH Glutenvrij,glutenvrij,Bakkerij,Glutenvrij brood,3.59,3.59,,,,,480 g,,False,,,,,A,True,AH,https://www.ah.nl/producten/product/wi416957,2026-08-09,AH Glutenvrij Brood licht meerzaden half,gluten-free
617457,0,AH Glutenvrij Brood licht meerzaden half 2-pack,AH Glutenvrij,glutenvrij,Bakkerij,Glutenvrij brood,7.04,7.18,2.0,2% volume voordeel,,,2 stuks,,True,AHOO,2% volume voordeel,2026-08-09,2999-12-31,,True,AH,https://www.ah.nl/producten/product/wi617457,2026-08-09,AH Gluten Free Bread light multi-seed half 2-pack,gluten-free
617458,0,AH Glutenvrij Brood licht meerzaden half 3-pack,AH Glutenvrij,glutenvrij,Bakkerij,Glutenvrij brood,10.55,10.77,2.0,2% volume voordeel,,,3 stuks,,True,AHOO,2% volume voordeel,2026-08-09,2999-12-31,,True,AH,https://www.ah.nl/producten/product/wi617458,2026-08-09,AH Glutenvrij Brood licht meerzaden half 3-pack,gluten-free
617459,0,AH Glutenvrij Brood licht meerzaden half 4-pack,AH Glutenvrij,glutenvrij,Bakkerij,Glutenvrij brood,14.07,14.36,2.0,2% volume voordeel,,,4 stuks,,True,AHOO,2% volume voordeel,2026-08-09,2999-12-31,,True,AH,https://www.ah.nl/producten/product/wi617459,2026-08-09,AH Gluten Free Bread light multi-seed half 4-pack,gluten-free
419899,691529,Wasa Glutenvrij en lactosevrij classic,Wasa,glutenvrij,Bakkerij,"Glutenvrije crackers, knackebrod",3.99,3.99,,,,,240 g,prijs per kg €16.63,False,,,,,C,True,AH,https://www.ah.nl/producten/product/wi419899,2026-08-09,Wasa Gluten-free and lactose-free classic,gluten-free
497604,802569,AH Glutenvrij Witte bollen,AH Glutenvrij,glutenvrij,Bakkerij,Glutenvrij brood,1.79,1.79,,,,,2 stuks,,False,,,,,C,True,AH,https://www.ah.nl/producten/product/wi497604,2026-08-09,AH Glutenvrij Witte bollen,gluten-free
228420,820389,Schär Meesterbakker classic glutenvrij,Schär,glutenvrij,Bakkerij,Glutenvrij brood,3.29,3.29,,,,,300 g,prijs per kg €10.97,False,,,,,A,True,AH,https://www.ah.nl/producten/product/wi228420,2026-08-09,Schär Master Baker classic gluten-free,gluten-free
388651,848195,Eat Natural Protein packed repen pinda's & chocolade,Eat Natural,glutenvrij,Glutenvrij,Glutenvrije repen,3.39,3.39,,,,,3 x 40g,prijs per kg €28.25,False,,,,,D,True,AH,https://www.ah.nl/producten/product/wi388651,2026-08-09,Eat Natural Protein packed repen pinda's & chocolade,gluten-free
401986,850534,Dr. Oetker Ristorante pizza salami glutenvrij,Dr. Oetker,glutenvrij,Glutenvrij,Glutenvrije pizza,4.99,4.99,,,,,315 g,prijs per kg €15.84,False,,,,,D,True,AH,https://www.ah.nl/producten/product/wi401986,2026-08-09,Dr. Oetker Ristorante pizza salami gluten-free,gluten-free
401987,850536,Dr. Oetker Ristorante pizza mozzarella glutenvrij,Dr. Oetker,glutenvrij,Glutenvrij,Glutenvrije pizza,4.99,4.99,,,,,370 g,prijs per kg €13.49,False,,,,,C,True,AH,https://www.ah.nl/producten/product/wi401987,2026-08-09,Dr. Oetker Ristorante pizza mozzarella glutenvrij,gluten-free
587882,33166,AH Glutenvrij Mini crackers,AH Glutenvrij,glutenvrij,Bakkerij,"Glutenvrije crackers, knackebrod",1.99,1.99,,,,,200 g,prijs per kg €9.95,False,,,,,D,True,AH,https://www.ah.nl/producten/product/wi587882,2026-08-09,AH Gluten Free Mini crackers,gluten-free
621356,0,AH Glutenvrij Mini crackers 3-pack,AH Glutenvrij,glutenvrij,Bakkerij,"Glutenvrije crackers, knackebrod",,,,,,,3 stuks,,False,,,,,,True,AH,https://www.ah.nl/producten/product/wi621356,2026-08-09,AH Gluten-free Mini crackers 3-pack,gluten-free
621357,0,AH Glutenvrij Mini crackers 4-pack,AH Glutenvrij,glutenvrij,Bakkerij,"Glutenvrije crackers, knackebrod",,,,,,,4 stuks,,False,,,,,,True,AH,https://www.ah.nl/producten/product/wi621357,2026-08-09,AH Gluten-free Mini crackers 4-pack,gluten-free
621358,0,AH Glutenvrij Mini crackers 6-pack,AH Glutenvrij,glutenvrij,Bakkerij,"Glutenvrije crackers, knackebrod",,,,,,,6 stuks,,False,,,,,,True,AH,https://www.ah.nl/producten/product/wi621358,2026-08-09,AH Gluten-free Mini crackers 6-pack,gluten-free
407789,853052,AH Glutenvrij Volkoren havermout,AH Glutenvrij,glutenvrij,Glutenvrij,Glutenvrije havermout en pap,2.89,2.89,,,,,450 g,prijs per kg €6.42,False,,,,,A,True,AH,https://www.ah.nl/producten/product/wi407789,2026-08-09,AH Gluten-free Whole grain oatmeal,gluten-free
456008,69188,Wasa Sesame & sea salt glutenvrij,Wasa,glutenvrij,Bakkerij,"Glutenvrije crackers, knackebrod",4.49,4.49,,,,,240 g,prijs per kg €18.71,False,,,,,C,True,AH,https://www.ah.nl/producten/product/wi456008,2026-08-09,Wasa Sesame & sea salt glutenvrij,gluten-free
587626,32677,AH Glutenvrij Crackers zaden,AH Glutenvrij,glutenvrij,Bakkerij,"Glutenvrije crackers, knackebrod",2.99,2.99,,,,,175 g,prijs per kg €17.09,False,,,,,A,True,AH,https://www.ah.nl/producten/product/wi587626,2026-08-09,AH Glutenvrij Crackers zaden,gluten-free
579000,0,AH Glutenvrij Volkoren havermout 2-pack,AH Glutenvrij,glutenvrij,Glutenvrij,Glutenvrije havermout en pap,5.61,5.78,3.0,3% volume voordeel,,,2 stuks,,True,AHOO,3% volume voordeel,2026-08-09,2999-12-31,,True,AH,https://www.ah.nl/producten/product/wi579000,2026-08-09,AH Glutenvrij Volkoren havermout 2-pack,gluten-free
494410,748783,AH Glutenvrij Mueslireep chocolade,AH Glutenvrij,glutenvrij,Glutenvrij,Glutenvrije repen,2.39,2.39,,,,,125 g,prijs per kg €19.12,False,,,,,E,True,AH,https://www.ah.nl/producten/product/wi494410,2026-08-09,AH Glutenvrij Mueslireep chocolade,gluten-free
228422,820392,Schär Meesterbakker mehrkorn glutenvrij,Schär,glutenvrij,Bakkerij,Glutenvrij brood,3.29,3.29,,,,,300 g,prijs per kg €10.97,False,,,,,B,True,AH,https://www.ah.nl/producten/product/wi228422,2026-08-09,Schär Meesterbakker mehrkorn glutenvrij,gluten-free
494240,748785,AH Glutenvrij Vezelrijk knäckebröd,AH Glutenvrij,glutenvrij,Bakkerij,"Glutenvrije crackers, knackebrod",2.99,2.99,,,,,230 g,prijs per kg €13.00,False,,,,,D,True,AH,https://www.ah.nl/producten/product/wi494240,2026-08-09,AH Glutenvrij Vezelrijk knäckebröd,gluten-free
589582,36302,AH Glutenvrij Wit brood half,AH Glutenvrij,glutenvrij,Bakkerij,Glutenvrij brood,3.59,3.59,,,,,per stuk,,False,,,,,A,True,AH,https://www.ah.nl/producten/product/wi589582,2026-08-09,AH Glutenvrij Wit brood half,gluten-free
619045,0,AH Glutenvrij Mueslireep chocolade 2-pack,AH Glutenvrij,glutenvrij,Glutenvrij,Glutenvrije repen,4.64,4.78,3.0,3% volume voordeel,,,2 stuks,,True,AHOO,3% volume voordeel,2026-08-09,2999-12-31,,True,AH,https://www.ah.nl/producten/product/wi619045,2026-08-09,AH Gluten-free Muesli bar chocolate 2-pack,gluten-free
621402,0,AH Glutenvrij Wit brood half 2-pack,AH Glutenvrij,glutenvrij,Bakkerij,Glutenvrij brood,,,2.0,2% volume voordeel,,,2 stuks,,True,AH,2% volume voordeel,,,,True,AH,https://www.ah.nl/producten/product/wi621402,2026-08-09,AH Glutenvrij Wit brood half 2-pack,gluten-free
621403,0,AH Glutenvrij Wit brood half 3-pack,AH Glutenvrij,glutenvrij,Bakkerij,Glutenvrij brood,,,2.0,2% volume voordeel,,,3 stuks,,True,AH,2% volume voordeel,,,,True,AH,https://www.ah.nl/producten/product/wi621403,2026-08-09,AH Glutenvrij Wit brood half 3-pack,gluten-free
621404,0,AH Glutenvrij Wit brood half 4-pack,AH Glutenvrij,glutenvrij,Bakkerij,Glutenvrij brood,,,2.0,2% volume voordeel,,,4 stuks,,True,AH,2% volume voordeel,,,,True,AH,https://www.ah.nl/producten/product/wi621404,2026-08-09,AH Glutenvrij Wit brood half 4-pack,gluten-free
188968,525221,Eat Natural Fruit & nut bars amandel & abrikoos,Eat Natural,glutenvrij,Glutenvrij,Glutenvrije repen,3.39,3.39,,,,,3 x 40g,prijs per kg €28.25,False,,,,,E,True,AH,https://www.ah.nl/producten/product/wi188968,2026-08-09,Eat Natural Fruit & nut bars amandel & abrikoos,gluten-free
587888,33169,AH Glutenvrij Wraps,AH Glutenvrij,glutenvrij,Glutenvrij,Glutenvrije wraps,3.29,3.29,,,,,180 g,prijs per kg €18.28,False,,,,,C,True,AH,https://www.ah.nl/producten/product/wi587888,2026-08-09,AH Glutenvrij Wraps,gluten-free
619047,0,AH Glutenvrij Mueslireep chocolade 4-pack,AH Glutenvrij,glutenvrij,Glutenvrij,Glutenvrije repen,8.8,9.56,8.0,8% volume voordeel,,,4 stuks,,True,AHOO,8% volume voordeel,2026-08-09,2999-12-31,,True,AH,https://www.ah.nl/producten/product/wi619047,2026-08-09,AH Glutenvrij Mueslireep chocolade 4-pack,gluten-free
550449,606924,AH Glutenvrij Italiaanse bol,AH Glutenvrij,glutenvrij,Bakkerij,"Glutenvrije bolletjes, broodjes, croissants",2.99,2.99,,,,,2 stuks,,False,,,,,C,True,AH,https://www.ah.nl/producten/product/wi550449,2026-08-09,AH Gluten-free Italian bun,gluten-free
619046,0,AH Glutenvrij Mueslireep chocolade 3-pack,AH Glutenvrij,glutenvrij,Glutenvrij,Glutenvrije repen,6.81,7.17,5.0,5% volume voordeel,,,3 stuks,,True,AHOO,5% volume voordeel,2026-08-09,2999-12-31,,True,AH,https://www.ah.nl/producten/product/wi619046,2026-08-09,AH Gluten-free Muesli bar chocolate 3-pack,gluten-free
228421,820391,Schär Meesterbakker vital glutenvrij,Schär,glutenvrij,Bakkerij,Glutenvrij brood,3.39,3.39,,,,,350 g,prijs per kg €9.69,False,,,,,B,True,AH,https://www.ah.nl/producten/product/wi228421,2026-08-09,Schär Master Baker vital gluten-free,gluten-free
579007,0,AH Glutenvrij Italiaanse bol 2-pack,AH Glutenvrij,glutenvrij,Bakkerij,Glutenvrij afbakbrood,5.86,5.98,2.0,2% volume voordeel,,,2 stuks,,True,AHOO,2% volume voordeel,2026-08-09,2999-12-31,,True,AH,https://www.ah.nl/producten/product/wi579007,2026-08-09,AH Glutenvrij Italiaanse bol 2-pack,gluten-free
228424,820394,Schär Mini baguette glutenvrij,Schär,glutenvrij,Bakkerij,Glutenvrij afbakbrood,2.15,2.15,,,,,150 g,prijs per kg €14.33,False,,,,,C,True,AH,https://www.ah.nl/producten/product/wi228424,2026-08-09,Schär Mini baguette gluten-free,gluten-free
581463,24359,AH Glutenvrij Croissants,AH Glutenvrij,glutenvrij,Bakkerij,"Glutenvrije bolletjes, broodjes, croissants",3.29,3.29,,,,,2 stuks,,False,,,,,E,True,AH,https://www.ah.nl/producten/product/wi581463,2026-08-09,AH Gluten-free Croissants,gluten-free
617270,0,AH Glutenvrij Volkoren havermout 4-pack,AH Glutenvrij,glutenvrij,Glutenvrij,Glutenvrije havermout en pap,10.64,11.56,8.0,8% volume voordeel,,,4 stuks,,True,AHOO,8% volume voordeel,2026-08-09,2999-12-31,,True,AH,https://www.ah.nl/producten/product/wi617270,2026-08-09,AH Gluten-free Wholegrain oatmeal 4-pack,gluten-free
587598,32635,AH Glutenvrij Meerzaden broodjes,AH Glutenvrij,glutenvrij,Bakkerij,"Glutenvrije bolletjes, broodjes, croissants",2.49,2.49,,,,,2 stuks,,False,,,,,B,True,AH,https://www.ah.nl/producten/product/wi587598,2026-08-09,AH Glutenvrij Meerzaden broodjes,gluten-free
617269,0,AH Glutenvrij Volkoren havermout 3-pack,AH Glutenvrij,glutenvrij,Glutenvrij,Glutenvrije havermout en pap,8.24,8.67,5.0,5% volume voordeel,,,3 stuks,,True,AHOO,5% volume voordeel,2026-08-09,2999-12-31,,True,AH,https://www.ah.nl/producten/product/wi617269,2026-08-09,AH Glutenvrij Volkoren havermout 3-pack,gluten-free
620887,0,AH Glutenvrij Croissants 4-pack,AH Glutenvrij,glutenvrij,Bakkerij,"Glutenvrije bolletjes, broodjes, croissants",12.37,13.16,6.0,6% volume voordeel,,,4 stuks,,True,AHOO,6% volume voordeel,2026-08-09,2999-12-31,,True,AH,https://www.ah.nl/producten/product/wi620887,2026-08-09,AH Glutenvrij Croissants 4-pack,gluten-free
494242,748795,AH Glutenvrij Krokante muesli met noten,AH Glutenvrij,glutenvrij,Glutenvrij,Glutenvrije muesli,2.99,2.99,,,,,250 g,prijs per kg €11.96,False,,,,,A,True,AH,https://www.ah.nl/producten/product/wi494242,2026-08-09,AH Glutenvrij Krokante muesli met noten,gluten-free
620885,0,AH Glutenvrij Croissants 2-pack,AH Glutenvrij,glutenvrij,Bakkerij,"Glutenvrije bolletjes, broodjes, croissants",6.45,6.58,2.0,2% volume voordeel,,,2 stuks,,True,AHOO,2% volume voordeel,2026-08-09,2999-12-31,,True,AH,https://www.ah.nl/producten/product/wi620885,2026-08-09,AH Gluten-free Croissants 2-pack,gluten-free
620886,0,AH Glutenvrij Croissants 3-pack,AH Glutenvrij,glutenvrij,Bakkerij,"Glutenvrije bolletjes, broodjes, croissants",9.48,9.87,4.0,4% volume voordeel,,,3 stuks,,True,AHOO,4% volume voordeel,2026-08-09,2999-12-31,,True,AH,https://www.ah.nl/producten/product/wi620886,2026-08-09,AH Gluten-free Croissants 3-pack,gluten-free
621075,0,AH Glutenvrij Meerzaden broodjes 2-pack,AH Glutenvrij,glutenvrij,Bakkerij,"Glutenvrije bolletjes, broodjes, croissants",4.88,4.98,2.0,2% volume voordeel,,,2 stuks,,True,AHOO,2% volume voordeel,2026-08-09,2999-12-31,,True,AH,https://www.ah.nl/producten/product/wi621075,2026-08-09,AH Glutenvrij Meerzaden broodjes 2-pack,gluten-free
516683,882425,Schär Kaiser brötchen glutenvrij,Schär,glutenvrij,Bakkerij,Glutenvrij afbakbrood,3.15,3.15,,,,,240 g,prijs per kg €13.13,False,,,,,C,True,AH,https://www.ah.nl/producten/product/wi516683,2026-08-09,Schär Kaiser brötchen gluten-free,gluten-free
621076,0,AH Glutenvrij Meerzaden broodjes 3-pack,AH Glutenvrij,glutenvrij,Bakkerij,"Glutenvrije bolletjes, broodjes, croissants",7.17,7.47,4.0,4% volume voordeel,,,3 stuks,,True,AHOO,4% volume voordeel,2026-08-09,2999-12-31,,True,AH,https://www.ah.nl/producten/product/wi621076,2026-08-09,AH Gluten-free Multi-seed rolls 3-pack,gluten-free
619022,0,AH Glutenvrij Krokante muesli met noten 2-pack,AH Glutenvrij,glutenvrij,Glutenvrij,Glutenvrije muesli,5.8,5.98,3.0,3% volume voordeel,,,2 stuks,,True,AHOO,3% volume voordeel,2026-08-09,2999-12-31,,True,AH,https://www.ah.nl/producten/product/wi619022,2026-08-09,AH Gluten-free Crispy muesli with nuts 2-pack,gluten-free
621077,0,AH Glutenvrij Meerzaden broodjes 4-pack,AH Glutenvrij,glutenvrij,Bakkerij,"Glutenvrije bolletjes, broodjes, croissants",9.36,9.96,6.0,6% volume voordeel,,,4 stuks,,True,AHOO,6% volume voordeel,2026-08-09,2999-12-31,,True,AH,https://www.ah.nl/producten/product/wi621077,2026-08-09,AH Gluten-free Multi-seed rolls 4-pack,gluten-free
585494,30253,Leev Simply free havermout glutenvrij,Leev,glutenvrij,Glutenvrij,Glutenvrije havermout en pap,2.99,2.99,,,,,450 g,prijs per kg €6.64,False,,,,,A,True,AH,https://www.ah.nl/producten/product/wi585494,2026-08-09,Leev Simply free havermout glutenvrij,gluten-free
619853,0,AH Glutenvrij Italiaanse bol 4-pack,AH Glutenvrij,glutenvrij,Bakkerij,"Glutenvrije bolletjes, broodjes, croissants",11.24,11.96,6.0,6% volume voordeel,,,4 stuks,,True,AHOO,6% volume voordeel,2026-08-09,2999-12-31,,True,AH,https://www.ah.nl/producten/product/wi619853,2026-08-09,AH Glutenvrij Italiaanse bol 4-pack,gluten-free
619024,0,AH Glutenvrij Krokante muesli met noten 4-pack,AH Glutenvrij,glutenvrij,Glutenvrij,Glutenvrije muesli,11.0,11.96,8.0,8% volume voordeel,,,4 stuks,,True,AHOO,8% volume voordeel,2026-08-09,2999-12-31,,True,AH,https://www.ah.nl/producten/product/wi619024,2026-08-09,AH Glutenvrij Krokante muesli met noten 4-pack,gluten-free
619852,0,AH Glutenvrij Italiaanse bol 3-pack,AH Glutenvrij,glutenvrij,Bakkerij,"Glutenvrije bolletjes, broodjes, croissants",8.61,8.97,4.0,4% volume voordeel,,,3 stuks,,True,AHOO,4% volume voordeel,2026-08-09,2999-12-31,,True,AH,https://www.ah.nl/producten/product/wi619852,2026-08-09,AH Glutenvrij Italiaanse bol 3-pack,gluten-free
619023,0,AH Glutenvrij Krokante muesli met noten 3-pack,AH Glutenvrij,glutenvrij,Glutenvrij,Glutenvrije muesli,8.52,8.97,5.0,5% volume voordeel,,,3 stuks,,True,AHOO,5% volume voordeel,2026-08-09,2999-12-31,,True,AH,https://www.ah.nl/producten/product/wi619023,2026-08-09,AH Glutenvrij Krokante muesli met noten 3-pack,gluten-free
589584,36304,AH Glutenvrij Rozijnen bollen,AH Glutenvrij,glutenvrij,Bakkerij,"Glutenvrije bolletjes, broodjes, croissants",2.29,2.29,,,,,2 stuks,,False,,,,,C,True,AH,https://www.ah.nl/producten/product/wi589584,2026-08-09,AH Gluten-free Raisin buns,gluten-free
507916,703921,BioToday Vegan choco bar kokos,BioToday,glutenvrij,Glutenvrij,Glutenvrije repen,4.09,4.09,,,,,120 g,prijs per kg €34.08,False,,,,,D,True,AH,https://www.ah.nl/producten/product/wi507916,2026-08-09,BioToday Vegan chocolate bar coconut,gluten-free
231967,820841,Consenza Frikandellen,Consenza,glutenvrij,Glutenvrij,Glutenvrije snacks (diepvries),5.39,5.39,,,,,350 g,prijs per kg €15.40,False,,,,,E,True,AH,https://www.ah.nl/producten/product/wi231967,2026-08-09,Consenza Frikandellen,gluten-free
587883,33168,AH Glutenvrij Biologisch crackers sesam & chiazaad,AH Glutenvrij,glutenvrij,Bakkerij,"Glutenvrije crackers, knackebrod",3.19,3.19,,,,,160 g,prijs per kg €19.94,False,,,,,C,True,AH,https://www.ah.nl/producten/product/wi587883,2026-08-09,AH Glutenvrij Biologisch crackers sesam & chiazaad,gluten-free
400917,850007,Grand' Italia Penne glutenvrij,Grand' Italia,glutenvrij,Glutenvrij,Glutenvrije pasta,3.99,3.99,,,,,400 g,prijs per kg €9.98,False,,,,,B,True,AH,https://www.ah.nl/producten/product/wi400917,2026-08-09,Grand' Italia Penne glutenvrij,gluten-free
571989,13151,Schär Flatbreads glutenvrij,Schär,glutenvrij,Bakkerij,Glutenvrij brood,3.39,3.39,,,,,180 g,prijs per kg €18.83,False,,,,,C,True,AH,https://www.ah.nl/producten/product/wi571989,2026-08-09,Schär Flatbreads gluten-free,gluten-free
585619,30135,Koopmans Pannenkoeken glutenvrij,Koopmans,glutenvrij,Glutenvrij,Glutenvrije pannenkoekenmix,2.09,2.09,,,,,300 g,prijs per kg €6.97,False,,,,,C,True,AH,https://www.ah.nl/producten/product/wi585619,2026-08-09,Koopmans Pannenkoeken glutenvrij,gluten-free
589583,36303,AH Glutenvrij Madeleine brood half,AH Glutenvrij,glutenvrij,Bakkerij,Glutenvrij brood,3.59,3.59,,,,,per stuk,,False,,,,,A,True,AH,https://www.ah.nl/producten/product/wi589583,2026-08-09,AH Glutenvrij Madeleine brood half,gluten-free
621353,0,AH Glutenvrij Madeleine brood half 2-pack,AH Glutenvrij,glutenvrij,Bakkerij,Glutenvrij brood,,,,,,,2 stuks,,False,,,,,,True,AH,https://www.ah.nl/producten/product/wi621353,2026-08-09,AH Glutenvrij Madeleine brood half 2-pack,gluten-free
621354,0,AH Glutenvrij Madeleine brood half 3-pack,AH Glutenvrij,glutenvrij,Bakkerij,Glutenvrij brood,,,,,,,3 stuks,,False,,,,,,True,AH,https://www.ah.nl/producten/product/wi621354,2026-08-09,AH Gluten-free Madeleine bread half 3-pack,gluten-free
621355,0,AH Glutenvrij Madeleine brood half 4-pack,AH Glutenvrij,glutenvrij,Bakkerij,Glutenvrij brood,,,,,,,4 stuks,,False,,,,,,True,AH,https://www.ah.nl/producten/product/wi621355,2026-08-09,AH Gluten-free Madeleine bread half 4-pack,gluten-free
400916,850006,Grand' Italia Fusilli glutenvrij,Grand' Italia,glutenvrij,Glutenvrij,Glutenvrije pasta,3.99,3.99,,,,,400 g,prijs per kg €9.98,False,,,,,B,True,AH,https://www.ah.nl/producten/product/wi400916,2026-08-09,Grand' Italia Fusilli glutenvrij,gluten-free
408452,853048,AH Glutenvrij Spaghetti,AH Glutenvrij,glutenvrij,Glutenvrij,Glutenvrije pasta,1.39,1.39,,,,,500 g,prijs per kg €2.78,False,,,,,B,True,AH,https://www.ah.nl/producten/product/wi408452,2026-08-09,AH Glutenvrij Spaghetti,gluten-free
199619,645168,Schär Ciabatta glutenvrij,Schär,glutenvrij,Bakkerij,Glutenvrij afbakbrood,2.99,2.99,,,,,4 stuks,,False,,,,,C,True,AH,https://www.ah.nl/producten/product/wi199619,2026-08-09,Schär Ciabatta gluten-free,gluten-free
587880,33163,AH Glutenvrij Biologisch stroopwafels,AH Glutenvrij,glutenvrij,"Koek, snoep, chocolade",Glutenvrije koekjes,3.89,3.89,,,,,240 g,prijs per kg €16.21,False,,,,,E,True,AH,https://www.ah.nl/producten/product/wi587880,2026-08-09,AH Gluten-free Organic syrup waffles,gluten-free
621313,0,AH Glutenvrij Biologisch stroopwafels 2-pack,AH Glutenvrij,glutenvrij,"Koek, snoep, chocolade",Glutenvrije koekjes,,,3.0,3% volume voordeel,,,2 stuks,,True,AH,3% volume voordeel,,,,True,AH,https://www.ah.nl/producten/product/wi621313,2026-08-09,AH Glutenvrij Biologisch stroopwafels 2-pack,gluten-free
621314,0,AH Glutenvrij Biologisch stroopwafels 3-pack,AH Glutenvrij,glutenvrij,"Koek, snoep, chocolade",Glutenvrije koekjes,,,5.0,5% volume voordeel,,,3 stuks,,True,AH,5% volume voordeel,,,,True,AH,https://www.ah.nl/producten/product/wi621314,2026-08-09,AH Gluten-free Organic syrup waffles 3-pack,gluten-free
621315,0,AH Glutenvrij Biologisch stroopwafels 4-pack,AH Glutenvrij,glutenvrij,"Koek, snoep, chocolade",Glutenvrije koekjes,,,8.0,8% volume voordeel,,,4 stuks,,True,AH,8% volume voordeel,,,,True,AH,https://www.ah.nl/producten/product/wi621315,2026-08-09,AH Glutenvrij Biologisch stroopwafels 4-pack,gluten-free
587595,32632,AH Glutenvrij Koekjes citroen,AH Glutenvrij,glutenvrij,"Koek, snoep, chocolade",Glutenvrije koekjes,1.0,1.29,22.5,3 voor 3.00,3.0,3.0,45 g,normale prijs per kg €28.67,True,AH,3 VOOR 3.00,2026-08-03,2026-08-09,E,True,AH,https://www.ah.nl/producten/product/wi587595,2026-08-09,AH Glutenvrij Koekjes citroen,gluten-free
587891,33180,AH Glutenvrij Brownies,AH Glutenvrij,glutenvrij,Bakkerij,Glutenvrije zoete snacks en gebak,3.29,3.29,,,,,240 g,prijs per kg €13.71,False,,,,,E,True,AH,https://www.ah.nl/producten/product/wi587891,2026-08-09,AH Gluten Free Brownies,gluten-free
621322,0,AH Glutenvrij Brownies 2-pack,AH Glutenvrij,glutenvrij,Bakkerij,Glutenvrije zoete snacks en gebak,,,3.0,3% volume voordeel,,,2 stuks,,True,AH,3% volume voordeel,,,,True,AH,https://www.ah.nl/producten/product/wi621322,2026-08-09,AH Glutenvrij Brownies 2-pack,gluten-free
621323,0,AH Glutenvrij Brownies 3-pack,AH Glutenvrij,glutenvrij,Bakkerij,Glutenvrije zoete snacks en gebak,,,5.0,5% volume voordeel,,,3 stuks,,True,AH,5% volume voordeel,,,,True,AH,https://www.ah.nl/producten/product/wi621323,2026-08-09,AH Gluten Free Brownies 3-pack,gluten-free
621324,0,AH Glutenvrij Brownies 4-pack,AH Glutenvrij,glutenvrij,Bakkerij,Glutenvrije zoete snacks en gebak,,,8.0,8% volume voordeel,,,4 stuks,,True,AH,8% volume voordeel,,,,True,AH,https://www.ah.nl/producten/product/wi621324,2026-08-09,AH Gluten Free Brownies 4-pack,gluten-free
532262,593539,BioFan Ketjap manis,BioFan,glutenvrij,Glutenvrij,Glutenvrije ketjap,1.75,1.75,,,,,125 ml,prijs per liter €14.00,False,,,,,D,True,AH,https://www.ah.nl/producten/product/wi532262,2026-08-09,BioFan Ketjap manis,gluten-free
494241,748794,AH Glutenvrij Ontbijtkoekreep,AH Glutenvrij,glutenvrij,Glutenvrij,Glutenvrije ontbijtkoek,1.29,1.29,,,,,65 g,prijs per kg €19.85,False,,,,,D,True,AH,https://www.ah.nl/producten/product/wi494241,2026-08-09,AH Gluten-free Gingerbread Bar,gluten-free
395522,846854,Peijnenburg Ontbijtkoek glutenvrij ongesneden,Peijnenburg,glutenvrij,Glutenvrij,Glutenvrije ontbijtkoek,3.65,3.65,,,,,285 g,prijs per kg €12.81,False,,,,,D,True,AH,https://www.ah.nl/producten/product/wi395522,2026-08-09,Peijnenburg Gingerbread gluten-free uncut,gluten-free
494530,749991,AH Glutenvrij Vezelrijke bran flakes,AH Glutenvrij,glutenvrij,Glutenvrij,Glutenvrije ontbijtgranen overig,2.99,2.99,,,,,300 g,prijs per kg €9.97,False,,,,,A,True,AH,https://www.ah.nl/producten/product/wi494530,2026-08-09,AH Gluten-free Fiber-rich bran flakes,gluten-free
587961,33156,De Cecco Tortiglioni glutenvrij,De Cecco,glutenvrij,Glutenvrij,Glutenvrije pasta,3.99,3.99,,,,,400 g,prijs per kg €9.98,False,,,,,B,True,AH,https://www.ah.nl/producten/product/wi587961,2026-08-09,The Cecco Tortiglioni gluten free,gluten-free
587596,32633,AH Glutenvrij Koekjes amandel,AH Glutenvrij,glutenvrij,"Koek, snoep, chocolade",Glutenvrije koekjes,1.0,1.29,22.5,3 voor 3.00,3.0,3.0,45 g,normale prijs per kg €28.67,True,AH,3 VOOR 3.00,2026-08-03,2026-08-09,E,True,AH,https://www.ah.nl/producten/product/wi587596,2026-08-09,AH Gluten Free Almond Cookies,gluten-free
199611,645160,Schär Salinis glutenvrij,Schär,glutenvrij,Glutenvrij,Glutenvrije zoutjes,1.39,1.39,,,,,60 g,prijs per kg €23.17,False,,,,,E,True,AH,https://www.ah.nl/producten/product/wi199611,2026-08-09,Schär Salinis glutenvrij,gluten-free
407850,853125,AH Glutenvrij Double cookies,AH Glutenvrij,glutenvrij,"Koek, snoep, chocolade",Glutenvrije koekjes,2.59,2.59,,,,,200 g,prijs per kg €12.95,False,,,,,E,True,AH,https://www.ah.nl/producten/product/wi407850,2026-08-09,AH Gluten-free Double cookies,gluten-free
587881,33165,AH Glutenvrij Granolareep pinda en amandel blauwe bes,AH Glutenvrij,glutenvrij,Glutenvrij,Glutenvrije repen,2.69,2.69,,,,,140 g,prijs per kg €19.21,False,,,,,A,True,AH,https://www.ah.nl/producten/product/wi587881,2026-08-09,AH Gluten-free Granola bar peanut and almond blueberry,gluten-free
621333,0,AH Glutenvrij Granolareep pinda en amandel blauwe 2-pk,AH Glutenvrij,glutenvrij,Glutenvrij,Glutenvrije repen,,,3.0,3% volume voordeel,,,2 stuks,,True,AH,3% volume voordeel,,,,True,AH,https://www.ah.nl/producten/product/wi621333,2026-08-09,AH Gluten-free Granola bar peanut and almond blue 2-pk,gluten-free
621334,0,AH Glutenvrij Granolareep pinda en amandel blauwe 3-pk,AH Glutenvrij,glutenvrij,Glutenvrij,Glutenvrije repen,,,5.0,5% volume voordeel,,,3 stuks,,True,AH,5% volume voordeel,,,,True,AH,https://www.ah.nl/producten/product/wi621334,2026-08-09,AH Glutenvrij Granolareep pinda en amandel blauwe 3-pk,gluten-free
621335,0,AH Glutenvrij Granolareep pinda en amandel blauwe 4-pk,AH Glutenvrij,glutenvrij,Glutenvrij,Glutenvrije repen,,,8.0,8% volume voordeel,,,4 stuks,,True,AH,8% volume voordeel,,,,True,AH,https://www.ah.nl/producten/product/wi621335,2026-08-09,AH Glutenvrij Granolareep pinda en amandel blauwe 4-pk,gluten-free
494120,748791,AH Glutenvrij Volkoren havervlokken,AH Glutenvrij,glutenvrij,Glutenvrij,Glutenvrije havermout en pap,2.89,2.89,,,,,450 g,prijs per kg €6.42,False,,,,,A,True,AH,https://www.ah.nl/producten/product/wi494120,2026-08-09,AH Glutenvrij Volkoren havervlokken,gluten-free
617250,0,AH Glutenvrij Double cookies 2-pack,AH Glutenvrij,glutenvrij,"Koek, snoep, chocolade",Glutenvrije koekjes,5.02,5.18,3.0,3% volume voordeel,,,2 stuks,,True,AHOO,3% volume voordeel,2026-08-09,2999-12-31,,True,AH,https://www.ah.nl/producten/product/wi617250,2026-08-09,AH Glutenvrij Double cookies 2-pack,gluten-free
619122,0,AH Glutenvrij Vezelrijke bran flakes 2-pack,AH Glutenvrij,glutenvrij,Glutenvrij,Glutenvrije ontbijtgranen overig,5.8,5.98,3.0,3% volume voordeel,,,2 stuks,,True,AHOO,3% volume voordeel,2026-08-09,2999-12-31,,True,AH,https://www.ah.nl/producten/product/wi619122,2026-08-09,AH Glutenvrij Vezelrijke bran flakes 2-pack,gluten-free
613205,69951,Zonnatura Teff meergranenontbijt glutenvrij,Zonnatura,glutenvrij,Glutenvrij,Glutenvrije havermout en pap,3.59,3.59,,,,,250 g,prijs per kg €14.36,False,,,,,A,True,AH,https://www.ah.nl/producten/product/wi613205,2026-08-09,Zonnatura Teff multigrain breakfast gluten-free,gluten-free
617252,0,AH Glutenvrij Double cookies 4-pack,AH Glutenvrij,glutenvrij,"Koek, snoep, chocolade",Glutenvrije koekjes,9.53,10.36,8.0,8% volume voordeel,,,4 stuks,,True,AHOO,8% volume voordeel,2026-08-09,2999-12-31,,True,AH,https://www.ah.nl/producten/product/wi617252,2026-08-09,AH Glutenvrij Double cookies 4-pack,gluten-free
619124,0,AH Glutenvrij Vezelrijke bran flakes 4-pack,AH Glutenvrij,glutenvrij,Glutenvrij,Glutenvrije ontbijtgranen overig,11.0,11.96,8.0,8% volume voordeel,,,4 stuks,,True,AHOO,8% volume voordeel,2026-08-09,2999-12-31,,True,AH,https://www.ah.nl/producten/product/wi619124,2026-08-09,AH Gluten-free Fiber-rich bran flakes 4-pack,gluten-free
365667,832611,Schär Pizza margherita lactosevrij glutenvrij,Schär,glutenvrij,Glutenvrij,Glutenvrije pizza,3.99,3.99,,,,,300 g,prijs per kg €13.30,False,,,,,C,True,AH,https://www.ah.nl/producten/product/wi365667,2026-08-09,Schär Pizza margherita lactose-free gluten-free,gluten-free
587963,33158,De Cecco Gnocchi di patate glutenvrij,De Cecco,glutenvrij,Glutenvrij,Glutenvrije pasta,2.99,2.99,,,,,500 g,prijs per kg €5.98,False,,,,,C,True,AH,https://www.ah.nl/producten/product/wi587963,2026-08-09,De Cecco Gnocchi di patate glutenvrij,gluten-free
619123,0,AH Glutenvrij Vezelrijke bran flakes 3-pack,AH Glutenvrij,glutenvrij,Glutenvrij,Glutenvrije ontbijtgranen overig,8.52,8.97,5.0,5% volume voordeel,,,3 stuks,,True,AHOO,5% volume voordeel,2026-08-09,2999-12-31,,True,AH,https://www.ah.nl/producten/product/wi619123,2026-08-09,AH Glutenvrij Vezelrijke bran flakes 3-pack,gluten-free
495975,792198,Schnitzer Baguette grainy,Schnitzer,glutenvrij,Bakkerij,Glutenvrij afbakbrood,2.49,2.49,,,,,160 g,prijs per kg €15.56,False,,,,,B,True,AH,https://www.ah.nl/producten/product/wi495975,2026-08-09,Schnitzer Baguette grainy,gluten-free
617251,0,AH Glutenvrij Double cookies 3-pack,AH Glutenvrij,glutenvrij,"Koek, snoep, chocolade",Glutenvrije koekjes,7.38,7.77,5.0,5% volume voordeel,,,3 stuks,,True,AHOO,5% volume voordeel,2026-08-09,2999-12-31,,True,AH,https://www.ah.nl/producten/product/wi617251,2026-08-09,AH Gluten-free Double cookies 3-pack,gluten-free
228451,820426,Schär Wraps glutenvrij,Schär,glutenvrij,Glutenvrij,Glutenvrije wraps,3.49,3.49,,,,,160 g,prijs per kg €21.81,False,,,,,C,True,AH,https://www.ah.nl/producten/product/wi228451,2026-08-09,Schär Wraps gluten-free,gluten-free
395080,846791,Verkade Glutenvrije oaties naturel,Verkade,glutenvrij,"Koek, snoep, chocolade",Glutenvrije koekjes,3.49,3.49,,,,,150 g,prijs per kg €23.27,False,,,,,E,True,AH,https://www.ah.nl/producten/product/wi395080,2026-08-09,Verkade Glutenvrije oaties naturel,gluten-free
407854,853129,AH Glutenvrij Speculaas,AH Glutenvrij,glutenvrij,"Koek, snoep, chocolade",Glutenvrije koekjes,2.59,2.59,,,,,125 g,prijs per kg €20.72,False,,,,,E,True,AH,https://www.ah.nl/producten/product/wi407854,2026-08-09,AH Glutenvrij Speculaas,gluten-free
494108,748773,Schär Madeleines glutenvrij,Schär,glutenvrij,"Koek, snoep, chocolade",Glutenvrije koekjes,3.99,3.99,,,,,240 g,prijs per kg €16.63,False,,,,,D,True,AH,https://www.ah.nl/producten/product/wi494108,2026-08-09,Schär Madeleines gluten-free,gluten-free
589586,36306,AH Glutenvrij Kaas-ui bollen,AH Glutenvrij,glutenvrij,Bakkerij,"Glutenvrije bolletjes, broodjes, croissants",2.49,2.49,,,,,2 stuks,,False,,,,,C,True,AH,https://www.ah.nl/producten/product/wi589586,2026-08-09,AH Gluten-free Cheese-onion balls,gluten-free
595669,0,AH Glutenvrij Volkoren havervlokken 2-pack,AH Glutenvrij,glutenvrij,Glutenvrij,Glutenvrije havermout en pap,5.61,5.78,3.0,3% volume voordeel,,,2 stuks,,True,AHOO,3% volume voordeel,2026-08-09,2999-12-31,,True,AH,https://www.ah.nl/producten/product/wi595669,2026-08-09,AH Glutenvrij Volkoren havervlokken 2-pack,gluten-free
584983,28144,Lay's Mega box 20-pack,Lay's,borrel-chips-snacks,"Borrel, chips, snacks",Uitdeelzakjes chips,7.99,7.99,,,,,20 stuks,,False,,,,,D,True,AH,https://www.ah.nl/producten/product/wi584983,2026-08-09,Lay's Mega box 20-pack,drinks-chips-snacks
608536,65432,Beemster Kaassalade,Beemster,borrel-chips-snacks,"Borrel, chips, snacks",Kaassalades,3.79,3.79,,,,,140 g,prijs per kg €27.07,False,,,,,E,True,AH,https://www.ah.nl/producten/product/wi608536,2026-08-09,Beemster Cheese Salad,drinks-chips-snacks
217297,807589,AH Groene pesto,AH,borrel-chips-snacks,"Borrel, chips, snacks",Pesto (vers),1.9967,2.99,33.2,3 voor 5.99,5.99,3.0,90 g,normale prijs per kg €33.22,True,AH,3 VOOR 5.99,2026-08-03,2026-08-09,D,True,AH,https://www.ah.nl/producten/product/wi217297,2026-08-09,AH Green pesto,drinks-chips-snacks
526381,29033,Lay's Naturel,Lay's,borrel-chips-snacks,"Borrel, chips, snacks",Naturel chips,2.19,2.19,,,,,200 g,prijs per kg €10.95,False,,,,,D,True,AH,https://www.ah.nl/producten/product/wi526381,2026-08-09,Lay's Natural,drinks-chips-snacks
608535,65431,Beemster Kaastapenade,Beemster,borrel-chips-snacks,"Borrel, chips, snacks",Kaassalades,3.79,3.79,,,,,140 g,prijs per kg €27.07,False,,,,,E,True,AH,https://www.ah.nl/producten/product/wi608535,2026-08-09,Beemster Cheese Tapenade,drinks-chips-snacks
614362,0,Lay's Naturel 3-pack,Lay's,borrel-chips-snacks,"Borrel, chips, snacks",Naturel chips,5.91,6.57,10.0,10% volume voordeel,,,3 stuks,,True,AHOO,10% volume voordeel,2026-08-09,2999-12-31,,True,AH,https://www.ah.nl/producten/product/wi614362,2026-08-09,Lay's Natural 3-pack,drinks-chips-snacks
526382,29857,Lay's Paprika,Lay's,borrel-chips-snacks,"Borrel, chips, snacks",Paprika chips,2.19,2.19,,,,,200 g,prijs per kg €10.95,False,,,,,C,True,AH,https://www.ah.nl/producten/product/wi526382,2026-08-09,Lay's Paprika,drinks-chips-snacks
614363,0,Lay's Paprika 3-pack,Lay's,borrel-chips-snacks,"Borrel, chips, snacks",Paprika chips,5.91,6.57,10.0,10% volume voordeel,,,3 stuks,,True,AHOO,10% volume voordeel,2026-08-09,2999-12-31,,True,AH,https://www.ah.nl/producten/product/wi614363,2026-08-09,Lay's Paprika 3-pack,drinks-chips-snacks
516968,44372,Lay's Max paprika,Lay's,borrel-chips-snacks,"Borrel, chips, snacks",Smaakvarianten chips,1.99,1.99,,,,,185 g,prijs per kg €10.76,False,,,,,D,True,AH,https://www.ah.nl/producten/product/wi516968,2026-08-09,Lay's Max paprika,drinks-chips-snacks
614356,0,Lay's Max paprika 2-pack,Lay's,borrel-chips-snacks,"Borrel, chips, snacks",Smaakvarianten chips,3.78,3.98,5.0,5% volume voordeel,,,2 stuks,,True,AHOO,5% volume voordeel,2026-08-09,2999-12-31,,True,AH,https://www.ah.nl/producten/product/wi614356,2026-08-09,Lay's Max paprika 2-pack,drinks-chips-snacks
2432,527935,LU Mini crackers olijfolie & oregano,LU,borrel-chips-snacks,Bakkerij,Toast crackers,2.19,2.19,,,,,250 g,prijs per kg €8.76,False,,,,,E,True,AH,https://www.ah.nl/producten/product/wi2432,2026-08-09,LU Mini crackers olive oil & oregano,drinks-chips-snacks
229807,823390,Lay's Bugles nacho cheese,Lay's,borrel-chips-snacks,"Borrel, chips, snacks",Vormpjes chips,1.495,2.25,33.6,2 voor 2.99,2.99,2.0,125 g,normale prijs per kg €18.00,True,AH,2 voor 2.99,2026-08-10,2026-08-16,D,True,AH,https://www.ah.nl/producten/product/wi229807,2026-08-09,Lay's Bugles nacho cheese,drinks-chips-snacks
614348,0,Lay's Bugles nacho cheese 3-pack,Lay's,borrel-chips-snacks,"Borrel, chips, snacks",Vormpjes chips,6.07,6.75,10.0,10% volume voordeel,,,3 stuks,,True,AHOO,10% volume voordeel,2026-08-09,2026-08-09,,True,AH,https://www.ah.nl/producten/product/wi614348,2026-08-09,Lay's Bugles nacho cheese 3-pack,drinks-chips-snacks
526385,30920,Lay's Naturel value pack,Lay's,borrel-chips-snacks,"Borrel, chips, snacks",Naturel chips,2.245,2.69,16.5,2 voor 4.49,4.49,2.0,300 g,normale prijs per kg €8.97,True,AH,2 VOOR 4.49,2026-08-03,2026-08-09,D,True,AH,https://www.ah.nl/producten/product/wi526385,2026-08-09,Lay's Naturel value pack,drinks-chips-snacks
601035,0,Lay's Naturel value pack 2-pack,Lay's,borrel-chips-snacks,"Borrel, chips, snacks",Naturel chips,4.49,5.38,16.5,pakketkorting,,,2 stuks,,True,AHOO,,2026-08-09,2026-08-09,,True,AH,https://www.ah.nl/producten/product/wi601035,2026-08-09,Lay's Naturel value pack 2-pack,drinks-chips-snacks
526386,30923,Lay's Paprika flavour value pack,Lay's,borrel-chips-snacks,"Borrel, chips, snacks",Paprika chips,2.245,2.69,16.5,2 voor 4.49,4.49,2.0,300 g,normale prijs per kg €8.97,True,AH,2 VOOR 4.49,2026-08-03,2026-08-09,C,True,AH,https://www.ah.nl/producten/product/wi526386,2026-08-09,Lay's Paprika flavour value pack,drinks-chips-snacks
601036,0,Lay's Paprika flavour value pack 2-pack,Lay's,borrel-chips-snacks,"Borrel, chips, snacks",Paprika chips,4.49,5.38,16.5,pakketkorting,,,2 stuks,,True,AHOO,,2026-08-09,2026-08-09,,True,AH,https://www.ah.nl/producten/product/wi601036,2026-08-09,Lay's Paprika flavour value pack 2-pack,drinks-chips-snacks
448457,47368,AH Chips naturel,AH,borrel-chips-snacks,"Borrel, chips, snacks",Naturel chips,0.95,0.95,,,,,250 g,prijs per kg €3.80,False,,,,,D,True,AH,https://www.ah.nl/producten/product/wi448457,2026-08-09,AH Chips naturel,drinks-chips-snacks
516967,44369,Lay's Max naturel,Lay's,borrel-chips-snacks,"Borrel, chips, snacks",Smaakvarianten chips,1.99,1.99,,,,,185 g,prijs per kg €10.76,False,,,,,C,True,AH,https://www.ah.nl/producten/product/wi516967,2026-08-09,Lay's Max naturel,drinks-chips-snacks
614354,0,Lay's Max naturel 2-pack,Lay's,borrel-chips-snacks,"Borrel, chips, snacks",Smaakvarianten chips,3.78,3.98,5.0,5% volume voordeel,,,2 stuks,,True,AHOO,5% volume voordeel,2026-08-09,2999-12-31,,True,AH,https://www.ah.nl/producten/product/wi614354,2026-08-09,Lay's Max naturel 2-pack,drinks-chips-snacks
170655,760028,AH Groene pesto,AH,borrel-chips-snacks,"Borrel, chips, snacks",Pesto in pot,1.15,1.15,,,,,190 g,prijs per kg €6.05,False,,,,,D,True,AH,https://www.ah.nl/producten/product/wi170655,2026-08-09,AH Green pesto,drinks-chips-snacks
611528,0,LU Mini crackers olijfolie & oregano 2-pack,LU,borrel-chips-snacks,Bakkerij,Toast crackers,4.16,4.38,5.0,5% volume voordeel,,,2 stuks,,True,AHOO,5% volume voordeel,2026-08-09,2999-12-31,,True,AH,https://www.ah.nl/producten/product/wi611528,2026-08-09,LU Mini crackers olive oil & oregano 2-pack,drinks-chips-snacks
572388,0,LU Mini crackers olijfolie & oregano 3-pack,LU,borrel-chips-snacks,Bakkerij,Toast crackers,5.91,6.57,10.0,10% volume voordeel,,,3 stuks,,True,AHOO,10% volume voordeel,2026-08-09,2999-12-31,,True,AH,https://www.ah.nl/producten/product/wi572388,2026-08-09,LU Mini crackers olive oil & oregano 3-pack,drinks-chips-snacks
457644,628724,Lay's Oven baked roasted paprika,Lay's,borrel-chips-snacks,"Borrel, chips, snacks","Chips minder vet, zout",2.15,2.15,,,,,150 g,prijs per kg €14.33,False,,,,,C,True,AH,https://www.ah.nl/producten/product/wi457644,2026-08-09,Lay's Oven baked roasted paprika,drinks-chips-snacks
614372,0,Lay's Oven baked roasted paprika 2-pack,Lay's,borrel-chips-snacks,"Borrel, chips, snacks","Chips minder vet, zout",3.87,4.3,10.0,10% volume voordeel,,,2 stuks,,True,AHOO,10% volume voordeel,2026-08-09,2999-12-31,,True,AH,https://www.ah.nl/producten/product/wi614372,2026-08-09,Lay's Oven baked roasted paprika 2-pack,drinks-chips-snacks
387615,845115,Cheetos Nibb-it sticks,Cheetos,borrel-chips-snacks,"Borrel, chips, snacks",Vormpjes chips,1.495,2.09,28.5,2 voor 2.99,2.99,2.0,110 g,normale prijs per kg €19.00,True,AH,2 voor 2.99,2026-08-10,2026-08-16,D,True,AH,https://www.ah.nl/producten/product/wi387615,2026-08-09,Cheetos Nibb-it sticks,drinks-chips-snacks
574349,15316,Lay's Max naturel,Lay's,borrel-chips-snacks,"Borrel, chips, snacks",Naturel chips,2.245,2.99,24.9,2 voor 4.49,4.49,2.0,275 g,normale prijs per kg €10.87,True,AH,2 VOOR 4.49,2026-08-03,2026-08-09,D,True,AH,https://www.ah.nl/producten/product/wi574349,2026-08-09,Lay's Max naturel,drinks-chips-snacks
614355,0,Lay's Max naturel 275 gr 2-pack,Lay's,borrel-chips-snacks,"Borrel, chips, snacks",Naturel chips,4.49,5.98,24.9,pakketkorting,,,2 stuks,,True,AHOO,,2026-08-09,2026-08-09,,True,AH,https://www.ah.nl/producten/product/wi614355,2026-08-09,Lay's Max naturel 275 gr 2-pack,drinks-chips-snacks
448475,535486,AH Ribbelchips naturel,AH,borrel-chips-snacks,"Borrel, chips, snacks",Naturel chips,1.25,1.25,,,,,250 g,prijs per kg €5.00,False,,,,,D,True,AH,https://www.ah.nl/producten/product/wi448475,2026-08-09,AH Ribbelchips naturel,drinks-chips-snacks
574596,15872,Lay's Max paprika,Lay's,borrel-chips-snacks,"Borrel, chips, snacks",Paprika chips,2.245,2.99,24.9,2 voor 4.49,4.49,2.0,275 g,normale prijs per kg €10.87,True,AH,2 VOOR 4.49,2026-08-03,2026-08-09,D,True,AH,https://www.ah.nl/producten/product/wi574596,2026-08-09,Lay's Max paprika,drinks-chips-snacks
614357,0,Lay's Max paprika 275 gr 2-pack,Lay's,borrel-chips-snacks,"Borrel, chips, snacks",Paprika chips,4.49,5.98,24.9,pakketkorting,,,2 stuks,,True,AHOO,,2026-08-09,2026-08-09,,True,AH,https://www.ah.nl/producten/product/wi614357,2026-08-09,Lay's Max paprika 275 gr 2-pack,drinks-chips-snacks
448430,530412,Bolletje Zoute pepsels,Bolletje,borrel-chips-snacks,"Borrel, chips, snacks",Pretzels,1.29,1.29,,,,,180 g,prijs per kg €7.17,False,,,,,E,True,AH,https://www.ah.nl/producten/product/wi448430,2026-08-09,Bolletje Zoute pepsels,drinks-chips-snacks
167333,643929,Lay's Sensations Thai sweet chilli,Lay's,borrel-chips-snacks,"Borrel, chips, snacks",Luxe chips,2.45,2.45,,,,,150 g,prijs per kg €16.33,False,,,,,C,True,AH,https://www.ah.nl/producten/product/wi167333,2026-08-09,Lay's Sensations Thai sweet chilli,drinks-chips-snacks
614367,0,Lay's Sensations Thai sweet chilli 2-pack,Lay's,borrel-chips-snacks,"Borrel, chips, snacks",Luxe chips,4.41,4.9,10.0,10% volume voordeel,,,2 stuks,,True,AHOO,10% volume voordeel,2026-08-09,2999-12-31,,True,AH,https://www.ah.nl/producten/product/wi614367,2026-08-09,Lay's Sensations Thai sweet chilli 2-pack,drinks-chips-snacks
196226,796801,Chio Heartbreakers classic,Chio,borrel-chips-snacks,"Borrel, chips, snacks",Naturel chips,1.99,1.99,,,,,125 g,prijs per kg €15.92,False,,,,,D,True,AH,https://www.ah.nl/producten/product/wi196226,2026-08-09,Chio Heartbreakers classic,drinks-chips-snacks
586001,0,Chio Heartbreakers classic 3-pack,Chio,borrel-chips-snacks,"Borrel, chips, snacks",Naturel chips,5.37,5.97,10.0,10% volume voordeel,,,3 stuks,,True,AHOO,10% volume voordeel,2026-08-09,2999-12-31,,True,AH,https://www.ah.nl/producten/product/wi586001,2026-08-09,Chio Heartbreakers classic 3-pack,drinks-chips-snacks
612848,0,Chio Heartbreakers classic 4-pack,Chio,borrel-chips-snacks,"Borrel, chips, snacks",Naturel chips,6.77,7.96,15.0,15% volume voordeel,,,4 stuks,,True,AHOO,15% volume voordeel,2026-08-09,2999-12-31,,True,AH,https://www.ah.nl/producten/product/wi612848,2026-08-09,Chio Heartbreakers classic 4-pack,drinks-chips-snacks
62912,527938,LU Mini crackers naturel,LU,borrel-chips-snacks,Bakkerij,Toast crackers,2.29,2.29,,,,,250 g,prijs per kg €9.16,False,,,,,D,True,AH,https://www.ah.nl/producten/product/wi62912,2026-08-09,LU Mini crackers natural,drinks-chips-snacks
449006,708970,AH Tortilla chips naturel,AH,borrel-chips-snacks,"Borrel, chips, snacks",Tortilla chips,0.75,0.75,,,,,200 g,prijs per kg €3.75,False,,,,,C,True,AH,https://www.ah.nl/producten/product/wi449006,2026-08-09,AH Tortilla chips naturel,drinks-chips-snacks
3256,71092,Tuc Original,Tuc,borrel-chips-snacks,"Borrel, chips, snacks",Zoute sticks,1.05,1.05,,1 + 1 gratis,,1.0,100 g,normale prijs per kg €10.50,True,AH,1 + 1 gratis,2026-08-10,2026-08-16,E,True,AH,https://www.ah.nl/producten/product/wi3256,2026-08-09,Tuc Original,drinks-chips-snacks
611565,0,Tuc Original 2-pack,Tuc,borrel-chips-snacks,"Borrel, chips, snacks",Zoute sticks,1.99,2.1,5.0,5% volume voordeel,,,2 stuks,,True,AHOO,5% volume voordeel,2026-08-09,2026-08-09,,True,AH,https://www.ah.nl/producten/product/wi611565,2026-08-09,Tuc Original 2-pack,drinks-chips-snacks
457645,628977,Lay's Oven baked naturel,Lay's,borrel-chips-snacks,"Borrel, chips, snacks","Chips minder vet, zout",2.15,2.15,,,,,150 g,prijs per kg €14.33,False,,,,,C,True,AH,https://www.ah.nl/producten/product/wi457645,2026-08-09,Lay's Oven baked natural,drinks-chips-snacks
614371,0,Lay's Oven baked naturel 2-pack,Lay's,borrel-chips-snacks,"Borrel, chips, snacks","Chips minder vet, zout",3.87,4.3,10.0,10% volume voordeel,,,2 stuks,,True,AHOO,10% volume voordeel,2026-08-09,2999-12-31,,True,AH,https://www.ah.nl/producten/product/wi614371,2026-08-09,Lay's Oven baked naturel 2-pack,drinks-chips-snacks
477619,731093,Duyvis Borrelnootjes cocktail,Duyvis,borrel-chips-snacks,"Borrel, chips, snacks",Borrel noten,2.29,2.29,,,,,275 g,prijs per kg €8.33,False,,,,,D,True,AH,https://www.ah.nl/producten/product/wi477619,2026-08-09,Duyvis Borrelnootjes cocktail,drinks-chips-snacks
233277,826097,Pringles Paprika,Pringles,borrel-chips-snacks,"Borrel, chips, snacks",Paprika chips,2.69,2.69,,,,,165 g,prijs per kg €16.30,False,,,,,D,True,AH,https://www.ah.nl/producten/product/wi233277,2026-08-09,Pringles Paprika,drinks-chips-snacks
615547,0,Pringles Paprika 3-pack,Pringles,borrel-chips-snacks,"Borrel, chips, snacks",Paprika chips,7.67,8.07,5.0,5% volume voordeel,,,3 stuks,,True,AHOO,5% volume voordeel,2026-08-09,2999-12-31,,True,AH,https://www.ah.nl/producten/product/wi615547,2026-08-09,Pringles Paprika 3-pack,drinks-chips-snacks
526750,26535,Jimmy's Popcorn sweet & salt,Jimmy's,borrel-chips-snacks,"Borrel, chips, snacks",Popcorn,1.99,1.99,,1 + 1 gratis,,1.0,100 g,normale prijs per kg €19.90,True,AH,1 + 1 gratis,2026-08-10,2026-08-16,E,True,AH,https://www.ah.nl/producten/product/wi526750,2026-08-09,Jimmy's Popcorn sweet & salt,drinks-chips-snacks
32655,509080,AH Mini crackers naturel,AH,borrel-chips-snacks,Bakkerij,Toast crackers,1.49,1.49,,,,,250 g,prijs per kg €5.96,False,,,,,D,True,AH,https://www.ah.nl/producten/product/wi32655,2026-08-09,AH Mini crackers naturel,drinks-chips-snacks
615548,0,Pringles Paprika 5-pack,Pringles,borrel-chips-snacks,"Borrel, chips, snacks",Paprika chips,12.1,13.45,10.0,10% volume voordeel,,,5 stuks,,True,AHOO,10% volume voordeel,2026-08-09,2999-12-31,,True,AH,https://www.ah.nl/producten/product/wi615548,2026-08-09,Pringles Paprika 5-pack,drinks-chips-snacks
193683,796807,Chio Pom-bär original,Chio,borrel-chips-snacks,"Borrel, chips, snacks",Naturel chips,1.79,1.79,,,,,90 g,prijs per kg €19.89,False,,,,,D,True,AH,https://www.ah.nl/producten/product/wi193683,2026-08-09,Chio Pom-bär original,drinks-chips-snacks
397907,848393,AH Terra Walnoten ongebrand,AH Terra,borrel-chips-snacks,"Borrel, chips, snacks",Walnoten,2.65,2.65,,,,,200 g,prijs per kg €13.25,False,,,,,A,True,AH,https://www.ah.nl/producten/product/wi397907,2026-08-09,AH Terra Walnoten ongebrand,drinks-chips-snacks
614330,0,Duyvis Borrelnootjes cocktail 2-pack,Duyvis,borrel-chips-snacks,"Borrel, chips, snacks",Borrel noten,4.12,4.58,10.0,10% volume voordeel,,,2 stuks,,True,AHOO,10% volume voordeel,2026-08-09,2999-12-31,,True,AH,https://www.ah.nl/producten/product/wi614330,2026-08-09,Duyvis Borrelnootjes cocktail 2-pack,drinks-chips-snacks
506602,681701,Lay's Hamka's original,Lay's,borrel-chips-snacks,"Borrel, chips, snacks",Vormpjes chips,1.495,1.99,24.9,2 voor 2.99,2.99,2.0,125 g,normale prijs per kg €15.92,True,AH,2 voor 2.99,2026-08-10,2026-08-16,D,True,AH,https://www.ah.nl/producten/product/wi506602,2026-08-09,Lay's Hamka's original,drinks-chips-snacks
611526,0,LU Mini crackers naturel 2-pack,LU,borrel-chips-snacks,Bakkerij,Toast crackers,4.35,4.58,5.0,5% volume voordeel,,,2 stuks,,True,AHOO,5% volume voordeel,2026-08-09,2999-12-31,,True,AH,https://www.ah.nl/producten/product/wi611526,2026-08-09,LU Mini crackers natural 2-pack,drinks-chips-snacks
586003,0,Chio Pom-bär original 3-pack,Chio,borrel-chips-snacks,"Borrel, chips, snacks",Naturel chips,4.83,5.37,10.0,10% volume voordeel,,,3 stuks,,True,AHOO,10% volume voordeel,2026-08-09,2999-12-31,,True,AH,https://www.ah.nl/producten/product/wi586003,2026-08-09,Chio Pom-bär original 3-pack,drinks-chips-snacks
57521,752272,Doritos Nacho cheese,Doritos,borrel-chips-snacks,"Borrel, chips, snacks",Tortilla chips,1.89,1.89,,,,,170 g,prijs per kg €11.12,False,,,,,C,True,AH,https://www.ah.nl/producten/product/wi57521,2026-08-09,Doritos Nacho cheese,drinks-chips-snacks
614327,0,Doritos Nacho cheese 3-pack,Doritos,borrel-chips-snacks,"Borrel, chips, snacks",Tortilla chips,5.1,5.67,10.0,10% volume voordeel,,,3 stuks,,True,AHOO,10% volume voordeel,2026-08-09,2999-12-31,,True,AH,https://www.ah.nl/producten/product/wi614327,2026-08-09,Doritos Nacho cheese 3-pack,drinks-chips-snacks
614361,0,Lay's Mega box 40-pack,Lay's,borrel-chips-snacks,"Borrel, chips, snacks",Uitdeelzakjes chips,12.78,15.98,20.0,20% volume voordeel,,,2 stuks,,True,AHOO,20% volume voordeel,2026-08-09,2999-12-31,,True,AH,https://www.ah.nl/producten/product/wi614361,2026-08-09,Lay's Mega box 40-pack,drinks-chips-snacks
612855,0,Chio Pom-bär original 4-pack,Chio,borrel-chips-snacks,"Borrel, chips, snacks",Naturel chips,6.09,7.16,15.0,15% volume voordeel,,,4 stuks,,True,AHOO,15% volume voordeel,2026-08-09,2999-12-31,,True,AH,https://www.ah.nl/producten/product/wi612855,2026-08-09,Chio Pom-bär original 4-pack,drinks-chips-snacks
460618,713249,AH Terra Ongebrande notenmix,AH Terra,borrel-chips-snacks,"Borrel, chips, snacks",Notenmix,5.95,5.95,,,,,500 g,prijs per kg €11.90,False,,,,,,True,AH,https://www.ah.nl/producten/product/wi460618,2026-08-09,AH Terra Ongebrande notenmix,drinks-chips-snacks
614331,0,Duyvis Borrelnootjes cocktail 4-pack,Duyvis,borrel-chips-snacks,"Borrel, chips, snacks",Borrel noten,7.33,9.16,20.0,20% volume voordeel,,,4 stuks,,True,AHOO,20% volume voordeel,2026-08-09,2999-12-31,,True,AH,https://www.ah.nl/producten/product/wi614331,2026-08-09,Duyvis Borrelnootjes cocktail 4-pack,drinks-chips-snacks
193451,794126,Johma Kip-samba salade,Johma,borrel-chips-snacks,"Borrel, chips, snacks",Kipsalades (beleg),1.9967,3.19,37.4,3 stuks 5.99,5.99,3.0,175 g,normale prijs per kg €18.23,True,AH,3 stapelen voor 5.99,2026-08-10,2026-08-16,D,True,AH,https://www.ah.nl/producten/product/wi193451,2026-08-09,Johma Kip-samba salade,drinks-chips-snacks
170914,761798,AH Ei salade,AH,borrel-chips-snacks,"Borrel, chips, snacks",Eiersalades (beleg),1.59,1.59,,,,,300 g,prijs per kg €5.30,False,,,,,C,True,AH,https://www.ah.nl/producten/product/wi170914,2026-08-09,AH Egg salad,drinks-chips-snacks
584737,0,LU Mini crackers naturel 3-pack,LU,borrel-chips-snacks,Bakkerij,Toast crackers,6.18,6.87,10.0,10% volume voordeel,,,3 stuks,,True,AHOO,10% volume voordeel,2026-08-09,2999-12-31,,True,AH,https://www.ah.nl/producten/product/wi584737,2026-08-09,LU Mini crackers natural 3-pack,drinks-chips-snacks
598377,0,AH Pestosaus groen 2-pack,AH,borrel-chips-snacks,"Borrel, chips, snacks",Pesto (vers),4.78,4.98,4.0,4% volume voordeel,,,2 stuks,,True,AHOO,4% volume voordeel,2026-08-09,2999-12-31,,True,AH,https://www.ah.nl/producten/product/wi598377,2026-08-09,AH Pestosaus groen 2-pack,drinks-chips-snacks
233276,826096,Pringles Original,Pringles,borrel-chips-snacks,"Borrel, chips, snacks",Naturel chips,2.69,2.69,,,,,165 g,prijs per kg €16.30,False,,,,,D,True,AH,https://www.ah.nl/producten/product/wi233276,2026-08-09,Pringles Original,drinks-chips-snacks
611527,0,LU Mini crackers naturel 4-pack,LU,borrel-chips-snacks,Bakkerij,Toast crackers,8.06,9.16,12.0,12% volume voordeel,,,4 stuks,,True,AHOO,12% volume voordeel,2026-08-09,2999-12-31,,True,AH,https://www.ah.nl/producten/product/wi611527,2026-08-09,LU Mini crackers natural 4-pack,drinks-chips-snacks
230456,806500,AH Scrocchi zeezout,AH,borrel-chips-snacks,"Borrel, chips, snacks",Luxe toast,2.0,2.19,8.7,2 voor 4.00,4.0,2.0,200 g,normale prijs per kg €10.95,True,AH,2 VOOR 4.00,2026-08-03,2026-08-09,D,True,AH,https://www.ah.nl/producten/product/wi230456,2026-08-09,AH Scrocchi zeezout,drinks-chips-snacks
615545,0,Pringles Original 3-pack,Pringles,borrel-chips-snacks,"Borrel, chips, snacks",Naturel chips,7.67,8.07,5.0,5% volume voordeel,,,3 stuks,,True,AHOO,5% volume voordeel,2026-08-09,2999-12-31,,True,AH,https://www.ah.nl/producten/product/wi615545,2026-08-09,Pringles Original 3-pack,drinks-chips-snacks
613281,69647,Lay's Bugles nacho cheese,Lay's,borrel-chips-snacks,"Borrel, chips, snacks",Vormpjes chips,2.245,2.89,22.3,2 voor 4.49,4.49,2.0,170 g,normale prijs per kg €17.00,True,AH,2 VOOR 4.49,2026-08-03,2026-08-09,D,True,AH,https://www.ah.nl/producten/product/wi613281,2026-08-09,Lay's Bugles nacho cheese,drinks-chips-snacks
187874,783891,AH Zoute popcorn,AH,borrel-chips-snacks,"Borrel, chips, snacks",Popcorn,0.89,0.89,,,,,100 g,prijs per kg €8.90,False,,,,,C,True,AH,https://www.ah.nl/producten/product/wi187874,2026-08-09,AH Zoute popcorn,drinks-chips-snacks
615546,0,Pringles Original 5-pack,Pringles,borrel-chips-snacks,"Borrel, chips, snacks",Naturel chips,12.1,13.45,10.0,10% volume voordeel,,,5 stuks,,True,AHOO,10% volume voordeel,2026-08-09,2999-12-31,,True,AH,https://www.ah.nl/producten/product/wi615546,2026-08-09,Pringles Original 5-pack,drinks-chips-snacks
618229,0,AH Romige brie 60+ 4-pack,AH,borrel-chips-snacks,Kaas,Brie,10.4,11.56,10.0,10% volume voordeel,,,4 stuks,,True,AHOO,10% volume voordeel,2026-08-09,2999-12-31,,True,AH,https://www.ah.nl/producten/product/wi618229,2026-08-09,AH Creamy brie 60+ 4-pack,drinks-chips-snacks
436453,58647,Doritos Nacho cheese,Doritos,borrel-chips-snacks,"Borrel, chips, snacks",Tortilla chips,2.245,2.79,19.5,2 voor 4.49,4.49,2.0,272 g,normale prijs per kg €10.26,True,AH,2 VOOR 4.49,2026-08-03,2026-08-09,C,True,AH,https://www.ah.nl/producten/product/wi436453,2026-08-09,Doritos Nacho cheese,drinks-chips-snacks
600438,0,Doritos Nacho cheese 2-pack,Doritos,borrel-chips-snacks,"Borrel, chips, snacks",Tortilla chips,4.49,5.58,19.5,pakketkorting,,,2 stuks,,True,AHOO,,2026-08-09,2026-08-09,,True,AH,https://www.ah.nl/producten/product/wi600438,2026-08-09,Doritos Nacho cheese 2-pack,drinks-chips-snacks
128265,794681,Croky Paprika,Croky,borrel-chips-snacks,"Borrel, chips, snacks",Paprika chips,2.39,2.39,,,,,200 g,prijs per kg €11.95,False,,,,,D,True,AH,https://www.ah.nl/producten/product/wi128265,2026-08-09,Croky Paprika,drinks-chips-snacks
477621,731095,Duyvis Borrelnootjes provencale,Duyvis,borrel-chips-snacks,"Borrel, chips, snacks",Borrel noten,2.29,2.29,,,,,275 g,prijs per kg €8.33,False,,,,,D,True,AH,https://www.ah.nl/producten/product/wi477621,2026-08-09,Duyvis Borrelnootjes provencale,drinks-chips-snacks
478021,731521,AH Franse roombrie 60+,AH,borrel-chips-snacks,Kaas,Brie,2.0,2.75,27.3,3 voor 6.00,6.0,3.0,155 g,normale prijs per kg €17.74,True,AH,3 VOOR 6.00,2026-08-03,2026-08-09,D,True,AH,https://www.ah.nl/producten/product/wi478021,2026-08-09,AH French cream brie 60+,drinks-chips-snacks
211716,804942,Johma Ei salade,Johma,borrel-chips-snacks,"Borrel, chips, snacks",Eiersalades (beleg),1.9967,3.19,37.4,3 stuks 5.99,5.99,3.0,175 g,normale prijs per kg €18.23,True,AH,3 stapelen voor 5.99,2026-08-10,2026-08-16,D,True,AH,https://www.ah.nl/producten/product/wi211716,2026-08-09,Johma Egg salad,drinks-chips-snacks
183248,754812,AH Geroosterde pijnboompitten,AH,borrel-chips-snacks,"Borrel, chips, snacks",Pijnboompitten,1.99,1.99,,,,,30 g,prijs per kg €66.33,False,,,,,B,True,AH,https://www.ah.nl/producten/product/wi183248,2026-08-09,AH Geroosterde pijnboompitten,drinks-chips-snacks
462684,715084,AH Italiaanse mozzarella di bufala campana,AH,borrel-chips-snacks,Kaas,Mozzarella,1.95,1.95,,,,,260 g,prijs per kg €15.60,False,,,,,D,True,AH,https://www.ah.nl/producten/product/wi462684,2026-08-09,AH Italian mozzarella di bufala campana,drinks-chips-snacks
128264,794680,Croky Bolognese,Croky,borrel-chips-snacks,"Borrel, chips, snacks",Smaakvarianten chips,2.19,2.19,,,,,200 g,prijs per kg €10.95,False,,,,,D,True,AH,https://www.ah.nl/producten/product/wi128264,2026-08-09,Croky Bolognese,drinks-chips-snacks
575897,17602,AH Mini burratine,AH,borrel-chips-snacks,Kaas,Burrata,2.99,2.99,,,,,420 g,,False,,,,,D,True,AH,https://www.ah.nl/producten/product/wi575897,2026-08-09,AH Mini burratine,drinks-chips-snacks
613279,69649,Cheetos Nibbit sticks,Cheetos,borrel-chips-snacks,"Borrel, chips, snacks",Vormpjes chips,2.245,2.99,24.9,2 voor 4.49,4.49,2.0,160 g,normale prijs per kg €18.69,True,AH,2 VOOR 4.49,2026-08-03,2026-08-09,D,True,AH,https://www.ah.nl/producten/product/wi613279,2026-08-09,Cheetos Nibbit sticks,drinks-chips-snacks
614338,0,Duyvis Borrelnootjes provencale 2-pack,Duyvis,borrel-chips-snacks,"Borrel, chips, snacks",Borrel noten,4.12,4.58,10.0,10% volume voordeel,,,2 stuks,,True,AHOO,10% volume voordeel,2026-08-09,2999-12-31,,True,AH,https://www.ah.nl/producten/product/wi614338,2026-08-09,Duyvis Borrelnootjes provencale 2-pack,drinks-chips-snacks
604890,58644,AH Eiersalade bieslook,AH,borrel-chips-snacks,"Borrel, chips, snacks",Eiersalades (beleg),1.9967,2.29,12.8,3 voor 5.99,5.99,3.0,150 g,normale prijs per kg €15.27,True,AH,3 VOOR 5.99,2026-08-03,2026-08-09,D,True,AH,https://www.ah.nl/producten/product/wi604890,2026-08-09,AH Eiersalade bieslook,drinks-chips-snacks
480505,734853,AH Borreltoast zeezout,AH,borrel-chips-snacks,"Borrel, chips, snacks",Luxe toast,2.0,2.39,16.3,2 voor 4.00,4.0,2.0,125 g,normale prijs per kg €19.12,True,AH,2 VOOR 4.00,2026-08-03,2026-08-09,D,True,AH,https://www.ah.nl/producten/product/wi480505,2026-08-09,AH Snack toast sea salt,drinks-chips-snacks
622465,0,AH Eiersalade bieslook 2-pack,AH,borrel-chips-snacks,"Borrel, chips, snacks",Eiersalades (beleg),4.44,4.58,3.0,3% volume voordeel,,,2 stuks,,True,AHOO,3% volume voordeel,2026-08-10,2999-12-31,,True,AH,https://www.ah.nl/producten/product/wi622465,2026-08-09,AH Eiersalade bieslook 2-pack,drinks-chips-snacks
217296,807587,AH Pestospread,AH,borrel-chips-snacks,"Borrel, chips, snacks",Pesto (vers),1.9967,2.19,8.8,3 voor 5.99,5.99,3.0,80 g,normale prijs per kg €27.38,True,AH,3 VOOR 5.99,2026-08-03,2026-08-09,E,True,AH,https://www.ah.nl/producten/product/wi217296,2026-08-09,AH Pestospread,drinks-chips-snacks
582886,25485,AH Ongezouten cashewnoten,AH,borrel-chips-snacks,"Borrel, chips, snacks",Cashewnoten,2.75,2.75,,,,,250 g,prijs per kg €11.00,False,,,,,B,True,AH,https://www.ah.nl/producten/product/wi582886,2026-08-09,AH Ongezouten cashewnoten,drinks-chips-snacks
602582,0,AH Pestospread 2-pack,AH,borrel-chips-snacks,"Borrel, chips, snacks",Pesto (vers),4.25,4.38,3.0,3% volume voordeel,,,2 stuks,,True,AHOO,3% volume voordeel,2026-08-10,2999-12-31,,True,AH,https://www.ah.nl/producten/product/wi602582,2026-08-09,AH Pestospread 2-pack,drinks-chips-snacks
124409,752273,Doritos Sweet chilli pepper,Doritos,borrel-chips-snacks,"Borrel, chips, snacks",Tortilla chips,2.19,2.19,,,,,170 g,prijs per kg €12.88,False,,,,,C,True,AH,https://www.ah.nl/producten/product/wi124409,2026-08-09,Doritos Sweet chilli pepper,drinks-chips-snacks
622466,0,AH Eiersalade bieslook 3-pack,AH,borrel-chips-snacks,"Borrel, chips, snacks",Eiersalades (beleg),5.99,6.87,12.8,pakketkorting,,,3 stuks,,True,AHOO,,2026-08-09,2026-08-09,,True,AH,https://www.ah.nl/producten/product/wi622466,2026-08-09,AH Eiersalade bieslook 3-pack,drinks-chips-snacks
622467,0,AH Eiersalade bieslook 4-pack,AH,borrel-chips-snacks,"Borrel, chips, snacks",Eiersalades (beleg),8.28,9.16,9.6,pakketkorting,,,4 stuks,,True,AHOO,,2026-08-09,2026-08-09,,True,AH,https://www.ah.nl/producten/product/wi622467,2026-08-09,AH Eiersalade bieslook 4-pack,drinks-chips-snacks
620664,0,AH Mini burratine 2-pack,AH,borrel-chips-snacks,Kaas,Burrata,5.86,5.98,2.0,2% volume voordeel,,,2 stuks,,True,AHOO,2% volume voordeel,2026-08-09,2999-12-31,,True,AH,https://www.ah.nl/producten/product/wi620664,2026-08-09,AH Mini burratine 2-pack,drinks-chips-snacks
467589,719260,AH Gezouten pinda's,AH,borrel-chips-snacks,"Borrel, chips, snacks",Pinda's,1.15,1.15,,,,,500 g,prijs per kg €2.30,False,,,,,A,True,AH,https://www.ah.nl/producten/product/wi467589,2026-08-09,AH Salted peanuts,drinks-chips-snacks
397901,848387,AH Terra Ongebrande pecannoten,AH Terra,borrel-chips-snacks,"Borrel, chips, snacks",Pecannoten,4.39,4.39,,,,,200 g,prijs per kg €21.95,False,,,,,B,True,AH,https://www.ah.nl/producten/product/wi397901,2026-08-09,AH Terra Unroasted pecan nuts,drinks-chips-snacks
614339,0,Duyvis Borrelnootjes provencale 4-pack,Duyvis,borrel-chips-snacks,"Borrel, chips, snacks",Borrel noten,7.33,9.16,20.0,20% volume voordeel,,,4 stuks,,True,AHOO,20% volume voordeel,2026-08-09,2999-12-31,,True,AH,https://www.ah.nl/producten/product/wi614339,2026-08-09,Duyvis Borrelnootjes provencale 4-pack,drinks-chips-snacks
575924,17605,Président Extra smeuige brie,Président,borrel-chips-snacks,Kaas,Brie,3.49,3.49,,,,,200 g,prijs per kg €17.45,False,,,,,D,True,AH,https://www.ah.nl/producten/product/wi575924,2026-08-09,Président Extra creamy brie,drinks-chips-snacks
620666,0,AH Mini burratine 4-pack,AH,borrel-chips-snacks,Kaas,Burrata,11.0,11.96,8.0,8% volume voordeel,,,4 stuks,,True,AHOO,8% volume voordeel,2026-08-09,2999-12-31,,True,AH,https://www.ah.nl/producten/product/wi620666,2026-08-09,AH Mini burratine 4-pack,drinks-chips-snacks
526379,28643,Lay's Cheese onion,Lay's,borrel-chips-snacks,"Borrel, chips, snacks",Smaakvarianten chips,2.19,2.19,,,,,200 g,prijs per kg €10.95,False,,,,,C,True,AH,https://www.ah.nl/producten/product/wi526379,2026-08-09,Lay's Cheese onion,drinks-chips-snacks
614350,0,Lay's Cheese onion 3-pack,Lay's,borrel-chips-snacks,"Borrel, chips, snacks",Smaakvarianten chips,5.91,6.57,10.0,10% volume voordeel,,,3 stuks,,True,AHOO,10% volume voordeel,2026-08-09,2999-12-31,,True,AH,https://www.ah.nl/producten/product/wi614350,2026-08-09,Lay's Cheese onion 3-pack,drinks-chips-snacks
605074,59479,AH Spaanse fuet,AH,borrel-chips-snacks,"Borrel, chips, snacks",Borrel vleeswaren,1.9967,2.59,22.9,3 voor 5.99,5.99,3.0,70 g,normale prijs per kg €37.00,True,AH,3 VOOR 5.99,2026-08-03,2026-08-09,E,True,AH,https://www.ah.nl/producten/product/wi605074,2026-08-09,AH Spanish fuet,drinks-chips-snacks
442595,26703,Doritos Sweet chilli pepper,Doritos,borrel-chips-snacks,"Borrel, chips, snacks",Tortilla chips,2.245,2.99,24.9,2 voor 4.49,4.49,2.0,272 g,normale prijs per kg €10.99,True,AH,2 VOOR 4.49,2026-08-03,2026-08-09,C,True,AH,https://www.ah.nl/producten/product/wi442595,2026-08-09,Doritos Sweet chilli pepper,drinks-chips-snacks
164269,635577,Bolletje Pinda pepsels,Bolletje,borrel-chips-snacks,"Borrel, chips, snacks",Pretzels,1.35,1.35,,,,,115 g,prijs per kg €11.74,False,,,,,E,True,AH,https://www.ah.nl/producten/product/wi164269,2026-08-09,Bolletje Pinda pepsels,drinks-chips-snacks
620665,0,AH Mini burratine 3-pack,AH,borrel-chips-snacks,Kaas,Burrata,8.52,8.97,5.0,5% volume voordeel,,,3 stuks,,True,AHOO,5% volume voordeel,2026-08-09,2999-12-31,,True,AH,https://www.ah.nl/producten/product/wi620665,2026-08-09,AH Mini burratine 3-pack,drinks-chips-snacks
413068,856298,Chio Heartbreakers paprika,Chio,borrel-chips-snacks,"Borrel, chips, snacks",Vormpjes chips,1.99,1.99,,,,,125 g,prijs per kg €15.92,False,,,,,D,True,AH,https://www.ah.nl/producten/product/wi413068,2026-08-09,Chio Heartbreakers paprika,drinks-chips-snacks
586002,0,Chio Heartbreakers paprika 3-pack,Chio,borrel-chips-snacks,"Borrel, chips, snacks",Vormpjes chips,5.37,5.97,10.0,10% volume voordeel,,,3 stuks,,True,AHOO,10% volume voordeel,2026-08-09,2999-12-31,,True,AH,https://www.ah.nl/producten/product/wi586002,2026-08-09,Chio Heartbreakers peppers 3-pack,drinks-chips-snacks
457430,73187,Lay's Wokkels paprika,Lay's,borrel-chips-snacks,"Borrel, chips, snacks",Vormpjes chips,1.495,2.29,34.7,2 voor 2.99,2.99,2.0,100 g,normale prijs per kg €22.90,True,AH,2 voor 2.99,2026-08-10,2026-08-16,D,True,AH,https://www.ah.nl/producten/product/wi457430,2026-08-09,Lay's Wokkels paprika,drinks-chips-snacks
238912,825531,AH Biologisch Buffelmozzarella 52+,AH Biologisch,borrel-chips-snacks,Kaas,Mozzarella,2.79,2.79,,,,,300 g,prijs per kg €22.32,False,,,,,C,True,AH,https://www.ah.nl/producten/product/wi238912,2026-08-09,AH Biologisch Buffelmozzarella 52+,drinks-chips-snacks
622411,0,AH Spaanse fuet 2-pack,AH,borrel-chips-snacks,"Borrel, chips, snacks",Borrel vleeswaren,5.02,5.18,3.0,3% volume voordeel,,,2 stuks,,True,AHOO,3% volume voordeel,2026-08-10,2999-12-31,,True,AH,https://www.ah.nl/producten/product/wi622411,2026-08-09,AH Spaanse fuet 2-pack,drinks-chips-snacks
420327,692058,AH Oven kroket,AH,borrel-chips-snacks,Diepvries,Kroket (oven),2.39,2.39,,,,,320 g,prijs per kg €7.47,False,,,,,D,True,AH,https://www.ah.nl/producten/product/wi420327,2026-08-09,AH Oven kroket,drinks-chips-snacks
622412,0,AH Spaanse fuet 3-pack,AH,borrel-chips-snacks,"Borrel, chips, snacks",Borrel vleeswaren,5.99,7.77,22.9,pakketkorting,,,3 stuks,,True,AHOO,,2026-08-09,2026-08-09,,True,AH,https://www.ah.nl/producten/product/wi622412,2026-08-09,AH Spaanse fuet 3-pack,drinks-chips-snacks
622413,0,AH Spaanse fuet 4-pack,AH,borrel-chips-snacks,"Borrel, chips, snacks",Borrel vleeswaren,8.58,10.36,17.2,pakketkorting,,,4 stuks,,True,AHOO,,2026-08-09,2026-08-09,,True,AH,https://www.ah.nl/producten/product/wi622413,2026-08-09,AH Spaanse fuet 4-pack,drinks-chips-snacks
121115,506585,Chavroux Pure geitenkaas,Chavroux,borrel-chips-snacks,Kaas,Geitenkaas (stuk),3.79,3.79,,,,,150 g,prijs per kg €25.27,False,,,,,D,True,AH,https://www.ah.nl/producten/product/wi121115,2026-08-09,Chavroux Pure geitenkaas,drinks-chips-snacks
376545,838059,AH Ei salade,AH,borrel-chips-snacks,"Borrel, chips, snacks",Eiersalades (beleg),2.69,2.69,,,,,175 g,prijs per kg €15.37,False,,,,,D,True,AH,https://www.ah.nl/producten/product/wi376545,2026-08-09,AH Egg salad,drinks-chips-snacks
460465,669381,AH Terra Ongebrande walnoten,AH Terra,borrel-chips-snacks,"Borrel, chips, snacks",Walnoten,6.39,6.39,,,,,500 g,prijs per kg €12.78,False,,,,,A,True,AH,https://www.ah.nl/producten/product/wi460465,2026-08-09,AH Terra Ongebrande walnoten,drinks-chips-snacks
232379,825137,Kwekkeboom Oven & airfryer rundvlees croquetten,Kwekkeboom,borrel-chips-snacks,Diepvries,Kroket (oven),4.59,4.59,,,,,280 g,prijs per kg €16.39,False,,,,,D,True,AH,https://www.ah.nl/producten/product/wi232379,2026-08-09,Kwekkeboom Oven & airfryer rundvlees croquetten,drinks-chips-snacks
559302,687629,AH Macadamiamix gezouten,AH,borrel-chips-snacks,"Borrel, chips, snacks",Macadamianoten,2.3333,2.49,6.3,3 voor 7.00,7.0,3.0,100 g,normale prijs per kg €24.90,True,AH,3 VOOR 7.00,2026-08-03,2026-08-09,C,True,AH,https://www.ah.nl/producten/product/wi559302,2026-08-09,AH Macadamia mix salted,drinks-chips-snacks
506600,680586,Cheetos Chipito kaas,Cheetos,borrel-chips-snacks,"Borrel, chips, snacks",Vormpjes chips,1.495,2.29,34.7,2 voor 2.99,2.99,2.0,125 g,normale prijs per kg €18.32,True,AH,2 voor 2.99,2026-08-10,2026-08-16,D,True,AH,https://www.ah.nl/producten/product/wi506600,2026-08-09,Cheetos Chipito kaas,drinks-chips-snacks
470173,721565,AH Biologisch Pijnboompitten,AH Biologisch,borrel-chips-snacks,"Borrel, chips, snacks",Pijnboompitten,5.49,5.49,,,,,100 g,prijs per kg €54.90,False,,,,,A,True,AH,https://www.ah.nl/producten/product/wi470173,2026-08-09,AH Biologisch Pijnboompitten,drinks-chips-snacks
618723,0,AH Biologisch Pijnboompitten 3-pack,AH Biologisch,borrel-chips-snacks,"Borrel, chips, snacks",Pijnboompitten,15.81,16.47,4.0,4% volume voordeel,,,3 stuks,,True,AHOO,4% volume voordeel,2026-08-09,2999-12-31,,True,AH,https://www.ah.nl/producten/product/wi618723,2026-08-09,AH Organic Pine Nuts 3-pack,drinks-chips-snacks
618724,0,AH Biologisch Pijnboompitten 4-pack,AH Biologisch,borrel-chips-snacks,"Borrel, chips, snacks",Pijnboompitten,20.42,21.96,7.0,7% volume voordeel,,,4 stuks,,True,AHOO,7% volume voordeel,2026-08-09,2999-12-31,,True,AH,https://www.ah.nl/producten/product/wi618724,2026-08-09,AH Biologisch Pijnboompitten 4-pack,drinks-chips-snacks
618725,0,AH Biologisch Pijnboompitten 6-pack,AH Biologisch,borrel-chips-snacks,"Borrel, chips, snacks",Pijnboompitten,29.65,32.94,10.0,10% volume voordeel,,,6 stuks,,True,AHOO,10% volume voordeel,2026-08-09,2999-12-31,,True,AH,https://www.ah.nl/producten/product/wi618725,2026-08-09,AH Organic Pine Nuts 6-pack,drinks-chips-snacks
477910,731530,AH Clemont rouge 60+,AH,borrel-chips-snacks,Kaas,Roodflora kaas,2.0,2.99,33.1,3 voor 6.00,6.0,3.0,150 g,normale prijs per kg €19.93,True,AH,3 VOOR 6.00,2026-08-03,2026-08-09,D,True,AH,https://www.ah.nl/producten/product/wi477910,2026-08-09,AH Clemont blush 60+,drinks-chips-snacks
578189,20411,AH Cocktail borrelnoten,AH,borrel-chips-snacks,"Borrel, chips, snacks",Borrel noten,1.99,1.99,,,,,500 g,prijs per kg €3.98,False,,,,,C,True,AH,https://www.ah.nl/producten/product/wi578189,2026-08-09,AH Cocktail drinks nuts,drinks-chips-snacks
507218,686396,Chio Party mix original,Chio,borrel-chips-snacks,"Borrel, chips, snacks",Pretzels,1.79,1.79,,,,,250 g,prijs per kg €7.16,False,,,,,D,True,AH,https://www.ah.nl/producten/product/wi507218,2026-08-09,Chio Party mix original,drinks-chips-snacks
612854,0,Chio Party mix original 3-pack,Chio,borrel-chips-snacks,"Borrel, chips, snacks",Pretzels,5.1,5.37,5.0,5% volume voordeel,,,3 stuks,,True,AHOO,5% volume voordeel,2026-08-09,2999-12-31,,True,AH,https://www.ah.nl/producten/product/wi612854,2026-08-09,Chio Party mix original 3-pack,drinks-chips-snacks
567265,5514,Gran Pavesi Le sfoglie classiche,Gran Pavesi,borrel-chips-snacks,Bakkerij,Toast crackers,2.85,2.85,,,,,180 g,prijs per kg €15.83,False,,,,,D,True,AH,https://www.ah.nl/producten/product/wi567265,2026-08-09,Gran Pavesi Le sfoglie classiche,drinks-chips-snacks
162763,631936,Philadelphia Bieslook,Philadelphia,borrel-chips-snacks,Kaas,Roomkaas,2.99,2.99,,,,,185 g,prijs per kg €16.16,False,,,,,C,True,AH,https://www.ah.nl/producten/product/wi162763,2026-08-09,Philadelphia Bieslook,drinks-chips-snacks
225345,819622,Barber Cream crackers,Barber,borrel-chips-snacks,Bakkerij,Toast crackers,1.79,1.79,,,,,300 g,prijs per kg €5.97,False,,,,,D,True,AH,https://www.ah.nl/producten/product/wi225345,2026-08-09,Barber Cream crackers,drinks-chips-snacks
389565,846463,LU Mini crackers zout,LU,borrel-chips-snacks,Bakkerij,Toast crackers,2.29,2.29,,,,,250 g,prijs per kg €9.16,False,,,,,E,True,AH,https://www.ah.nl/producten/product/wi389565,2026-08-09,LU Mini salt crackers,drinks-chips-snacks
164341,629936,Westland Rundvlees slaatje voordeelverpakking,Westland,borrel-chips-snacks,"Maaltijden, salades",Slaatjes,4.59,4.59,,,,,560 g,prijs per kg €8.20,False,,,,,C,True,AH,https://www.ah.nl/producten/product/wi164341,2026-08-09,Westland Beef salad value pack,drinks-chips-snacks
188827,634900,AH Kruidenkaas light,AH,borrel-chips-snacks,Kaas,Roomkaas,1.09,1.09,,,,,125 g,prijs per kg €8.72,False,,,,,C,True,AH,https://www.ah.nl/producten/product/wi188827,2026-08-09,AH Herb cheese light,drinks-chips-snacks
613312,69710,Philadelphia Feta komkommer,Philadelphia,borrel-chips-snacks,Kaas,Roomkaas,2.99,2.99,,,,,175 g,prijs per kg €17.09,False,,,,,D,True,AH,https://www.ah.nl/producten/product/wi613312,2026-08-09,Philadelphia Feta cucumber,drinks-chips-snacks
114554,566617,AH Pesto alla genovese,AH,borrel-chips-snacks,"Borrel, chips, snacks",Pesto in pot,1.99,1.99,,,,,2 x 90 g,prijs per kg €11.06,False,,,,,D,True,AH,https://www.ah.nl/producten/product/wi114554,2026-08-09,AH Pesto alla genovese,drinks-chips-snacks
526376,27685,Lay's Patatje joppie,Lay's,borrel-chips-snacks,"Borrel, chips, snacks",Smaakvarianten chips,1.99,1.99,,,,,200 g,prijs per kg €9.95,False,,,,,C,True,AH,https://www.ah.nl/producten/product/wi526376,2026-08-09,Lay's Patatje joppie,drinks-chips-snacks
475409,728024,Bifi The original 7-pack family pack,Bifi,borrel-chips-snacks,"Borrel, chips, snacks",Droge worst - snacks,3.69,3.69,,,,,7 x 20 g,prijs per kg €26.36,False,,,,,E,True,AH,https://www.ah.nl/producten/product/wi475409,2026-08-09,Bifi The original 7-pack family pack,drinks-chips-snacks
589379,0,Bifi The Original 14-pack family pack,Bifi,borrel-chips-snacks,"Borrel, chips, snacks",Droge worst - snacks,7.01,7.38,5.0,5% volume voordeel,,,2 stuks,,True,AHOO,5% volume voordeel,2026-08-09,2999-12-31,,True,AH,https://www.ah.nl/producten/product/wi589379,2026-08-09,Bifi The Original 14-pack family pack,drinks-chips-snacks
203227,797336,Bieze Rauwkost farmer,Bieze,borrel-chips-snacks,"Maaltijden, salades",Rauwkostsalade,1.99,1.99,,,,,250 g,prijs per kg €7.96,False,,,,,C,True,AH,https://www.ah.nl/producten/product/wi203227,2026-08-09,Bieze Rauwkost farmer,drinks-chips-snacks
574348,15315,Lay's Max red sweet chili,Lay's,borrel-chips-snacks,"Borrel, chips, snacks",Smaakvarianten chips,2.49,2.49,,,,,185 g,prijs per kg €13.46,False,,,,,C,True,AH,https://www.ah.nl/producten/product/wi574348,2026-08-09,Lay's Max red sweet chili,drinks-chips-snacks
614359,0,Lay's Max red sweet chili 2-pack,Lay's,borrel-chips-snacks,"Borrel, chips, snacks",Smaakvarianten chips,4.73,4.98,5.0,5% volume voordeel,,,2 stuks,,True,AHOO,5% volume voordeel,2026-08-09,2999-12-31,,True,AH,https://www.ah.nl/producten/product/wi614359,2026-08-09,Lay's Max red sweet chili 2-pack,drinks-chips-snacks
578604,0,AH Pesto alla genovese 2-pack,AH,borrel-chips-snacks,"Borrel, chips, snacks",Pesto in pot,3.82,3.98,4.0,4% volume voordeel,,,2 stuks,,True,AHOO,4% volume voordeel,2026-08-09,2999-12-31,,True,AH,https://www.ah.nl/producten/product/wi578604,2026-08-09,AH Pesto alla genovese 2-pack,drinks-chips-snacks
167334,643930,Lay's Sensations red sweet paprika,Lay's,borrel-chips-snacks,"Borrel, chips, snacks",Luxe chips,2.49,2.49,,,,,150 g,prijs per kg €16.60,False,,,,,C,True,AH,https://www.ah.nl/producten/product/wi167334,2026-08-09,Lay's Sensations red sweet paprika,drinks-chips-snacks
614366,0,Lay's Sensations red sweet paprika 2-pack,Lay's,borrel-chips-snacks,"Borrel, chips, snacks",Luxe chips,4.48,4.98,10.0,10% volume voordeel,,,2 stuks,,True,AHOO,10% volume voordeel,2026-08-09,2999-12-31,,True,AH,https://www.ah.nl/producten/product/wi614366,2026-08-09,Lay's Sensations red sweet paprika 2-pack,drinks-chips-snacks
611558,0,Philadelphia Bieslook 2-pack,Philadelphia,borrel-chips-snacks,Kaas,Roomkaas,5.68,5.98,5.0,5% volume voordeel,,,2 stuks,,True,AHOO,5% volume voordeel,2026-08-09,2999-12-31,,True,AH,https://www.ah.nl/producten/product/wi611558,2026-08-09,Philadelphia Bieslook 2-pack,drinks-chips-snacks
590123,0,Liga Cracotte Crackers Naturel 3-pack,Liga,borrel-chips-snacks,Kaas,Roomkaas,6.24,6.57,5.0,5% volume voordeel,,,3 stuks,,True,AHOO,5% volume voordeel,2026-08-09,2999-12-31,,True,AH,https://www.ah.nl/producten/product/wi590123,2026-08-09,Liga Cracotte Crackers Natural 3-pack,drinks-chips-snacks
164268,635576,Bolletje Kaas pepsels,Bolletje,borrel-chips-snacks,"Borrel, chips, snacks",Pretzels,1.39,1.39,,,,,115 g,prijs per kg €12.09,False,,,,,E,True,AH,https://www.ah.nl/producten/product/wi164268,2026-08-09,Bolletje Cheese pepsels,drinks-chips-snacks
233288,826110,Proper Sweet & salty popcorn,Proper,borrel-chips-snacks,"Borrel, chips, snacks",Popcorn,2.49,2.49,,1 + 1 gratis,,1.0,90 g,normale prijs per kg €27.67,True,AH,1 + 1 gratis,2026-08-10,2026-08-16,C,True,AH,https://www.ah.nl/producten/product/wi233288,2026-08-09,Proper Sweet & salty popcorn,drinks-chips-snacks
604904,58673,AH Aioli,AH,borrel-chips-snacks,"Borrel, chips, snacks",Aioli,1.9967,2.39,16.5,3 voor 5.99,5.99,3.0,175 g,normale prijs per kg €13.66,True,AH,3 VOOR 5.99,2026-08-03,2026-08-09,E,True,AH,https://www.ah.nl/producten/product/wi604904,2026-08-09,AH Aioli,drinks-chips-snacks
553924,547966,Croky Paprika,Croky,borrel-chips-snacks,"Borrel, chips, snacks",Paprika chips,2.69,2.69,,,,,300 g,prijs per kg €8.97,False,,,,,D,True,AH,https://www.ah.nl/producten/product/wi553924,2026-08-09,Croky Paprika,drinks-chips-snacks
163074,632852,Lay's Mama mia's cheese & paprika,Lay's,borrel-chips-snacks,"Borrel, chips, snacks",Vormpjes chips,1.495,2.49,40.0,2 voor 2.99,2.99,2.0,125 g,normale prijs per kg €19.92,True,AH,2 voor 2.99,2026-08-10,2026-08-16,D,True,AH,https://www.ah.nl/producten/product/wi163074,2026-08-09,Lay's Mama mia's cheese & paprika,drinks-chips-snacks
622432,0,AH Aioli 2-pack,AH,borrel-chips-snacks,"Borrel, chips, snacks",Aioli,4.64,4.78,3.0,3% volume voordeel,,,2 stuks,,True,AHOO,3% volume voordeel,2026-08-10,2999-12-31,,True,AH,https://www.ah.nl/producten/product/wi622432,2026-08-09,AH Aioli 2-pack,drinks-chips-snacks
604908,58677,AH Mascarpone roomkaas chili dip,AH,borrel-chips-snacks,"Borrel, chips, snacks",Dipsaus (vers),1.9967,2.49,19.8,3 voor 5.99,5.99,3.0,110 g,normale prijs per kg €22.64,True,AH,3 VOOR 5.99,2026-08-03,2026-08-09,E,True,AH,https://www.ah.nl/producten/product/wi604908,2026-08-09,AH Mascarpone cream cheese chili dip,drinks-chips-snacks
611529,0,LU Mini crackers zout 2-pack,LU,borrel-chips-snacks,Bakkerij,Toast crackers,4.35,4.58,5.0,5% volume voordeel,,,2 stuks,,True,AHOO,5% volume voordeel,2026-08-09,2999-12-31,,True,AH,https://www.ah.nl/producten/product/wi611529,2026-08-09,LU Mini crackers zout 2-pack,drinks-chips-snacks
622433,0,AH Aioli 3-pack,AH,borrel-chips-snacks,"Borrel, chips, snacks",Aioli,5.99,7.17,16.5,pakketkorting,,,3 stuks,,True,AHOO,,2026-08-09,2026-08-09,,True,AH,https://www.ah.nl/producten/product/wi622433,2026-08-09,AH Aioli 3-pack,drinks-chips-snacks
226590,807368,Topking Vlam tosti 2-pack,Topking,borrel-chips-snacks,Diepvries,Diepvries tosti's,3.49,3.49,,,,,240 g,prijs per kg €14.54,False,,,,,D,True,AH,https://www.ah.nl/producten/product/wi226590,2026-08-09,Topking Flame sandwich 2-pack,drinks-chips-snacks
622434,0,AH Aioli 4-pack,AH,borrel-chips-snacks,"Borrel, chips, snacks",Aioli,8.38,9.56,12.3,pakketkorting,,,4 stuks,,True,AHOO,,2026-08-09,2026-08-09,,True,AH,https://www.ah.nl/producten/product/wi622434,2026-08-09,AH Aioli 4-pack,drinks-chips-snacks
622478,0,AH Mascarpone roomkaas chili dip 2-pack,AH,borrel-chips-snacks,"Borrel, chips, snacks",Dipsaus (vers),4.83,4.98,3.0,3% volume voordeel,,,2 stuks,,True,AHOO,3% volume voordeel,2026-08-10,2999-12-31,,True,AH,https://www.ah.nl/producten/product/wi622478,2026-08-09,AH Mascarpone cream cheese chili dip 2-pack,drinks-chips-snacks
170654,760024,AH Pesto rosso,AH,borrel-chips-snacks,"Borrel, chips, snacks",Pesto in pot,1.15,1.15,,,,,190 g,prijs per kg €6.05,False,,,,,D,True,AH,https://www.ah.nl/producten/product/wi170654,2026-08-09,AH Pesto rosso,drinks-chips-snacks
160607,627255,Cheestrings Original,Cheestrings,borrel-chips-snacks,Kaas,Kaasblokjes,3.69,3.69,,,,,8 x 20 g,prijs per kg €23.06,False,,,,,D,True,AH,https://www.ah.nl/producten/product/wi160607,2026-08-09,Cheestrings Original,drinks-chips-snacks
167332,643928,Lay's Sensations Mexican peppers & cream,Lay's,borrel-chips-snacks,"Borrel, chips, snacks",Luxe chips,2.49,2.49,,,,,150 g,prijs per kg €16.60,False,,,,,C,True,AH,https://www.ah.nl/producten/product/wi167332,2026-08-09,Lay's Sensations Mexican peppers & cream,drinks-chips-snacks
611559,0,Philadelphia Bieslook 3-pack,Philadelphia,borrel-chips-snacks,Kaas,Roomkaas,8.34,8.97,7.0,7% volume voordeel,,,3 stuks,,True,AHOO,7% volume voordeel,2026-08-09,2999-12-31,,True,AH,https://www.ah.nl/producten/product/wi611559,2026-08-09,Philadelphia Chives 3-pack,drinks-chips-snacks
622480,0,AH Mascarpone roomkaas chili dip 4-pack,AH,borrel-chips-snacks,"Borrel, chips, snacks",Dipsaus (vers),8.48,9.96,14.9,pakketkorting,,,4 stuks,,True,AHOO,,2026-08-09,2026-08-09,,True,AH,https://www.ah.nl/producten/product/wi622480,2026-08-09,AH Mascarpone roomkaas chili dip 4-pack,drinks-chips-snacks
622479,0,AH Mascarpone roomkaas chili dip 3-pack,AH,borrel-chips-snacks,"Borrel, chips, snacks",Dipsaus (vers),5.99,7.47,19.8,pakketkorting,,,3 stuks,,True,AHOO,,2026-08-09,2026-08-09,,True,AH,https://www.ah.nl/producten/product/wi622479,2026-08-09,AH Mascarpone roomkaas chili dip 3-pack,drinks-chips-snacks
238911,825528,AH Biologisch Italiaanse mozzarella,AH Biologisch,borrel-chips-snacks,Kaas,Mozzarella,2.59,2.59,,,,,317 g,prijs per kg €20.72,False,,,,,C,True,AH,https://www.ah.nl/producten/product/wi238911,2026-08-09,AH Biologisch Italiaanse mozzarella,drinks-chips-snacks
129552,585148,AH Chorizo,AH,borrel-chips-snacks,"Borrel, chips, snacks",Chorizo worst,3.15,3.15,,,,,250 g,prijs per kg €12.60,False,,,,,E,True,AH,https://www.ah.nl/producten/product/wi129552,2026-08-09,AH Chorizo,drinks-chips-snacks
585152,29790,AH Gyoza kip,AH,borrel-chips-snacks,Diepvries,Borrelmix (oven),2.99,2.99,,,,,240 g,prijs per kg €12.46,False,,,,,C,True,AH,https://www.ah.nl/producten/product/wi585152,2026-08-09,AH Gyoza kip,drinks-chips-snacks
161789,629937,AH Rundvleesslaatje,AH,borrel-chips-snacks,"Maaltijden, salades",Slaatjes,0.85,0.85,,,,,140 g,prijs per kg €6.07,False,,,,,C,True,AH,https://www.ah.nl/producten/product/wi161789,2026-08-09,AH Beef salad,drinks-chips-snacks
448461,47463,AH Chips bolognese,AH,borrel-chips-snacks,"Borrel, chips, snacks",Smaakvarianten chips,1.25,1.25,,,,,250 g,prijs per kg €5.00,False,,,,,D,True,AH,https://www.ah.nl/producten/product/wi448461,2026-08-09,AH Chips bolognese,drinks-chips-snacks
594987,0,LU Mini crackers zout 3-pack,LU,borrel-chips-snacks,Bakkerij,Toast crackers,6.18,6.87,10.0,10% volume voordeel,,,3 stuks,,True,AHOO,10% volume voordeel,2026-08-09,2999-12-31,,True,AH,https://www.ah.nl/producten/product/wi594987,2026-08-09,LU Mini salt crackers 3-pack,drinks-chips-snacks
526751,26576,Jimmy's Popcorn salted,Jimmy's,borrel-chips-snacks,"Borrel, chips, snacks",Popcorn,1.99,1.99,,1 + 1 gratis,,1.0,80 g,normale prijs per kg €24.88,True,AH,1 + 1 gratis,2026-08-10,2026-08-16,E,True,AH,https://www.ah.nl/producten/product/wi526751,2026-08-09,Jimmy's Popcorn salted,drinks-chips-snacks
553808,797108,AH Party dip,AH,borrel-chips-snacks,"Borrel, chips, snacks",Dipsaus (vers),1.65,1.65,,,,,193 g,prijs per kg €8.55,False,,,,,D,True,AH,https://www.ah.nl/producten/product/wi553808,2026-08-09,AH Party dip,drinks-chips-snacks
559301,67723,AH Ongezouten macadamiamix,AH,borrel-chips-snacks,"Borrel, chips, snacks",Macadamianoten,2.3333,2.49,6.3,3 voor 7.00,7.0,3.0,100 g,normale prijs per kg €24.90,True,AH,3 VOOR 7.00,2026-08-03,2026-08-09,A,True,AH,https://www.ah.nl/producten/product/wi559301,2026-08-09,AH Ongezouten macadamiamix,drinks-chips-snacks
390014,846605,AH Huzarenslaatje,AH,borrel-chips-snacks,"Maaltijden, salades",Slaatjes,0.69,0.69,,,,,150 g,prijs per kg €4.60,False,,,,,C,True,AH,https://www.ah.nl/producten/product/wi390014,2026-08-09,AH Huzarenslaatje,drinks-chips-snacks
217349,807655,AH Grillworst,AH,borrel-chips-snacks,"Borrel, chips, snacks",Borrel vleeswaren,1.9967,2.39,16.5,3 voor 5.99,5.99,3.0,140 g,normale prijs per kg €17.07,True,AH,3 VOOR 5.99,2026-08-03,2026-08-09,D,True,AH,https://www.ah.nl/producten/product/wi217349,2026-08-09,AH Grillworst,drinks-chips-snacks
448463,47510,AH Mini friet naturel,AH,borrel-chips-snacks,"Borrel, chips, snacks",Naturel chips,0.95,0.95,,,,,150 g,prijs per kg €6.33,False,,,,,,True,AH,https://www.ah.nl/producten/product/wi448463,2026-08-09,AH Mini friet naturel,drinks-chips-snacks
610803,67529,Bolletje Tortilla crackers sour cream & onion,Bolletje,borrel-chips-snacks,"Borrel, chips, snacks",Tortilla chips (met smaakje),2.79,2.79,,,,,150 g,prijs per kg €18.60,False,,,,,B,True,AH,https://www.ah.nl/producten/product/wi610803,2026-08-09,Bolletje Tortilla crackers sour cream & onion,drinks-chips-snacks
199923,797190,AH Biologisch Groene olijven zonder pit,AH Biologisch,borrel-chips-snacks,"Borrel, chips, snacks",Verse olijven,1.69,1.69,,,,,240 g,prijs per kg €13.00,False,,,,,D,True,AH,https://www.ah.nl/producten/product/wi199923,2026-08-09,AH Biologisch Groene olijven zonder pit,drinks-chips-snacks
574284,15295,AH Popcorn zoet,AH,borrel-chips-snacks,"Borrel, chips, snacks",Popcorn,0.99,0.99,,,,,200 g,prijs per kg €4.95,False,,,,,D,True,AH,https://www.ah.nl/producten/product/wi574284,2026-08-09,AH Popcorn sweet,drinks-chips-snacks
129990,589577,Chovi Allioli,Chovi,borrel-chips-snacks,"Borrel, chips, snacks",Aioli,1.49,1.99,25.0,25% korting,,,172 g,normale prijs per kg €11.57,True,AH,25% korting,2026-08-03,2026-08-09,E,True,AH,https://www.ah.nl/producten/product/wi129990,2026-08-09,Chovi Allioli,drinks-chips-snacks
198211,611134,AH Nacho chips cheese,AH,borrel-chips-snacks,"Borrel, chips, snacks",Tortilla chips (met smaakje),1.39,1.39,,,,,200 g,prijs per kg €6.95,False,,,,,C,True,AH,https://www.ah.nl/producten/product/wi198211,2026-08-09,AH Nacho chips cheese,drinks-chips-snacks
608016,64559,Iglo Chicken shop crispy chicken tenders,Iglo,borrel-chips-snacks,Diepvries,Kipsnacks (oven),5.99,5.99,,,,,300 g,prijs per kg €19.97,False,,,,,B,True,AH,https://www.ah.nl/producten/product/wi608016,2026-08-09,Iglo Chicken shop crispy chicken tenders,drinks-chips-snacks
508488,715819,AH Minicrackers met zout,AH,borrel-chips-snacks,Bakkerij,Toast crackers,1.49,1.49,,,,,250 g,prijs per kg €5.96,False,,,,,D,True,AH,https://www.ah.nl/producten/product/wi508488,2026-08-09,AH Mini crackers with salt,drinks-chips-snacks
474798,727607,AH Kaas pesto dip,AH,borrel-chips-snacks,"Borrel, chips, snacks",Pesto (vers),1.9967,2.79,28.4,3 voor 5.99,5.99,3.0,90 g,normale prijs per kg €31.00,True,AH,3 VOOR 5.99,2026-08-03,2026-08-09,D,True,AH,https://www.ah.nl/producten/product/wi474798,2026-08-09,AH Kaas pesto dip,drinks-chips-snacks
598177,0,AH Kaas pesto dip 2-pack,AH,borrel-chips-snacks,"Borrel, chips, snacks",Pesto (vers),5.41,5.58,3.0,3% volume voordeel,,,2 stuks,,True,AHOO,3% volume voordeel,2026-08-10,2999-12-31,,True,AH,https://www.ah.nl/producten/product/wi598177,2026-08-09,AH Kaas pesto dip 2-pack,drinks-chips-snacks
618177,0,AH Pesto alla genovese 4-pack,AH,borrel-chips-snacks,"Borrel, chips, snacks",Pesto in pot,7.16,7.96,10.0,10% volume voordeel,,,4 stuks,,True,AHOO,10% volume voordeel,2026-08-09,2999-12-31,,True,AH,https://www.ah.nl/producten/product/wi618177,2026-08-09,AH Pesto alla genovese 4-pack,drinks-chips-snacks
565959,3704,Topking Kaastengels oude kaas oven & airfryer,Topking,borrel-chips-snacks,Diepvries,Kaas hapjes (oven),5.35,5.35,,,,,150 g,prijs per kg €35.67,False,,,,,E,True,AH,https://www.ah.nl/producten/product/wi565959,2026-08-09,Topking Kaastengels oude kaas oven & airfryer,drinks-chips-snacks
451463,583158,Mora Crispy chick'n original strips,Mora,borrel-chips-snacks,Diepvries,Kipsnacks (oven),4.29,4.29,,,,,240 g,prijs per kg €17.88,False,,,,,D,True,AH,https://www.ah.nl/producten/product/wi451463,2026-08-09,Mora Crispy chick'n original strips,drinks-chips-snacks
618176,0,AH Pesto alla genovese 3-pack,AH,borrel-chips-snacks,"Borrel, chips, snacks",Pesto in pot,5.49,5.97,8.0,8% volume voordeel,,,3 stuks,,True,AHOO,8% volume voordeel,2026-08-09,2999-12-31,,True,AH,https://www.ah.nl/producten/product/wi618176,2026-08-09,AH Pesto alla genovese 3-pack,drinks-chips-snacks
203229,797339,Bieze Rauwkost 4 seizoenen,Bieze,borrel-chips-snacks,"Maaltijden, salades",Rauwkostsalade,1.99,1.99,,,,,250 g,prijs per kg €7.96,False,,,,,C,True,AH,https://www.ah.nl/producten/product/wi203229,2026-08-09,Bieze Rauwkost 4 seizoenen,drinks-chips-snacks
517348,815316,AH Cranberrymix,AH,borrel-chips-snacks,"Borrel, chips, snacks",Notenmix,5.99,5.99,,,,,500 g,prijs per kg €11.98,False,,,,,C,True,AH,https://www.ah.nl/producten/product/wi517348,2026-08-09,AH Cranberrymix,drinks-chips-snacks
195373,796243,AH Verse geitenkaas naturel 48+,AH,borrel-chips-snacks,Kaas,Geitenkaas (stuk),1.65,1.65,,,,,125 g,prijs per kg €13.20,False,,,,,C,True,AH,https://www.ah.nl/producten/product/wi195373,2026-08-09,AH Fresh goat cheese natural 48+,drinks-chips-snacks
170625,754730,AH Frikandel,AH,borrel-chips-snacks,Diepvries,Frikandel (frituur),3.79,3.79,,,,,20 stuks,prijs per kg €2.71,False,,,,,D,True,AH,https://www.ah.nl/producten/product/wi170625,2026-08-09,AH Frikandel,drinks-chips-snacks
583946,0,AH Frikandel 2-pack,AH,borrel-chips-snacks,Diepvries,Frikandel (frituur),7.2,7.58,5.0,5% volume voordeel,,,2 stuks,,True,AHOO,5% volume voordeel,2026-08-09,2999-12-31,,True,AH,https://www.ah.nl/producten/product/wi583946,2026-08-09,AH Frikandel 2-pack,drinks-chips-snacks
426104,8414,AH Gezouten macadamia mix,AH,borrel-chips-snacks,"Borrel, chips, snacks",Notenmix,2.65,2.65,,,,,200 g,prijs per kg €13.25,False,,,,,D,True,AH,https://www.ah.nl/producten/product/wi426104,2026-08-09,AH Salted macadamia mix,drinks-chips-snacks
604903,58672,AH Guacamole,AH,borrel-chips-snacks,"Borrel, chips, snacks",Groentesalades (beleg),1.9967,2.89,30.9,3 voor 5.99,5.99,3.0,150 g,normale prijs per kg €19.27,True,AH,3 VOOR 5.99,2026-08-03,2026-08-09,B,True,AH,https://www.ah.nl/producten/product/wi604903,2026-08-09,AH Guacamole,drinks-chips-snacks
203228,797338,Bieze Rauwkost komkommer,Bieze,borrel-chips-snacks,"Maaltijden, salades",Rauwkostsalade,1.99,1.99,,,,,250 g,prijs per kg €7.96,False,,,,,C,True,AH,https://www.ah.nl/producten/product/wi203228,2026-08-09,Bieze Rauwkost komkommer,drinks-chips-snacks
63230,529183,Grand' Italia Pesto alla Genovese,Grand' Italia,borrel-chips-snacks,"Borrel, chips, snacks",Pesto in pot,2.79,2.79,,,,,185 g,prijs per kg €15.08,False,,,,,E,True,AH,https://www.ah.nl/producten/product/wi63230,2026-08-09,Grand' Italia Pesto alla Genovese,drinks-chips-snacks
622471,0,AH Guacamole 3-pack,AH,borrel-chips-snacks,"Borrel, chips, snacks",Groentesalades (beleg),5.99,8.67,30.9,pakketkorting,,,3 stuks,,True,AHOO,,2026-08-09,2026-08-09,,True,AH,https://www.ah.nl/producten/product/wi622471,2026-08-09,AH Guacamole 3-pack,drinks-chips-snacks
212501,806499,AH Picos naturel.,AH,borrel-chips-snacks,"Borrel, chips, snacks",Luxe toast,2.0,2.09,4.3,2 voor 4.00,4.0,2.0,200 g,normale prijs per kg €10.45,True,AH,2 VOOR 4.00,2026-08-03,2026-08-09,D,True,AH,https://www.ah.nl/producten/product/wi212501,2026-08-09,AH Picos naturel.,drinks-chips-snacks
622472,0,AH Guacamole 4-pack,AH,borrel-chips-snacks,"Borrel, chips, snacks",Groentesalades (beleg),8.88,11.56,23.2,pakketkorting,,,4 stuks,,True,AHOO,,2026-08-09,2026-08-09,,True,AH,https://www.ah.nl/producten/product/wi622472,2026-08-09,AH Guacamole 4-pack,drinks-chips-snacks
578191,20413,AH Borrelnoten cocktail,AH,borrel-chips-snacks,"Borrel, chips, snacks",Borrel noten,1.35,1.35,,,,,300 g,prijs per kg €4.50,False,,,,,C,True,AH,https://www.ah.nl/producten/product/wi578191,2026-08-09,AH Borrelnoten cocktail,drinks-chips-snacks
576349,17720,AH Macadamia notenmix ongez,AH,borrel-chips-snacks,"Borrel, chips, snacks",Macadamianoten,2.65,2.65,,,,,200 g,prijs per kg €13.25,False,,,,,A,True,AH,https://www.ah.nl/producten/product/wi576349,2026-08-09,AH Macadamia nut mix unhealthful,drinks-chips-snacks
618702,0,AH Kaas pesto dip 4-pack,AH,borrel-chips-snacks,"Borrel, chips, snacks",Pesto (vers),8.78,11.16,21.3,pakketkorting,,,4 stuks,,True,AHOO,,2026-08-09,2026-08-09,,True,AH,https://www.ah.nl/producten/product/wi618702,2026-08-09,AH Cheese pesto dip 4-pack,drinks-chips-snacks
618701,0,AH Kaas pesto dip 3-pack,AH,borrel-chips-snacks,"Borrel, chips, snacks",Pesto (vers),5.99,8.37,28.4,pakketkorting,,,3 stuks,,True,AHOO,,2026-08-09,2026-08-09,,True,AH,https://www.ah.nl/producten/product/wi618701,2026-08-09,AH Kaas pesto dip 3-pack,drinks-chips-snacks
376943,838584,Wasa Delicate crackers sea salt,Wasa,borrel-chips-snacks,Bakkerij,Toast crackers,2.99,2.99,,,,,180 g,prijs per kg €16.61,False,,,,,D,True,AH,https://www.ah.nl/producten/product/wi376943,2026-08-09,Wasa Delicate crackers sea salt,drinks-chips-snacks
553933,599437,Lay's Max roasted onion & sour cream,Lay's,borrel-chips-snacks,"Borrel, chips, snacks",Smaakvarianten chips,2.39,2.39,,,,,185 g,prijs per kg €12.92,False,,,,,C,True,AH,https://www.ah.nl/producten/product/wi553933,2026-08-09,Lay's Max roasted onion & sour cream,drinks-chips-snacks
614360,0,Lay's Max roasted onion & sour cream 2-pack,Lay's,borrel-chips-snacks,"Borrel, chips, snacks",Smaakvarianten chips,4.54,4.78,5.0,5% volume voordeel,,,2 stuks,,True,AHOO,5% volume voordeel,2026-08-09,2999-12-31,,True,AH,https://www.ah.nl/producten/product/wi614360,2026-08-09,Lay's Max roasted onion & sour cream 2-pack,drinks-chips-snacks
195943,632851,Lay's Pomtips original,Lay's,borrel-chips-snacks,"Borrel, chips, snacks",Vormpjes chips,1.495,2.49,40.0,2 voor 2.99,2.99,2.0,125 g,normale prijs per kg €19.92,True,AH,2 voor 2.99,2026-08-10,2026-08-16,D,True,AH,https://www.ah.nl/producten/product/wi195943,2026-08-09,Lay's Pomtips original,drinks-chips-snacks
211717,804943,Johma Kip-kerrie salade,Johma,borrel-chips-snacks,"Borrel, chips, snacks",Kipsalades (beleg),1.9967,3.19,37.4,3 stuks 5.99,5.99,3.0,175 g,normale prijs per kg €18.23,True,AH,3 stapelen voor 5.99,2026-08-10,2026-08-16,D,True,AH,https://www.ah.nl/producten/product/wi211717,2026-08-09,Johma Kip-kerrie salade,drinks-chips-snacks
2002,4097,Président Le brie,Président,borrel-chips-snacks,Kaas,Brie,3.29,3.29,,,,,200 g,prijs per kg €16.45,False,,,,,D,True,AH,https://www.ah.nl/producten/product/wi2002,2026-08-09,President Le brie,drinks-chips-snacks
612838,0,Boursin Knoflook & fijne kruiden 3pack,Boursin,borrel-chips-snacks,Kaas,Roomkaas,10.23,10.77,5.0,5% volume voordeel,,,3 stuks,,True,AHOO,5% volume voordeel,2026-08-09,2026-08-09,,True,AH,https://www.ah.nl/producten/product/wi612838,2026-08-09,Boursin Knoflook & fijne kruiden 3pack,drinks-chips-snacks
582889,25488,AH Pinda's ongezouten,AH,borrel-chips-snacks,"Borrel, chips, snacks",Pinda's,1.15,1.15,,,,,500 g,prijs per kg €2.30,False,,,,,A,True,AH,https://www.ah.nl/producten/product/wi582889,2026-08-09,AH Pinda's ongezouten,drinks-chips-snacks
233278,826098,Pringles Sour cream & onion,Pringles,borrel-chips-snacks,"Borrel, chips, snacks",Smaakvarianten chips,2.69,2.69,,,,,165 g,prijs per kg €16.30,False,,,,,D,True,AH,https://www.ah.nl/producten/product/wi233278,2026-08-09,Pringles Sour cream & onion,drinks-chips-snacks
605133,59502,AH Zaanlander Kaasblokjes jong belegen 48+,AH Zaanlander,borrel-chips-snacks,Kaas,Kaasblokjes,1.9967,2.69,25.8,3 voor 5.99,5.99,3.0,120 g,normale prijs per kg €22.42,True,AH,3 VOOR 5.99,2026-08-03,2026-08-09,D,True,AH,https://www.ah.nl/producten/product/wi605133,2026-08-09,AH Zaanlander Cheese cubes young matured 48+,drinks-chips-snacks
217335,807640,AH Knoflook olijven,AH,borrel-chips-snacks,"Borrel, chips, snacks",Verse olijven,1.9967,2.29,12.8,3 voor 5.99,5.99,3.0,130 g,normale prijs per kg €17.62,True,AH,3 VOOR 5.99,2026-08-03,2026-08-09,D,True,AH,https://www.ah.nl/producten/product/wi217335,2026-08-09,AH Garlic olives,drinks-chips-snacks
170819,595582,AH Excellent Fuet,AH Excellent,borrel-chips-snacks,"Borrel, chips, snacks","Droge worst - salami, fuet",3.29,3.29,,,,,170 g,prijs per kg €19.35,False,,,,,E,True,AH,https://www.ah.nl/producten/product/wi170819,2026-08-09,AH Excellent Fuet,drinks-chips-snacks
597570,0,AH Excellent Fuet 2-pack,AH Excellent,borrel-chips-snacks,"Borrel, chips, snacks","Droge worst - salami, fuet",6.38,6.58,3.0,3% volume voordeel,,,2 stuks,,True,AHOO,3% volume voordeel,2026-08-09,2999-12-31,,True,AH,https://www.ah.nl/producten/product/wi597570,2026-08-09,AH Excellent Fuet 2-pack,drinks-chips-snacks
170915,761799,AH Kip-kerrie salade,AH,borrel-chips-snacks,"Borrel, chips, snacks",Kipsalades (beleg),2.05,2.05,,,,,300 g,prijs per kg €6.83,False,,,,,D,True,AH,https://www.ah.nl/producten/product/wi170915,2026-08-09,AH Kip-kerrie salade,drinks-chips-snacks
615551,0,Pringles Sour cream & onion 3-pack,Pringles,borrel-chips-snacks,"Borrel, chips, snacks",Smaakvarianten chips,7.67,8.07,5.0,5% volume voordeel,,,3 stuks,,True,AHOO,5% volume voordeel,2026-08-09,2999-12-31,,True,AH,https://www.ah.nl/producten/product/wi615551,2026-08-09,Pringles Sour cream & onion 3-pack,drinks-chips-snacks
480501,734468,AH Scrocchi rozemarijn zeezout,AH,borrel-chips-snacks,"Borrel, chips, snacks",Luxe toast,2.0,2.19,8.7,2 voor 4.00,4.0,2.0,200 g,normale prijs per kg €10.95,True,AH,2 VOOR 4.00,2026-08-03,2026-08-09,D,True,AH,https://www.ah.nl/producten/product/wi480501,2026-08-09,AH Scrocchi rozemarijn zeezout,drinks-chips-snacks
621874,0,AH Zaanlander Kaasblokjes jong belegen 48+ 2-pack,AH Zaanlander,borrel-chips-snacks,Kaas,Kaasblokjes,5.22,5.38,3.0,3% volume voordeel,,,2 stuks,,True,AHOO,3% volume voordeel,2026-08-10,2999-12-31,,True,AH,https://www.ah.nl/producten/product/wi621874,2026-08-09,AH Zaanlander Cheese cubes young matured 48+ 2-pack,drinks-chips-snacks
220407,815523,Mora Oven & airfryer frikandellen,Mora,borrel-chips-snacks,Diepvries,Frikandel (oven),2.49,2.49,,,,,4 x 70 g,prijs per kg €8.89,False,,,,,D,True,AH,https://www.ah.nl/producten/product/wi220407,2026-08-09,Mora Oven & airfryer frikandellen,drinks-chips-snacks
426103,8412,AH Gezouten pistachemix notenmix,AH,borrel-chips-snacks,"Borrel, chips, snacks",Notenmix,2.65,2.65,,,,,200 g,prijs per kg €13.25,False,,,,,C,True,AH,https://www.ah.nl/producten/product/wi426103,2026-08-09,AH Gezouten pistachemix notenmix,drinks-chips-snacks
413087,856359,Johma Oudekaas-pesto salade,Johma,borrel-chips-snacks,"Borrel, chips, snacks",Kaassalades,1.9967,3.69,45.9,3 stuks 5.99,5.99,3.0,175 g,normale prijs per kg €21.09,True,AH,3 stapelen voor 5.99,2026-08-10,2026-08-16,E,True,AH,https://www.ah.nl/producten/product/wi413087,2026-08-09,Johma Oudekaas-pesto salade,drinks-chips-snacks
565210,3365,Bibigo Gyoza chicken & vegetable,Bibigo,borrel-chips-snacks,Diepvries,Gyoza's (diepvries),4.49,4.49,,,,,300 g,prijs per kg €14.97,False,,,,,C,True,AH,https://www.ah.nl/producten/product/wi565210,2026-08-09,Bibigo Gyoza chicken & vegetables,drinks-chips-snacks
447633,47434,AH Terra Ongebrande amandelen,AH Terra,borrel-chips-snacks,"Borrel, chips, snacks",Amandelen,2.49,2.49,,,,,200 g,prijs per kg €12.45,False,,,,,A,True,AH,https://www.ah.nl/producten/product/wi447633,2026-08-09,AH Terra Ongebrande amandelen,drinks-chips-snacks
605178,59481,AH Sweetpeppers roomkaas,AH,borrel-chips-snacks,"Borrel, chips, snacks",Tapas,1.9967,3.39,41.1,3 voor 5.99,5.99,3.0,120 g,normale prijs per kg €28.25,True,AH,3 VOOR 5.99,2026-08-03,2026-08-09,E,True,AH,https://www.ah.nl/producten/product/wi605178,2026-08-09,AH Sweetpeppers roomkaas,drinks-chips-snacks
460300,713040,Proper Sea salt lentil chips,Proper,borrel-chips-snacks,"Borrel, chips, snacks",Groente chips,2.49,2.49,,1 + 1 gratis,,1.0,85 g,normale prijs per kg €29.29,True,AH,1 + 1 gratis,2026-08-10,2026-08-16,,True,AH,https://www.ah.nl/producten/product/wi460300,2026-08-09,Proper Sea salt lentil chips,drinks-chips-snacks
621875,0,AH Zaanlander Kaasblokjes jong belegen 48+ 3-pack,AH Zaanlander,borrel-chips-snacks,Kaas,Kaasblokjes,5.99,8.07,25.8,pakketkorting,,,3 stuks,,True,AHOO,,2026-08-09,2026-08-09,,True,AH,https://www.ah.nl/producten/product/wi621875,2026-08-09,AH Zaanlander Kaasblokjes jong belegen 48+ 3-pack,drinks-chips-snacks
615574,0,Président Le brie 2-pack,Président,borrel-chips-snacks,Kaas,Brie,6.25,6.58,5.0,5% volume voordeel,,,2 stuks,,True,AHOO,5% volume voordeel,2026-08-09,2999-12-31,,True,AH,https://www.ah.nl/producten/product/wi615574,2026-08-09,Président Le brie 2-pack,drinks-chips-snacks
413639,856476,Johma Gevuld eitje salade,Johma,borrel-chips-snacks,"Borrel, chips, snacks",Eiersalades (beleg),1.9967,3.39,41.1,3 stuks 5.99,5.99,3.0,175 g,normale prijs per kg €19.37,True,AH,3 stapelen voor 5.99,2026-08-10,2026-08-16,D,True,AH,https://www.ah.nl/producten/product/wi413639,2026-08-09,Johma Stuffed egg salad,drinks-chips-snacks
526384,30909,Lay's Cheese onion value pack,Lay's,borrel-chips-snacks,"Borrel, chips, snacks",Smaakvarianten chips,2.245,2.69,16.5,2 voor 4.49,4.49,2.0,300 g,normale prijs per kg €8.97,True,AH,2 VOOR 4.49,2026-08-03,2026-08-09,C,True,AH,https://www.ah.nl/producten/product/wi526384,2026-08-09,Lay's Cheese onion value pack,drinks-chips-snacks
614326,0,Lay's Cheese onion value pack 2-pack,Lay's,borrel-chips-snacks,"Borrel, chips, snacks",Smaakvarianten chips,4.49,5.38,16.5,pakketkorting,,,2 stuks,,True,AHOO,,2026-08-09,2026-08-09,,True,AH,https://www.ah.nl/producten/product/wi614326,2026-08-09,Lay's Cheese onion value pack 2-pack,drinks-chips-snacks
407281,852826,AH Gezouten cashewnoten,AH,borrel-chips-snacks,"Borrel, chips, snacks",Cashewnoten,5.25,5.25,,,,,500 g,prijs per kg €10.50,False,,,,,C,True,AH,https://www.ah.nl/producten/product/wi407281,2026-08-09,AH Gezouten cashewnoten,drinks-chips-snacks
621876,0,AH Zaanlander Kaasblokjes jong belegen 48+ 4-pack,AH Zaanlander,borrel-chips-snacks,Kaas,Kaasblokjes,8.68,10.76,19.3,pakketkorting,,,4 stuks,,True,AHOO,,2026-08-09,2026-08-09,,True,AH,https://www.ah.nl/producten/product/wi621876,2026-08-09,AH Zaanlander Cheese cubes young matured 48+ 4-pack,drinks-chips-snacks
893,67351,AH Aardappel salade,AH,borrel-chips-snacks,"Maaltijden, salades",Aardappelsalade,1.99,1.99,,,,,600 g,prijs per kg €3.32,False,,,,,C,True,AH,https://www.ah.nl/producten/product/wi893,2026-08-09,AH Aardappel salade,drinks-chips-snacks
467588,719259,AH Ongezouten pinda's,AH,borrel-chips-snacks,"Borrel, chips, snacks",Pinda's,0.79,0.79,,,,,250 g,prijs per kg €3.16,False,,,,,A,True,AH,https://www.ah.nl/producten/product/wi467588,2026-08-09,AH Unsalted peanuts,drinks-chips-snacks
615552,0,Pringles Sour cream & onion 5-pack,Pringles,borrel-chips-snacks,"Borrel, chips, snacks",Smaakvarianten chips,12.1,13.45,10.0,10% volume voordeel,,,5 stuks,,True,AHOO,10% volume voordeel,2026-08-09,2999-12-31,,True,AH,https://www.ah.nl/producten/product/wi615552,2026-08-09,Pringles Sour cream & onion 5-pack,drinks-chips-snacks
621632,0,AH Sweetpeppers roomkaas 2-pack,AH,borrel-chips-snacks,Kaas,Roomkaas,6.58,6.78,3.0,3% volume voordeel,,,2 stuks,,True,AHOO,3% volume voordeel,2026-08-10,2999-12-31,,True,AH,https://www.ah.nl/producten/product/wi621632,2026-08-09,AH Sweetpeppers roomkaas 2-pack,drinks-chips-snacks
376549,838064,AH Komkommersalade,AH,borrel-chips-snacks,"Borrel, chips, snacks",Groentesalades (beleg),1.99,1.99,,,,,175 g,prijs per kg €11.37,False,,,,,C,True,AH,https://www.ah.nl/producten/product/wi376549,2026-08-09,AH Komkommersalade,drinks-chips-snacks
211721,804948,Johma Kipsaté salade,Johma,borrel-chips-snacks,"Borrel, chips, snacks",Kipsalades (beleg),1.9967,3.39,41.1,3 stuks 5.99,5.99,3.0,175 g,normale prijs per kg €19.37,True,AH,3 stapelen voor 5.99,2026-08-10,2026-08-16,D,True,AH,https://www.ah.nl/producten/product/wi211721,2026-08-09,Johma Kipsaté salade,drinks-chips-snacks
621633,0,AH Sweetpeppers roomkaas 3-pack,AH,borrel-chips-snacks,Kaas,Roomkaas,5.99,10.17,41.1,pakketkorting,,,3 stuks,,True,AHOO,,2026-08-09,2026-08-09,,True,AH,https://www.ah.nl/producten/product/wi621633,2026-08-09,AH Sweetpeppers cream cheese 3-pack,drinks-chips-snacks
401811,850410,Topking Tosti's ham & kaas,Topking,borrel-chips-snacks,Diepvries,Diepvries tosti's,3.15,3.15,,,,,210 g,prijs per kg €15.00,False,,,,,D,True,AH,https://www.ah.nl/producten/product/wi401811,2026-08-09,Topking Tosti's ham & cheese,drinks-chips-snacks
582307,25221,Mora Oven & airfryer frikandellen,Mora,borrel-chips-snacks,Diepvries,Frikandel (oven),4.99,4.99,,,,,560 g,prijs per kg €8.91,False,,,,,D,True,AH,https://www.ah.nl/producten/product/wi582307,2026-08-09,Mora Oven & airfryer frikandellen,drinks-chips-snacks
621634,0,AH Sweetpeppers roomkaas 4-pack,AH,borrel-chips-snacks,Kaas,Roomkaas,9.38,13.56,30.8,pakketkorting,,,4 stuks,,True,AHOO,,2026-08-09,2026-08-09,,True,AH,https://www.ah.nl/producten/product/wi621634,2026-08-09,AH Sweetpeppers cream cheese 4-pack,drinks-chips-snacks
470170,721562,AH Biologisch Pompoenpitten,AH Biologisch,borrel-chips-snacks,"Borrel, chips, snacks",Pitten en zaden,6.39,6.39,,,,,500 g,prijs per kg €12.78,False,,,,,A,True,AH,https://www.ah.nl/producten/product/wi470170,2026-08-09,AH Organic Pumpkin Seeds,drinks-chips-snacks
582888,25487,AH Ongezouten cashewnoten,AH,borrel-chips-snacks,"Borrel, chips, snacks",Cashewnoten,5.25,5.25,,,,,500 g,prijs per kg €10.50,False,,,,,B,True,AH,https://www.ah.nl/producten/product/wi582888,2026-08-09,AH Ongezouten cashewnoten,drinks-chips-snacks
184625,779418,Johma Beenham salade,Johma,borrel-chips-snacks,"Borrel, chips, snacks",Vleessalades (beleg),1.9967,3.45,42.1,3 stuks 5.99,5.99,3.0,175 g,normale prijs per kg €19.71,True,AH,3 stapelen voor 5.99,2026-08-10,2026-08-16,D,True,AH,https://www.ah.nl/producten/product/wi184625,2026-08-09,Johma Beenham salade,drinks-chips-snacks
143673,81631,Tuc Tuc paprika,Tuc,borrel-chips-snacks,"Borrel, chips, snacks",Zoute sticks,1.35,1.35,,1 + 1 gratis,,1.0,100 g,normale prijs per kg €13.50,True,AH,1 + 1 gratis,2026-08-10,2026-08-16,E,True,AH,https://www.ah.nl/producten/product/wi143673,2026-08-09,Tuc Tuc paprika,drinks-chips-snacks
383542,842893,Kwekkeboom Borrelmix hapjes,Kwekkeboom,borrel-chips-snacks,Diepvries,Borrelmix (oven),5.49,5.49,,,,,260 g,prijs per kg €21.12,False,,,,,D,True,AH,https://www.ah.nl/producten/product/wi383542,2026-08-09,Kwekkeboom Drink mix snacks,drinks-chips-snacks
516965,44350,Lay's Max patatje joppie,Lay's,borrel-chips-snacks,"Borrel, chips, snacks",Smaakvarianten chips,2.39,2.39,,,,,185 g,prijs per kg €12.92,False,,,,,C,True,AH,https://www.ah.nl/producten/product/wi516965,2026-08-09,Lay's Max fries yippie,drinks-chips-snacks
538379,572916,Westland Huzaren slaatje,Westland,borrel-chips-snacks,"Maaltijden, salades",Slaatjes,1.29,1.29,,,,,140 g,prijs per kg €9.21,False,,,,,C,True,AH,https://www.ah.nl/producten/product/wi538379,2026-08-09,Westland Hussar salad,drinks-chips-snacks
614358,0,Lay's Max patatje joppie 2-pack,Lay's,borrel-chips-snacks,"Borrel, chips, snacks",Smaakvarianten chips,4.54,4.78,5.0,5% volume voordeel,,,2 stuks,,True,AHOO,5% volume voordeel,2026-08-09,2999-12-31,,True,AH,https://www.ah.nl/producten/product/wi614358,2026-08-09,Lay's Max fries yippie 2-pack,drinks-chips-snacks
367545,833917,Mitsuba Sea salt crispy rice crackers,Mitsuba,borrel-chips-snacks,Bakkerij,Toast crackers,2.19,2.19,,,,,100 g,prijs per kg €21.90,False,,,,,D,True,AH,https://www.ah.nl/producten/product/wi367545,2026-08-09,Mitsuba Sea salt crispy rice crackers,drinks-chips-snacks
526359,619803,Croky Bolognese voordeel pack,Croky,borrel-chips-snacks,"Borrel, chips, snacks",Smaakvarianten chips,2.59,2.59,,,,,300 g,prijs per kg €8.63,False,,,,,D,True,AH,https://www.ah.nl/producten/product/wi526359,2026-08-09,Croky Bolognese value pack,drinks-chips-snacks
547008,44415,AH Biologisch Ongezouten cashewnoten,AH Biologisch,borrel-chips-snacks,"Borrel, chips, snacks",Cashewnoten,3.39,3.39,,,,,200 g,prijs per kg €16.95,False,,,,,B,True,AH,https://www.ah.nl/producten/product/wi547008,2026-08-09,AH Organic Unsalted cashew nuts,drinks-chips-snacks
619876,0,AH Biologisch Ongezouten cashewnoten 3-pack,AH Biologisch,borrel-chips-snacks,"Borrel, chips, snacks",Cashewnoten,9.97,10.17,2.0,2% volume voordeel,,,3 stuks,,True,AHOO,2% volume voordeel,2026-08-09,2999-12-31,,True,AH,https://www.ah.nl/producten/product/wi619876,2026-08-09,AH Biologisch Ongezouten cashewnoten 3-pack,drinks-chips-snacks
477623,731097,Duyvis Tijgernootjes bacon kaas,Duyvis,borrel-chips-snacks,"Borrel, chips, snacks",Borrel noten,3.29,3.29,,,,,275 g,prijs per kg €11.96,False,,,,,E,True,AH,https://www.ah.nl/producten/product/wi477623,2026-08-09,Duyvis Tijgernootjes bacon kaas,drinks-chips-snacks
590406,0,AH Komkommersalade 4-pack,AH,borrel-chips-snacks,"Borrel, chips, snacks",Groentesalades (beleg),7.16,7.96,10.0,10% volume voordeel,,,4 stuks,,True,AHOO,10% volume voordeel,2026-08-09,2999-12-31,,True,AH,https://www.ah.nl/producten/product/wi590406,2026-08-09,AH Komkommersalade 4-pack,drinks-chips-snacks
619233,0,AH Komkommersalade 2-pack,AH,borrel-chips-snacks,"Borrel, chips, snacks",Groentesalades (beleg),3.86,3.98,3.0,3% volume voordeel,,,2 stuks,,True,AHOO,3% volume voordeel,2026-08-09,2999-12-31,,True,AH,https://www.ah.nl/producten/product/wi619233,2026-08-09,AH Cucumber salad 2-pack,drinks-chips-snacks
170094,754817,AH Knoflook croutons,AH,borrel-chips-snacks,"Borrel, chips, snacks",Slaversierders,0.75,0.75,,,,,40 g,prijs per kg €18.75,False,,,,,C,True,AH,https://www.ah.nl/producten/product/wi170094,2026-08-09,AH Garlic croutons,drinks-chips-snacks
590940,37250,Jimmy's Popcorn butter flavoured salt,Jimmy's,borrel-chips-snacks,"Borrel, chips, snacks",Popcorn,1.89,1.89,,1 + 1 gratis,,1.0,80 g,normale prijs per kg €23.63,True,AH,1 + 1 gratis,2026-08-10,2026-08-16,E,True,AH,https://www.ah.nl/producten/product/wi590940,2026-08-09,Jimmy's Popcorn butter flavored salt,drinks-chips-snacks
619234,0,AH Komkommersalade 3-pack,AH,borrel-chips-snacks,"Borrel, chips, snacks",Groentesalades (beleg),5.67,5.97,5.0,5% volume voordeel,,,3 stuks,,True,AHOO,5% volume voordeel,2026-08-09,2999-12-31,,True,AH,https://www.ah.nl/producten/product/wi619234,2026-08-09,AH Komkommersalade 3-pack,drinks-chips-snacks
615575,0,Président Le brie 3-pack,Président,borrel-chips-snacks,Kaas,Brie,8.88,9.87,10.0,10% volume voordeel,,,3 stuks,,True,AHOO,10% volume voordeel,2026-08-09,2999-12-31,,True,AH,https://www.ah.nl/producten/product/wi615575,2026-08-09,Président Le brie 3-pack,drinks-chips-snacks
376548,838063,AH Kip kerrie salade,AH,borrel-chips-snacks,"Borrel, chips, snacks",Kipsalades (beleg),2.99,2.99,,,,,175 g,prijs per kg €17.09,False,,,,,D,True,AH,https://www.ah.nl/producten/product/wi376548,2026-08-09,AH Chicken curry salad,drinks-chips-snacks
462714,715904,Galbani Burrata,Galbani,borrel-chips-snacks,Kaas,Burrata,3.79,3.79,,,,,285 g,prijs per kg €25.27,False,,,,,D,True,AH,https://www.ah.nl/producten/product/wi462714,2026-08-09,Galbani Burrata,drinks-chips-snacks
615556,0,Galbani Burrata 2-pack,Galbani,borrel-chips-snacks,Kaas,Burrata,7.2,7.58,5.0,5% volume voordeel,,,2 stuks,,True,AHOO,5% volume voordeel,2026-08-09,2999-12-31,,True,AH,https://www.ah.nl/producten/product/wi615556,2026-08-09,Galbani Burrata 2-pack,drinks-chips-snacks
614340,0,Duyvis Tijgernootjes bacon kaas 2-pack,Duyvis,borrel-chips-snacks,"Borrel, chips, snacks",Borrel noten,5.92,6.58,10.0,10% volume voordeel,,,2 stuks,,True,AHOO,10% volume voordeel,2026-08-09,2999-12-31,,True,AH,https://www.ah.nl/producten/product/wi614340,2026-08-09,Duyvis Tiger nuts bacon cheese 2-pack,drinks-chips-snacks
126428,578179,AH Groene olijven in plakjes,AH,borrel-chips-snacks,"Borrel, chips, snacks",Verse olijven,1.39,1.39,,,,,235 g,prijs per kg €10.69,False,,,,,D,True,AH,https://www.ah.nl/producten/product/wi126428,2026-08-09,AH Green olives in slices,drinks-chips-snacks
447645,47573,AH Ham & kaas smaak zoutjes,AH,borrel-chips-snacks,"Borrel, chips, snacks",Vormpjes chips,0.99,0.99,,,,,150 g,prijs per kg €6.60,False,,,,,D,True,AH,https://www.ah.nl/producten/product/wi447645,2026-08-09,AH Ham & kaas smaak zoutjes,drinks-chips-snacks
477620,731094,Duyvis Borrelnootjes Poesta,Duyvis,borrel-chips-snacks,"Borrel, chips, snacks",Borrel noten,2.99,2.99,,,,,275 g,prijs per kg €10.87,False,,,,,C,True,AH,https://www.ah.nl/producten/product/wi477620,2026-08-09,Duyvis Borrelnuts Puszta,drinks-chips-snacks
390015,846606,AH Rundvleesslaatje,AH,borrel-chips-snacks,"Maaltijden, salades",Slaatjes,0.59,0.59,,,,,150 g,prijs per kg €3.93,False,,,,,C,True,AH,https://www.ah.nl/producten/product/wi390015,2026-08-09,AH Beef salad,drinks-chips-snacks
516972,44783,Doritos Cool American,Doritos,borrel-chips-snacks,"Borrel, chips, snacks",Tortilla chips,1.75,1.75,,,,,170 g,prijs per kg €10.29,False,,,,,C,True,AH,https://www.ah.nl/producten/product/wi516972,2026-08-09,Doritos Cool American,drinks-chips-snacks
232295,824949,Mitsuba Wasabi crispy rice crackers,Mitsuba,borrel-chips-snacks,Bakkerij,Toast crackers,2.19,2.19,,,,,100 g,prijs per kg €21.90,False,,,,,D,True,AH,https://www.ah.nl/producten/product/wi232295,2026-08-09,Mitsuba Wasabi crispy rice crackers,drinks-chips-snacks
467590,719261,AH Gezouten pistachenoten,AH,borrel-chips-snacks,"Borrel, chips, snacks",Pistachenoten,3.99,3.99,,,,,350 g,prijs per kg €11.40,False,,,,,C,True,AH,https://www.ah.nl/producten/product/wi467590,2026-08-09,AH Salted pistachios,drinks-chips-snacks
590403,0,AH Kip kerrie salade 4-pack,AH,borrel-chips-snacks,"Borrel, chips, snacks",Kipsalades (beleg),10.76,11.96,10.0,10% volume voordeel,,,4 stuks,,True,AHOO,10% volume voordeel,2026-08-09,2999-12-31,,True,AH,https://www.ah.nl/producten/product/wi590403,2026-08-09,AH Kip kerrie salade 4-pack,drinks-chips-snacks
604907,58676,AH Tzatziki,AH,borrel-chips-snacks,"Borrel, chips, snacks",Dipsaus (vers),1.9967,2.49,19.8,3 voor 5.99,5.99,3.0,130 g,normale prijs per kg €19.15,True,AH,3 VOOR 5.99,2026-08-03,2026-08-09,C,True,AH,https://www.ah.nl/producten/product/wi604907,2026-08-09,AH Tzatziki,drinks-chips-snacks
467592,719265,AH Gezouten pinda's,AH,borrel-chips-snacks,"Borrel, chips, snacks",Pinda's,0.79,0.79,,,,,250 g,prijs per kg €3.16,False,,,,,A,True,AH,https://www.ah.nl/producten/product/wi467592,2026-08-09,AH Salted peanuts,drinks-chips-snacks
619225,0,AH Kip kerrie salade 2-pack,AH,borrel-chips-snacks,"Borrel, chips, snacks",Kipsalades (beleg),5.8,5.98,3.0,3% volume voordeel,,,2 stuks,,True,AHOO,3% volume voordeel,2026-08-09,2999-12-31,,True,AH,https://www.ah.nl/producten/product/wi619225,2026-08-09,AH Kip kerrie salade 2-pack,drinks-chips-snacks
622514,0,AH Tzatiki 2-pack,AH,borrel-chips-snacks,"Borrel, chips, snacks",Dipsaus (vers),4.83,4.98,3.0,3% volume voordeel,,,2 stuks,,True,AHOO,3% volume voordeel,2026-08-10,2999-12-31,,True,AH,https://www.ah.nl/producten/product/wi622514,2026-08-09,AH Tzatiki 2-pack,drinks-chips-snacks
135674,602604,AH Magnetron Popcorn Zout,AH,borrel-chips-snacks,"Borrel, chips, snacks",Popcorn,1.99,1.99,,,,,270 g,prijs per kg €7.37,False,,,,,D,True,AH,https://www.ah.nl/producten/product/wi135674,2026-08-09,AH Magnetron Popcorn Zout,drinks-chips-snacks
415609,857186,AH Pijnboompitten,AH,borrel-chips-snacks,"Borrel, chips, snacks",Pijnboompitten,7.49,7.49,,,,,150 g,prijs per kg €49.93,False,,,,,A,True,AH,https://www.ah.nl/producten/product/wi415609,2026-08-09,AH Pijnboompitten,drinks-chips-snacks
590958,37236,Proper Paprika lentil chips,Proper,borrel-chips-snacks,"Borrel, chips, snacks",Smaakvarianten chips,2.49,2.49,,1 + 1 gratis,,1.0,85 g,normale prijs per kg €29.29,True,AH,1 + 1 gratis,2026-08-10,2026-08-16,E,True,AH,https://www.ah.nl/producten/product/wi590958,2026-08-09,Proper Paprika lentil chips,drinks-chips-snacks
193642,796214,Babybel Original mini 10 stuks,Babybel,borrel-chips-snacks,Kaas,Kaasblokjes,4.99,4.99,,,,,200 g,prijs per kg €24.95,False,,,,,D,True,AH,https://www.ah.nl/producten/product/wi193642,2026-08-09,Babybel Original mini 10 stuks,drinks-chips-snacks
612834,0,Babybel Original mini 10 stuks 3-pack,Babybel,borrel-chips-snacks,Kaas,Kaasblokjes,14.22,14.97,5.0,5% volume voordeel,,,3 stuks,,True,AHOO,5% volume voordeel,2026-08-09,2999-12-31,,True,AH,https://www.ah.nl/producten/product/wi612834,2026-08-09,Babybel Original mini 10 stuks 3-pack,drinks-chips-snacks
619226,0,AH Kip kerrie salade 3-pack,AH,borrel-chips-snacks,"Borrel, chips, snacks",Kipsalades (beleg),8.52,8.97,5.0,5% volume voordeel,,,3 stuks,,True,AHOO,5% volume voordeel,2026-08-09,2999-12-31,,True,AH,https://www.ah.nl/producten/product/wi619226,2026-08-09,AH Chicken curry salad 3-pack,drinks-chips-snacks
468240,720387,AH Honing pinda & cashewnoten,AH,borrel-chips-snacks,"Borrel, chips, snacks",Cashewnoten,1.85,1.85,,,,,200 g,prijs per kg €9.25,False,,,,,D,True,AH,https://www.ah.nl/producten/product/wi468240,2026-08-09,AH Honing pinda & cashewnoten,drinks-chips-snacks
1969,817114,Paturain Knoflook,Paturain,borrel-chips-snacks,Kaas,Roomkaas,1.99,1.99,,,,,90 g,prijs per kg €22.11,False,,,,,D,True,AH,https://www.ah.nl/producten/product/wi1969,2026-08-09,Paturain Garlic,drinks-chips-snacks
217701,812884,AH Ongezouten cranberry notenmix,AH,borrel-chips-snacks,"Borrel, chips, snacks",Notenmix,2.69,2.69,,,,,200 g,prijs per kg €13.45,False,,,,,B,True,AH,https://www.ah.nl/producten/product/wi217701,2026-08-09,AH Ongezouten cranberry notenmix,drinks-chips-snacks
613190,0,Paturain Knoflook 3-pack,Paturain,borrel-chips-snacks,Kaas,Roomkaas,5.67,5.97,5.0,5% volume voordeel,,,3 stuks,,True,AHOO,5% volume voordeel,2026-08-09,2999-12-31,,True,AH,https://www.ah.nl/producten/product/wi613190,2026-08-09,Paturain Garlic 3-pack,drinks-chips-snacks
429373,697036,Calvé Mayonaise,Calvé,soepen-sauzen-kruiden-olie,"Soepen, sauzen, kruiden, olie",Mayonaise,4.09,4.09,,,,,650 ml,prijs per liter €6.29,False,,,,,D,True,AH,https://www.ah.nl/producten/product/wi429373,2026-08-09,Calvé Mayonnaise,soups-sauces-herbs-oil
516642,539709,Hellmann's Real,Hellmann's,soepen-sauzen-kruiden-olie,"Soepen, sauzen, kruiden, olie",Mayonaise,5.59,5.59,,,,,"0,65 l",prijs per liter €8.60,False,,,,,D,True,AH,https://www.ah.nl/producten/product/wi516642,2026-08-09,Hellmann's Real,soups-sauces-herbs-oil
374144,836799,Unox Knaks,Unox,soepen-sauzen-kruiden-olie,Vlees,Knakworst,2.79,2.79,,2 + 1 GRATIS,,2.0,400 g,normale prijs per kg €12.68,True,AH,2 + 1 GRATIS,2026-08-03,2026-08-09,D,True,AH,https://www.ah.nl/producten/product/wi374144,2026-08-09,Unox Knaks,soups-sauces-herbs-oil
590447,0,Unox Knaks 2-pack,Unox,soepen-sauzen-kruiden-olie,Vlees,Knakworst,5.02,5.58,10.0,10% volume voordeel,,,2 stuks,,True,AHOO,10% volume voordeel,2026-08-10,2999-12-31,,True,AH,https://www.ah.nl/producten/product/wi590447,2026-08-09,Unox Knaks 2-pack,soups-sauces-herbs-oil
216494,810991,Heinz Tomato ketchup,Heinz,soepen-sauzen-kruiden-olie,"Soepen, sauzen, kruiden, olie",Ketchup,2.79,2.79,,,,,400 ml,prijs per liter €6.98,False,,,,,D,True,AH,https://www.ah.nl/producten/product/wi216494,2026-08-09,Heinz Tomato ketchup,soups-sauces-herbs-oil
101200,547358,AH Biologisch Natuurazijn,AH Biologisch,soepen-sauzen-kruiden-olie,"Soepen, sauzen, kruiden, olie",Natuurazijn,0.99,0.99,,,,,1 l,prijs per liter €0.99,False,,,,,A,True,AH,https://www.ah.nl/producten/product/wi101200,2026-08-09,AH Biologisch Natuurazijn,soups-sauces-herbs-oil
66067,97762,AH Kip knakworst,AH,soepen-sauzen-kruiden-olie,Vlees,Knakworst,1.75,1.75,,,,,400 g,prijs per kg €8.75,False,,,,,D,True,AH,https://www.ah.nl/producten/product/wi66067,2026-08-09,AH Chicken frankfurter,soups-sauces-herbs-oil
496580,783819,Van Wijngaarden's Zaanse mayonaise,Van Wijngaarden's,soepen-sauzen-kruiden-olie,"Soepen, sauzen, kruiden, olie",Mayonaise,4.19,4.19,,2e Halve Prijs,,2.0,"0,75 l",normale prijs per liter €5.59,True,AH,2e Halve Prijs,2026-08-03,2026-08-09,D,True,AH,https://www.ah.nl/producten/product/wi496580,2026-08-09,Van Wijngaarden's Zaanse mayonaise,soups-sauces-herbs-oil
196672,791231,AH Soepstengels volkoren,AH,soepen-sauzen-kruiden-olie,"Soepen, sauzen, kruiden, olie",Soepstengels,0.75,0.75,,,,,125 g,prijs per kg €6.00,False,,,,,A,True,AH,https://www.ah.nl/producten/product/wi196672,2026-08-09,AH Soepstengels volkoren,soups-sauces-herbs-oil
123848,752374,Unox Romige tomatensoep,Unox,soepen-sauzen-kruiden-olie,"Soepen, sauzen, kruiden, olie",Tomatensoep in zak,3.29,3.29,,1 + 1 gratis,,1.0,570 ml,normale prijs per liter €5.77,True,AH,1 + 1 gratis,2026-08-10,2026-08-16,B,True,AH,https://www.ah.nl/producten/product/wi123848,2026-08-09,Unox Creamy tomato soup,soups-sauces-herbs-oil
608892,0,Unox Romige tomatensoep 2-pack,Unox,soepen-sauzen-kruiden-olie,"Soepen, sauzen, kruiden, olie",Tomatensoep in zak,5.92,6.58,10.0,10% volume voordeel,,,2 stuks,,True,AHOO,10% volume voordeel,2026-08-09,2026-08-09,,True,AH,https://www.ah.nl/producten/product/wi608892,2026-08-09,Unox Creamy tomato soup 2-pack,soups-sauces-herbs-oil
608893,0,Unox Romige tomatensoep 4-pack,Unox,soepen-sauzen-kruiden-olie,"Soepen, sauzen, kruiden, olie",Tomatensoep in zak,9.87,13.16,25.0,25% volume voordeel,,,4 stuks,,True,AHOO,25% volume voordeel,2026-08-09,2026-08-09,,True,AH,https://www.ah.nl/producten/product/wi608893,2026-08-09,Unox Romige tomatensoep 4-pack,soups-sauces-herbs-oil
608894,0,Unox Romige tomatensoep 6-pack,Unox,soepen-sauzen-kruiden-olie,"Soepen, sauzen, kruiden, olie",Tomatensoep in zak,13.82,19.74,30.0,30% volume voordeel,,,6 stuks,,True,AHOO,30% volume voordeel,2026-08-09,2026-08-09,,True,AH,https://www.ah.nl/producten/product/wi608894,2026-08-09,Unox Romige tomatensoep 6-pack,soups-sauces-herbs-oil
519391,636892,Van Wijngaarden's Zaanse mayonaise,Van Wijngaarden's,soepen-sauzen-kruiden-olie,"Soepen, sauzen, kruiden, olie",Mayonaise,1.65,1.65,,2e Halve Prijs,,2.0,200 ml,normale prijs per liter €8.25,True,AH,2e Halve Prijs,2026-08-03,2026-08-09,D,True,AH,https://www.ah.nl/producten/product/wi519391,2026-08-09,Van Wijngaarden's Zaanse mayonaise,soups-sauces-herbs-oil
194759,794438,Remia Friteslijn,Remia,soepen-sauzen-kruiden-olie,"Soepen, sauzen, kruiden, olie",Fritessaus,1.69,2.25,25.0,25% korting,,,350 ml,normale prijs per liter €6.43,True,AH,25% korting,2026-08-10,2026-08-16,C,True,AH,https://www.ah.nl/producten/product/wi194759,2026-08-09,Remia Friteslijn,soups-sauces-herbs-oil
906,5128,AH Zonnebloemolie,AH,soepen-sauzen-kruiden-olie,"Soepen, sauzen, kruiden, olie",Zonnebloemolie,1.49,1.49,,,,,1 l,prijs per liter €1.49,False,,,,,C,True,AH,https://www.ah.nl/producten/product/wi906,2026-08-09,AH Zonnebloemolie,soups-sauces-herbs-oil
182915,644801,AH Knijpfruit appel banaan,AH,soepen-sauzen-kruiden-olie,"Soepen, sauzen, kruiden, olie",Fruitmix conserven,1.85,1.85,,,,,4 x 90 g,prijs per kg €5.14,False,,,,,A,True,AH,https://www.ah.nl/producten/product/wi182915,2026-08-09,AH Knijpfruit appel banaan,soups-sauces-herbs-oil
614420,72056,Knorr Good noodles kip,Knorr,soepen-sauzen-kruiden-olie,"Soepen, sauzen, kruiden, olie",Noedelsoep kip,0.59,1.19,50.0,50% korting,,,70 g,normale prijs per kg €17.00,True,AH,50% korting,2026-08-03,2026-08-09,C,True,AH,https://www.ah.nl/producten/product/wi614420,2026-08-09,Knorr Good noodles chicken,soups-sauces-herbs-oil
624122,0,Knorr Good noodles kip 6-pack,Knorr,soepen-sauzen-kruiden-olie,"Soepen, sauzen, kruiden, olie",Noedelsoep kip,3.57,7.14,50.0,pakketkorting,,,6 stuks,,True,AHOO,,2026-08-09,2026-08-09,,True,AH,https://www.ah.nl/producten/product/wi624122,2026-08-09,Knorr Good noodles kip 6-pack,soups-sauces-herbs-oil
624120,0,Knorr Good noodles kip 4-pack,Knorr,soepen-sauzen-kruiden-olie,"Soepen, sauzen, kruiden, olie",Noedelsoep kip,2.38,4.76,50.0,pakketkorting,,,4 stuks,,True,AHOO,,2026-08-09,2026-08-09,,True,AH,https://www.ah.nl/producten/product/wi624120,2026-08-09,Knorr Good noodles chicken 4-pack,soups-sauces-herbs-oil
189394,791230,AH Soepstengels naturel,AH,soepen-sauzen-kruiden-olie,"Soepen, sauzen, kruiden, olie",Soepstengels,0.75,0.75,,,,,125 g,prijs per kg €6.00,False,,,,,C,True,AH,https://www.ah.nl/producten/product/wi189394,2026-08-09,AH Soepstengels naturel,soups-sauces-herbs-oil
624118,0,Knorr Good noodles kip 2-pack,Knorr,soepen-sauzen-kruiden-olie,"Soepen, sauzen, kruiden, olie",Noedelsoep kip,1.19,2.38,50.0,pakketkorting,,,2 stuks,,True,AHOO,,2026-08-09,2026-08-09,,True,AH,https://www.ah.nl/producten/product/wi624118,2026-08-09,Knorr Good noodles chicken 2-pack,soups-sauces-herbs-oil
189671,791486,Hak Appelmoes extra kwaliteit,Hak,soepen-sauzen-kruiden-olie,"Soepen, sauzen, kruiden, olie","Appelmoes, appelcompote",2.19,2.19,,1 + 1 gratis,,1.0,355 g,normale prijs per kg €6.17,True,AH,1 + 1 gratis,2026-08-10,2026-08-16,A,True,AH,https://www.ah.nl/producten/product/wi189671,2026-08-09,Hak Applesauce extra quality,soups-sauces-herbs-oil
610531,0,Hak Appelmoes extra kwaliteit 4-pack,Hak,soepen-sauzen-kruiden-olie,"Soepen, sauzen, kruiden, olie","Appelmoes, appelcompote",7.88,8.76,10.0,10% volume voordeel,,,4 stuks,,True,AHOO,10% volume voordeel,2026-08-09,2026-08-09,,True,AH,https://www.ah.nl/producten/product/wi610531,2026-08-09,Hak Appelmoes extra kwaliteit 4-pack,soups-sauces-herbs-oil
441050,704698,Hela Kruiden ketchup curry original,Hela,soepen-sauzen-kruiden-olie,"Soepen, sauzen, kruiden, olie",Currysaus,3.39,3.39,,2e Halve Prijs,,2.0,"0,8 l",normale prijs per liter €4.24,True,AH,2e Halve Prijs,2026-08-03,2026-08-09,D,True,AH,https://www.ah.nl/producten/product/wi441050,2026-08-09,Hela Herbal ketchup curry original,soups-sauces-herbs-oil
606909,62287,Knorr Good noodles kip,Knorr,soepen-sauzen-kruiden-olie,"Soepen, sauzen, kruiden, olie",Noedelsoep kip,1.09,2.19,50.0,50% korting,,,65 g,normale prijs per kg €33.69,True,AH,50% korting,2026-08-03,2026-08-09,C,True,AH,https://www.ah.nl/producten/product/wi606909,2026-08-09,Knorr Good noodles chicken,soups-sauces-herbs-oil
612295,0,Heinz Tomato ketchup 2-pack,Heinz,soepen-sauzen-kruiden-olie,"Soepen, sauzen, kruiden, olie",Ketchup,5.3,5.58,5.0,5% volume voordeel,,,2 stuks,,True,AHOO,5% volume voordeel,2026-08-09,2999-12-31,,True,AH,https://www.ah.nl/producten/product/wi612295,2026-08-09,Heinz Tomato ketchup 2-pack,soups-sauces-herbs-oil
624121,0,Knorr Good noodles kip 6pack,Knorr,soepen-sauzen-kruiden-olie,"Soepen, sauzen, kruiden, olie",Noedelsoep kip,6.57,13.14,50.0,pakketkorting,,,6 stuks,,True,AHOO,,2026-08-09,2026-08-09,,True,AH,https://www.ah.nl/producten/product/wi624121,2026-08-09,Knorr Good noodles kip 6pack,soups-sauces-herbs-oil
624119,0,Knorr Good noodles kip 4pack,Knorr,soepen-sauzen-kruiden-olie,"Soepen, sauzen, kruiden, olie",Noedelsoep kip,4.38,8.76,50.0,pakketkorting,,,4 stuks,,True,AHOO,,2026-08-09,2026-08-09,,True,AH,https://www.ah.nl/producten/product/wi624119,2026-08-09,Knorr Good noodles kip 4pack,soups-sauces-herbs-oil
513525,20915,AH Appelmoes 0% suiker toegevoegd 12-pack,AH,soepen-sauzen-kruiden-olie,"Soepen, sauzen, kruiden, olie","Appelmoes, appelcompote",2.29,2.29,,,,,"1,2 kg",prijs per kg €1.91,False,,,,,A,True,AH,https://www.ah.nl/producten/product/wi513525,2026-08-09,AH Appelmoes 0% suiker toegevoegd 12-pack,soups-sauces-herbs-oil
624117,0,Knorr Good noodles kip 2pack,Knorr,soepen-sauzen-kruiden-olie,"Soepen, sauzen, kruiden, olie",Noedelsoep kip,2.19,4.38,50.0,pakketkorting,,,2 stuks,,True,AHOO,,2026-08-09,2026-08-09,,True,AH,https://www.ah.nl/producten/product/wi624117,2026-08-09,Knorr Good noodles kip 2pack,soups-sauces-herbs-oil
56754,514848,AH Ananasstukjes op sap,AH,soepen-sauzen-kruiden-olie,"Soepen, sauzen, kruiden, olie",Ananas- en mango conserven,1.25,1.25,,,,,227 g,prijs per kg €8.93,False,,,,,A,True,AH,https://www.ah.nl/producten/product/wi56754,2026-08-09,AH Ananasstukjes op sap,soups-sauces-herbs-oil
612298,0,Heinz Tomato ketchup 4-pack,Heinz,soepen-sauzen-kruiden-olie,"Soepen, sauzen, kruiden, olie",Ketchup,10.04,11.16,10.0,10% volume voordeel,,,4 stuks,,True,AHOO,10% volume voordeel,2026-08-09,2999-12-31,,True,AH,https://www.ah.nl/producten/product/wi612298,2026-08-09,Heinz Tomato ketchup 4-pack,soups-sauces-herbs-oil
167882,644802,AH Knijpfruit appel-peer,AH,soepen-sauzen-kruiden-olie,"Soepen, sauzen, kruiden, olie",Fruitmix conserven,1.89,1.89,,,,,4 x 90 g,prijs per kg €5.25,False,,,,,A,True,AH,https://www.ah.nl/producten/product/wi167882,2026-08-09,AH Knijpfruit apple-pear,soups-sauces-herbs-oil
130071,589846,AH Satésaus kant & klaar.,AH,soepen-sauzen-kruiden-olie,"Soepen, sauzen, kruiden, olie",Satésaus,1.49,1.49,,,,,500 g,prijs per kg €2.98,False,,,,,D,True,AH,https://www.ah.nl/producten/product/wi130071,2026-08-09,AH Satésaus kant & klaar.,soups-sauces-herbs-oil
191060,793702,Unox Chinese tomatensoep,Unox,soepen-sauzen-kruiden-olie,"Soepen, sauzen, kruiden, olie",Tomatensoep in zak,3.85,3.85,,1 + 1 gratis,,1.0,570 ml,normale prijs per liter €6.75,True,AH,1 + 1 gratis,2026-08-10,2026-08-16,B,True,AH,https://www.ah.nl/producten/product/wi191060,2026-08-09,Unox Chinese tomatensoep,soups-sauces-herbs-oil
608862,0,Unox Chinese tomatensoep 2-pack,Unox,soepen-sauzen-kruiden-olie,"Soepen, sauzen, kruiden, olie",Tomatensoep in zak,6.93,7.7,10.0,10% volume voordeel,,,2 stuks,,True,AHOO,10% volume voordeel,2026-08-09,2026-08-09,,True,AH,https://www.ah.nl/producten/product/wi608862,2026-08-09,Unox Chinese tomatensoep 2-pack,soups-sauces-herbs-oil
579111,0,AH Geroosterde pijnboompitten 2-pack,AH,soepen-sauzen-kruiden-olie,"Soepen, sauzen, kruiden, olie",Soepmixen,3.82,3.98,4.0,4% volume voordeel,,,2 stuks,,True,AHOO,4% volume voordeel,2026-08-09,2999-12-31,,True,AH,https://www.ah.nl/producten/product/wi579111,2026-08-09,AH Roasted pine nuts 2-pack,soups-sauces-herbs-oil
811,25662,AH Appelmoes 0% suiker toegevoegd,AH,soepen-sauzen-kruiden-olie,"Soepen, sauzen, kruiden, olie","Appelmoes, appelcompote",0.85,0.85,,,,,355 g,prijs per kg €2.39,False,,,,,A,True,AH,https://www.ah.nl/producten/product/wi811,2026-08-09,AH Applesauce 0% sugar added,soups-sauces-herbs-oil
608863,0,Unox Chinese tomatensoep 4-pack,Unox,soepen-sauzen-kruiden-olie,"Soepen, sauzen, kruiden, olie",Tomatensoep in zak,11.55,15.4,25.0,25% volume voordeel,,,4 stuks,,True,AHOO,25% volume voordeel,2026-08-09,2026-08-09,,True,AH,https://www.ah.nl/producten/product/wi608863,2026-08-09,Unox Chinese tomato soup 4-pack,soups-sauces-herbs-oil
608864,0,Unox Chinese tomatensoep 6-pack,Unox,soepen-sauzen-kruiden-olie,"Soepen, sauzen, kruiden, olie",Tomatensoep in zak,16.17,23.1,30.0,30% volume voordeel,,,6 stuks,,True,AHOO,30% volume voordeel,2026-08-09,2026-08-09,,True,AH,https://www.ah.nl/producten/product/wi608864,2026-08-09,Unox Chinese tomato soup 6-pack,soups-sauces-herbs-oil
169447,752401,Unox Klassieke tomatensoep,Unox,soepen-sauzen-kruiden-olie,"Soepen, sauzen, kruiden, olie",Tomatensoep in zak,4.69,4.69,,1 + 1 gratis,,1.0,570 ml,normale prijs per liter €8.23,True,AH,1 + 1 gratis,2026-08-10,2026-08-16,A,True,AH,https://www.ah.nl/producten/product/wi169447,2026-08-09,Unox Klassieke tomatensoep,soups-sauces-herbs-oil
608883,0,Unox Klassieke tomatensoep 2-pack,Unox,soepen-sauzen-kruiden-olie,"Soepen, sauzen, kruiden, olie",Tomatensoep in zak,8.44,9.38,10.0,10% volume voordeel,,,2 stuks,,True,AHOO,10% volume voordeel,2026-08-09,2026-08-09,,True,AH,https://www.ah.nl/producten/product/wi608883,2026-08-09,Unox Klassieke tomatensoep 2-pack,soups-sauces-herbs-oil
608884,0,Unox Klassieke tomatensoep 4-pack,Unox,soepen-sauzen-kruiden-olie,"Soepen, sauzen, kruiden, olie",Tomatensoep in zak,14.07,18.76,25.0,25% volume voordeel,,,4 stuks,,True,AHOO,25% volume voordeel,2026-08-09,2026-08-09,,True,AH,https://www.ah.nl/producten/product/wi608884,2026-08-09,Unox Classic tomato soup 4-pack,soups-sauces-herbs-oil
578336,0,Doritos Sweet chilli pepper 3-pack,Doritos,soepen-sauzen-kruiden-olie,"Soepen, sauzen, kruiden, olie",Satésaus,6.24,6.57,5.0,5% volume voordeel,,,3 stuks,,True,AHOO,5% volume voordeel,2026-08-09,2999-12-31,,True,AH,https://www.ah.nl/producten/product/wi578336,2026-08-09,Doritos Sweet chilli pepper 3-pack,soups-sauces-herbs-oil
608885,0,Unox Klassieke tomatensoep 6-pack,Unox,soepen-sauzen-kruiden-olie,"Soepen, sauzen, kruiden, olie",Tomatensoep in zak,19.7,28.14,30.0,30% volume voordeel,,,6 stuks,,True,AHOO,30% volume voordeel,2026-08-09,2026-08-09,,True,AH,https://www.ah.nl/producten/product/wi608885,2026-08-09,Unox Klassieke tomatensoep 6-pack,soups-sauces-herbs-oil
556728,663502,AH Pastasaus basilicum,AH,soepen-sauzen-kruiden-olie,"Pasta, rijst, wereldkeuken",Pastasaus in pot,1.55,1.55,,,,,520 g,prijs per kg €2.98,False,,,,,C,True,AH,https://www.ah.nl/producten/product/wi556728,2026-08-09,AH Pastasaus basilicum,soups-sauces-herbs-oil
485545,740235,Remia Satésaus kant & klaar,Remia,soepen-sauzen-kruiden-olie,"Soepen, sauzen, kruiden, olie",Satésaus,1.64,2.19,25.0,25% korting,,,325 g,normale prijs per kg €6.74,True,AH,25% korting,2026-08-10,2026-08-16,C,True,AH,https://www.ah.nl/producten/product/wi485545,2026-08-09,Remia Satay sauce ready-made,soups-sauces-herbs-oil
130084,101806,Yum Yum Chicken flavour instant noodles,Yum Yum,soepen-sauzen-kruiden-olie,"Soepen, sauzen, kruiden, olie",Noedelsoep kip,0.65,0.65,,2 + 2 gratis,,2.0,60 g,normale prijs per kg €10.83,True,AH,2 + 2 gratis,2026-08-10,2026-08-16,C,True,AH,https://www.ah.nl/producten/product/wi130084,2026-08-09,Yum Yum Chicken flavor instant noodles,soups-sauces-herbs-oil
48896,501576,AH Olijfolie traditioneel,AH,soepen-sauzen-kruiden-olie,"Soepen, sauzen, kruiden, olie",Olijfolie basis,5.09,5.09,,,,,"0,5 l",prijs per liter €10.18,False,,,,,B,True,AH,https://www.ah.nl/producten/product/wi48896,2026-08-09,AH Olive oil traditional,soups-sauces-herbs-oil
169449,752403,Unox Heldere kippensoep,Unox,soepen-sauzen-kruiden-olie,"Soepen, sauzen, kruiden, olie",Kippensoep in zak,3.69,3.69,,1 + 1 gratis,,1.0,570 ml,normale prijs per liter €6.47,True,AH,1 + 1 gratis,2026-08-10,2026-08-16,C,True,AH,https://www.ah.nl/producten/product/wi169449,2026-08-09,Unox Heldere kippensoep,soups-sauces-herbs-oil
492034,746527,AH Bouillon groente,AH,soepen-sauzen-kruiden-olie,"Soepen, sauzen, kruiden, olie",Bouillonblokjes groenten,0.55,0.55,,,,,120 g,prijs per kg €4.58,False,,,,,C,True,AH,https://www.ah.nl/producten/product/wi492034,2026-08-09,AH Bouillon groente,soups-sauces-herbs-oil
614421,72057,Knorr Good noodles groente,Knorr,soepen-sauzen-kruiden-olie,"Soepen, sauzen, kruiden, olie",Noedelsoep groenten,0.59,1.19,50.0,50% korting,,,70 g,normale prijs per kg €17.00,True,AH,50% korting,2026-08-03,2026-08-09,C,True,AH,https://www.ah.nl/producten/product/wi614421,2026-08-09,Knorr Good noodles groente,soups-sauces-herbs-oil
608878,0,Unox Heldere kippensoep 2-pack,Unox,soepen-sauzen-kruiden-olie,"Soepen, sauzen, kruiden, olie",Kippensoep in zak,6.64,7.38,10.0,10% volume voordeel,,,2 stuks,,True,AHOO,10% volume voordeel,2026-08-09,2026-08-09,,True,AH,https://www.ah.nl/producten/product/wi608878,2026-08-09,Unox Heldere kippensoep 2-pack,soups-sauces-herbs-oil
624113,0,Knorr Good noodles groente 6-pack,Knorr,soepen-sauzen-kruiden-olie,"Soepen, sauzen, kruiden, olie",Noedelsoep groenten,3.57,7.14,50.0,pakketkorting,,,6 stuks,,True,AHOO,,2026-08-09,2026-08-09,,True,AH,https://www.ah.nl/producten/product/wi624113,2026-08-09,Knorr Good noodles groente 6-pack,soups-sauces-herbs-oil
608879,0,Unox Heldere kippensoep 4-pack,Unox,soepen-sauzen-kruiden-olie,"Soepen, sauzen, kruiden, olie",Kippensoep in zak,11.07,14.76,25.0,25% volume voordeel,,,4 stuks,,True,AHOO,25% volume voordeel,2026-08-09,2026-08-09,,True,AH,https://www.ah.nl/producten/product/wi608879,2026-08-09,Unox Heldere kippensoep 4-pack,soups-sauces-herbs-oil
608880,0,Unox Heldere kippensoep 6-pack,Unox,soepen-sauzen-kruiden-olie,"Soepen, sauzen, kruiden, olie",Kippensoep in zak,15.5,22.14,30.0,30% volume voordeel,,,6 stuks,,True,AHOO,30% volume voordeel,2026-08-09,2026-08-09,,True,AH,https://www.ah.nl/producten/product/wi608880,2026-08-09,Unox Heldere kippensoep 6-pack,soups-sauces-herbs-oil
166519,640821,Remia Mayonaise extra romig,Remia,soepen-sauzen-kruiden-olie,"Soepen, sauzen, kruiden, olie",Mayonaise,1.79,2.39,25.0,25% korting,,,"0,5 l",normale prijs per liter €4.78,True,AH,25% korting,2026-08-10,2026-08-16,D,True,AH,https://www.ah.nl/producten/product/wi166519,2026-08-09,Remia Mayonaise extra romig,soups-sauces-herbs-oil
624111,0,Knorr Good noodles groente 4-pack,Knorr,soepen-sauzen-kruiden-olie,"Soepen, sauzen, kruiden, olie",Noedelsoep groenten,2.38,4.76,50.0,pakketkorting,,,4 stuks,,True,AHOO,,2026-08-09,2026-08-09,,True,AH,https://www.ah.nl/producten/product/wi624111,2026-08-09,Knorr Good noodles vegetable 4-pack,soups-sauces-herbs-oil
624109,0,Knorr Good noodles groente 2-pack,Knorr,soepen-sauzen-kruiden-olie,"Soepen, sauzen, kruiden, olie",Noedelsoep groenten,1.19,2.38,50.0,pakketkorting,,,2 stuks,,True,AHOO,,2026-08-09,2026-08-09,,True,AH,https://www.ah.nl/producten/product/wi624109,2026-08-09,Knorr Good noodles groente 2-pack,soups-sauces-herbs-oil
193937,793710,Unox Romige champignonsoep,Unox,soepen-sauzen-kruiden-olie,"Soepen, sauzen, kruiden, olie",Champignonsoep in zak,3.99,3.99,,1 + 1 gratis,,1.0,570 ml,normale prijs per liter €7.00,True,AH,1 + 1 gratis,2026-08-10,2026-08-16,C,True,AH,https://www.ah.nl/producten/product/wi193937,2026-08-09,Unox Romige champignonsoep,soups-sauces-herbs-oil
608890,0,Unox Romige champignonsoep 2-pack,Unox,soepen-sauzen-kruiden-olie,"Soepen, sauzen, kruiden, olie",Champignonsoep in zak,7.18,7.98,10.0,10% volume voordeel,,,2 stuks,,True,AHOO,10% volume voordeel,2026-08-09,2026-08-09,,True,AH,https://www.ah.nl/producten/product/wi608890,2026-08-09,Unox Creamy mushroom soup 2-pack,soups-sauces-herbs-oil
590446,0,Unox Romige champignonsoep 4-pack,Unox,soepen-sauzen-kruiden-olie,"Soepen, sauzen, kruiden, olie",Champignonsoep in zak,11.97,15.96,25.0,25% volume voordeel,,,4 stuks,,True,AHOO,25% volume voordeel,2026-08-09,2026-08-09,,True,AH,https://www.ah.nl/producten/product/wi590446,2026-08-09,Unox Creamy mushroom soup 4-pack,soups-sauces-herbs-oil
608891,0,Unox Romige champignonsoep 6-pack,Unox,soepen-sauzen-kruiden-olie,"Soepen, sauzen, kruiden, olie",Champignonsoep in zak,16.76,23.94,30.0,30% volume voordeel,,,6 stuks,,True,AHOO,30% volume voordeel,2026-08-09,2026-08-09,,True,AH,https://www.ah.nl/producten/product/wi608891,2026-08-09,Unox Romige champignonsoep 6-pack,soups-sauces-herbs-oil
442052,83259,AH Magere knakworst,AH,soepen-sauzen-kruiden-olie,Vlees,Knakworst,1.99,1.99,,,,,400 g,prijs per kg €9.95,False,,,,,C,True,AH,https://www.ah.nl/producten/product/wi442052,2026-08-09,AH Lean sausage,soups-sauces-herbs-oil
37774,529826,AH Natuurazijn wit 6 maanden gerijpt,AH,soepen-sauzen-kruiden-olie,"Soepen, sauzen, kruiden, olie",Natuurazijn,0.99,0.99,,,,,1 l,prijs per liter €0.99,False,,,,,A,True,AH,https://www.ah.nl/producten/product/wi37774,2026-08-09,AH Natuurazijn wit 6 maanden gerijpt,soups-sauces-herbs-oil
485641,740652,Van Wijngaarden's Zaanse mayonaise,Van Wijngaarden's,soepen-sauzen-kruiden-olie,"Soepen, sauzen, kruiden, olie",Mayonaise,2.59,2.59,,2e Halve Prijs,,2.0,325 ml,normale prijs per liter €7.97,True,AH,2e Halve Prijs,2026-08-03,2026-08-09,D,True,AH,https://www.ah.nl/producten/product/wi485641,2026-08-09,Van Wijngaarden's Zaanse mayonaise,soups-sauces-herbs-oil
516647,569847,Wijko Satésaus kant en klaar,Wijko,soepen-sauzen-kruiden-olie,"Soepen, sauzen, kruiden, olie",Satésaus,2.39,2.39,,,,,270 g,prijs per kg €8.85,False,,,,,D,True,AH,https://www.ah.nl/producten/product/wi516647,2026-08-09,Wijko Satésaus kant en klaar,soups-sauces-herbs-oil
3401,771992,Heinz Tomato ketchup,Heinz,soepen-sauzen-kruiden-olie,"Soepen, sauzen, kruiden, olie",Ketchup,1.99,1.99,,,,,220 ml,prijs per liter €9.05,False,,,,,D,True,AH,https://www.ah.nl/producten/product/wi3401,2026-08-09,Heinz Tomato ketchup,soups-sauces-herbs-oil
516656,696458,Wijko Satésaus kant & klaar,Wijko,soepen-sauzen-kruiden-olie,"Soepen, sauzen, kruiden, olie",Satésaus,3.69,3.69,,,,,520 g,prijs per kg €7.10,False,,,,,D,True,AH,https://www.ah.nl/producten/product/wi516656,2026-08-09,Wijko Satay sauce ready & ready,soups-sauces-herbs-oil
467626,719129,AH Mayonaise,AH,soepen-sauzen-kruiden-olie,"Soepen, sauzen, kruiden, olie",Mayonaise,2.49,2.49,,,,,"0,75 l",prijs per liter €3.32,False,,,,,D,True,AH,https://www.ah.nl/producten/product/wi467626,2026-08-09,AH Mayonaise,soups-sauces-herbs-oil
509290,713602,AH Stukjes ananas op sap,AH,soepen-sauzen-kruiden-olie,"Soepen, sauzen, kruiden, olie",Ananas- en mango conserven,2.15,2.15,,,,,567 g,prijs per kg €6.32,False,,,,,A,True,AH,https://www.ah.nl/producten/product/wi509290,2026-08-09,AH Stukjes ananas op sap,soups-sauces-herbs-oil
612542,0,Wijko Satésaus kant & klaar 3-pack,Wijko,soepen-sauzen-kruiden-olie,"Soepen, sauzen, kruiden, olie",Satésaus,10.52,11.07,5.0,5% volume voordeel,,,3 stuks,,True,AHOO,5% volume voordeel,2026-08-09,2999-12-31,,True,AH,https://www.ah.nl/producten/product/wi612542,2026-08-09,Wijko Satésaus kant & klaar 3-pack,soups-sauces-herbs-oil
239736,832558,Hellmann's Real,Hellmann's,soepen-sauzen-kruiden-olie,"Soepen, sauzen, kruiden, olie",Mayonaise,4.59,4.59,,,,,430 ml,prijs per liter €10.67,False,,,,,D,True,AH,https://www.ah.nl/producten/product/wi239736,2026-08-09,Hellmann's Real,soups-sauces-herbs-oil
612296,0,Heinz Tomato ketchup 2-pack,Heinz,soepen-sauzen-kruiden-olie,"Soepen, sauzen, kruiden, olie",Ketchup,3.78,3.98,5.0,5% volume voordeel,,,2 stuks,,True,AHOO,5% volume voordeel,2026-08-09,2999-12-31,,True,AH,https://www.ah.nl/producten/product/wi612296,2026-08-09,Heinz Tomato ketchup 2-pack,soups-sauces-herbs-oil
58043,518516,AH Olijfolie extra vierge,AH,soepen-sauzen-kruiden-olie,"Soepen, sauzen, kruiden, olie",Olijfolie extra vierge,7.19,9.69,25.8,€2.50 euro korting,,,1 l,normale prijs per liter €9.69,True,AH,2.50 EURO KORTING,2026-08-03,2026-08-09,B,True,AH,https://www.ah.nl/producten/product/wi58043,2026-08-09,AH Olive oil extra virgin,soups-sauces-herbs-oil
600450,0,Wijko Satesaus kant en klaar 3-pack,Wijko,soepen-sauzen-kruiden-olie,"Soepen, sauzen, kruiden, olie",Satésaus,6.45,7.17,10.0,10% volume voordeel,,,3 stuks,,True,AHOO,10% volume voordeel,2026-08-09,2999-12-31,,True,AH,https://www.ah.nl/producten/product/wi600450,2026-08-09,Wijko Satesaus kant en klaar 3-pack,soups-sauces-herbs-oil
608689,0,Hellmann's Real mayonaise430 2-pack,Hellmann's,soepen-sauzen-kruiden-olie,"Soepen, sauzen, kruiden, olie",Mayonaise,8.26,9.18,10.0,10% volume voordeel,,,2 stuks,,True,AHOO,10% volume voordeel,2026-08-09,2999-12-31,,True,AH,https://www.ah.nl/producten/product/wi608689,2026-08-09,Hellmann's Real mayonaise430 2-pack,soups-sauces-herbs-oil
416658,857372,AH Biologisch Basis tomatensaus basilicum,AH Biologisch,soepen-sauzen-kruiden-olie,"Pasta, rijst, wereldkeuken",Pastasaus in pot,1.55,1.55,,,,,390 g,prijs per kg €3.97,False,,,,,A,True,AH,https://www.ah.nl/producten/product/wi416658,2026-08-09,AH Organic Basic tomato sauce basil,soups-sauces-herbs-oil
612543,0,Wijko Satésaus kant & klaar 6-pack,Wijko,soepen-sauzen-kruiden-olie,"Soepen, sauzen, kruiden, olie",Satésaus,19.93,22.14,10.0,10% volume voordeel,,,6 stuks,,True,AHOO,10% volume voordeel,2026-08-09,2999-12-31,,True,AH,https://www.ah.nl/producten/product/wi612543,2026-08-09,Wijko Satay sauce ready-made 6-pack,soups-sauces-herbs-oil
608692,0,Hellmann's Real mayonaise430 3-pack,Hellmann's,soepen-sauzen-kruiden-olie,"Soepen, sauzen, kruiden, olie",Mayonaise,11.02,13.77,20.0,20% volume voordeel,,,3 stuks,,True,AHOO,20% volume voordeel,2026-08-09,2999-12-31,,True,AH,https://www.ah.nl/producten/product/wi608692,2026-08-09,Hellmann's Real mayonnaise430 3-pack,soups-sauces-herbs-oil
233988,826818,Hak Appelmoes 0%,Hak,soepen-sauzen-kruiden-olie,"Soepen, sauzen, kruiden, olie","Appelmoes, appelcompote",2.49,2.49,,1 + 1 gratis,,1.0,350 g,normale prijs per kg €7.11,True,AH,1 + 1 gratis,2026-08-10,2026-08-16,A,True,AH,https://www.ah.nl/producten/product/wi233988,2026-08-09,Hak Appelmoes 0%,soups-sauces-herbs-oil
610237,0,Hak Appelmoes 0% 4-pack,Hak,soepen-sauzen-kruiden-olie,"Soepen, sauzen, kruiden, olie","Appelmoes, appelcompote",8.96,9.96,10.0,10% volume voordeel,,,4 stuks,,True,AHOO,10% volume voordeel,2026-08-09,2026-08-09,,True,AH,https://www.ah.nl/producten/product/wi610237,2026-08-09,Hak Appelmoes 0% 4-pack,soups-sauces-herbs-oil
122302,89743,Go-Tan Gehakte knoflook,Go-Tan,soepen-sauzen-kruiden-olie,"Soepen, sauzen, kruiden, olie",Gember en knoflook (conserven),2.29,2.29,,,,,100 g,prijs per kg €22.90,False,,,,,C,True,AH,https://www.ah.nl/producten/product/wi122302,2026-08-09,Go-Tan Gehakte knoflook,soups-sauces-herbs-oil
38438,501847,Conimex Marinademix saté,Conimex,soepen-sauzen-kruiden-olie,"Soepen, sauzen, kruiden, olie",Marinade,0.99,0.99,,,,,38 g,prijs per kg €26.05,False,,,,,E,True,AH,https://www.ah.nl/producten/product/wi38438,2026-08-09,Conimex Marinade mix satay,soups-sauces-herbs-oil
602974,0,AH Magere knakworst 3-pack,AH,soepen-sauzen-kruiden-olie,Vlees,Knakworst,5.67,5.97,5.0,5% volume voordeel,,,3 stuks,,True,AHOO,5% volume voordeel,2026-08-09,2999-12-31,,True,AH,https://www.ah.nl/producten/product/wi602974,2026-08-09,AH Lean sausage 3-pack,soups-sauces-herbs-oil
166523,640826,Remia Fritessaus classic,Remia,soepen-sauzen-kruiden-olie,"Soepen, sauzen, kruiden, olie",Fritessaus,1.57,2.09,25.0,25% korting,,,"0,5 l",normale prijs per liter €4.18,True,AH,25% korting,2026-08-10,2026-08-16,D,True,AH,https://www.ah.nl/producten/product/wi166523,2026-08-09,Remia Fritessaus classic,soups-sauces-herbs-oil
612544,0,Wijko Satésaus kant en klaar 3-pack,Wijko,soepen-sauzen-kruiden-olie,"Soepen, sauzen, kruiden, olie",Satésaus,6.81,7.17,5.0,5% volume voordeel,,,3 stuks,,True,AHOO,5% volume voordeel,2026-08-09,2999-12-31,,True,AH,https://www.ah.nl/producten/product/wi612544,2026-08-09,Wijko Satésaus kant en klaar 3-pack,soups-sauces-herbs-oil
465768,716394,Heinz Tomato ketchup zero toegevoegde suikers,Heinz,soepen-sauzen-kruiden-olie,"Soepen, sauzen, kruiden, olie",Ketchup,3.29,3.29,,,,,400 ml,prijs per liter €8.23,False,,,,,A,True,AH,https://www.ah.nl/producten/product/wi465768,2026-08-09,Heinz Tomato ketchup zero toegevoegde suikers,soups-sauces-herbs-oil
516341,65847,Oliehoorn Currysaus,Oliehoorn,soepen-sauzen-kruiden-olie,"Soepen, sauzen, kruiden, olie",Currysaus,3.99,3.99,,,,,"0,75 l",prijs per liter €5.32,False,,,,,D,True,AH,https://www.ah.nl/producten/product/wi516341,2026-08-09,Oliehoorn Curry Sauce,soups-sauces-herbs-oil
612299,0,Heinz Tomato ketchup 4-pack,Heinz,soepen-sauzen-kruiden-olie,"Soepen, sauzen, kruiden, olie",Ketchup,7.16,7.96,10.0,10% volume voordeel,,,4 stuks,,True,AHOO,10% volume voordeel,2026-08-09,2999-12-31,,True,AH,https://www.ah.nl/producten/product/wi612299,2026-08-09,Heinz Tomato ketchup 4-pack,soups-sauces-herbs-oil
162855,752391,Unox Hollandse erwtensoep,Unox,soepen-sauzen-kruiden-olie,"Soepen, sauzen, kruiden, olie",Erwtensoep in zak,3.15,3.15,,1 + 1 gratis,,1.0,570 ml,normale prijs per liter €5.53,True,AH,1 + 1 gratis,2026-08-10,2026-08-16,B,True,AH,https://www.ah.nl/producten/product/wi162855,2026-08-09,Unox Hollandse erwtensoep,soups-sauces-herbs-oil
612545,0,Wijko Satésaus kant en klaar 6-pack,Wijko,soepen-sauzen-kruiden-olie,"Soepen, sauzen, kruiden, olie",Satésaus,12.91,14.34,10.0,10% volume voordeel,,,6 stuks,,True,AHOO,10% volume voordeel,2026-08-09,2999-12-31,,True,AH,https://www.ah.nl/producten/product/wi612545,2026-08-09,Wijko Satésaus kant en klaar 6-pack,soups-sauces-herbs-oil
467793,719130,AH Knoflooksaus,AH,soepen-sauzen-kruiden-olie,"Soepen, sauzen, kruiden, olie",Knoflooksaus,1.25,1.25,,,,,300 ml,prijs per liter €4.17,False,,,,,D,True,AH,https://www.ah.nl/producten/product/wi467793,2026-08-09,AH Knoflooksaus,soups-sauces-herbs-oil
608881,0,Unox Hollandse erwtensoep 2-pack,Unox,soepen-sauzen-kruiden-olie,"Soepen, sauzen, kruiden, olie",Erwtensoep in zak,5.67,6.3,10.0,10% volume voordeel,,,2 stuks,,True,AHOO,10% volume voordeel,2026-08-09,2026-08-09,,True,AH,https://www.ah.nl/producten/product/wi608881,2026-08-09,Unox Hollandse erwtensoep 2-pack,soups-sauces-herbs-oil
418284,689619,AH Terra Verse pureersoep tomaat oregano,AH Terra,soepen-sauzen-kruiden-olie,"Maaltijden, salades",Verse soepen,3.5,4.49,22.0,2 voor 7.00,7.0,2.0,638 g,normale prijs per kg €7.04,True,AH,2 VOOR 7.00,2026-08-03,2026-08-09,B,True,AH,https://www.ah.nl/producten/product/wi418284,2026-08-09,AH Terra Verse pureersoep tomaat oregano,soups-sauces-herbs-oil
504934,834676,Yum Yum Chicken 5-pack,Yum Yum,soepen-sauzen-kruiden-olie,"Soepen, sauzen, kruiden, olie",Noedelsoep kip,2.99,2.99,,2 + 2 gratis,,2.0,5 x 60 g,normale prijs per kg €9.97,True,AH,2 + 2 gratis,2026-08-10,2026-08-16,C,True,AH,https://www.ah.nl/producten/product/wi504934,2026-08-09,Yum Yum Chicken 5-pack,soups-sauces-herbs-oil
590445,0,Unox Hollandse erwtensoep 4-pack,Unox,soepen-sauzen-kruiden-olie,"Soepen, sauzen, kruiden, olie",Erwtensoep in zak,9.45,12.6,25.0,25% volume voordeel,,,4 stuks,,True,AHOO,25% volume voordeel,2026-08-09,2026-08-09,,True,AH,https://www.ah.nl/producten/product/wi590445,2026-08-09,Unox Dutch pea soup 4-pack,soups-sauces-herbs-oil
608882,0,Unox Hollandse erwtensoep 6-pack,Unox,soepen-sauzen-kruiden-olie,"Soepen, sauzen, kruiden, olie",Erwtensoep in zak,13.23,18.9,30.0,30% volume voordeel,,,6 stuks,,True,AHOO,30% volume voordeel,2026-08-09,2026-08-09,,True,AH,https://www.ah.nl/producten/product/wi608882,2026-08-09,Unox Hollandse erwtensoep 6-pack,soups-sauces-herbs-oil
612311,0,Heinz zero toegevoegde suikers 2-pack,Heinz,soepen-sauzen-kruiden-olie,"Soepen, sauzen, kruiden, olie",Ketchup,6.25,6.58,5.0,5% volume voordeel,,,2 stuks,,True,AHOO,5% volume voordeel,2026-08-09,2999-12-31,,True,AH,https://www.ah.nl/producten/product/wi612311,2026-08-09,Heinz zero toegevoegde suikers 2-pack,soups-sauces-herbs-oil
133397,622080,Mars Minimix repen uitdeelzak,Mars,koek-snoep-chocolade,"Koek, snoep, chocolade",Candybars minis,5.99,5.99,,,,,500 g,prijs per kg €11.98,False,,,,,E,True,AH,https://www.ah.nl/producten/product/wi133397,2026-08-09,Mars Minimix bars distribution bag,cookie-candy-chocolate
594619,43292,Verkade Melk chocoladereep,Verkade,koek-snoep-chocolade,"Koek, snoep, chocolade",Melkchocolade met smaak,2.19,2.19,,,,,90 g,prijs per kg €24.33,False,,,,,E,True,AH,https://www.ah.nl/producten/product/wi594619,2026-08-09,Verkade Melk chocoladereep,cookie-candy-chocolate
142548,616021,AH Roomboter stroopwafels,AH,koek-snoep-chocolade,"Koek, snoep, chocolade",Stroopwafels,2.19,2.19,,,,,12 stuks,,False,,,,,E,True,AH,https://www.ah.nl/producten/product/wi142548,2026-08-09,AH Roomboter stroopwafels,cookie-candy-chocolate
480030,734239,AH Zaans huisje melkchocolade,AH,koek-snoep-chocolade,"Koek, snoep, chocolade",Koekjes met chocolade,1.49,1.49,,,,,125 g,prijs per kg €11.92,False,,,,,E,True,AH,https://www.ah.nl/producten/product/wi480030,2026-08-09,AH Zaans huisje melkchocolade,cookie-candy-chocolate
3640,7918,LU Bastogne original,LU,koek-snoep-chocolade,"Koek, snoep, chocolade",Alledaagse koeken,2.15,2.15,,,,,260 g,prijs per kg €8.27,False,,,,,E,True,AH,https://www.ah.nl/producten/product/wi3640,2026-08-09,LU Bastogne original,cookie-candy-chocolate
549476,68599,Lotus Biscoff Speculoos XL,Lotus Biscoff,koek-snoep-chocolade,"Koek, snoep, chocolade",Speculaas,2.39,2.39,,,,,250 g,prijs per kg €9.56,False,,,,,E,True,AH,https://www.ah.nl/producten/product/wi549476,2026-08-09,Lotus Biscoff Speculoos XL,cookie-candy-chocolate
165965,637044,Oreo Original,Oreo,koek-snoep-chocolade,"Koek, snoep, chocolade",Koekjes met chocolade,1.15,1.15,,,,,154 g,prijs per kg €7.47,False,,,,,E,True,AH,https://www.ah.nl/producten/product/wi165965,2026-08-09,Oreo Original,cookie-candy-chocolate
605387,60036,AH Stroopwafels,AH,koek-snoep-chocolade,"Koek, snoep, chocolade",Stroopwafels,0.69,0.69,,,,,390 g,prijs per kg €1.77,False,,,,,E,True,AH,https://www.ah.nl/producten/product/wi605387,2026-08-09,AH Stroopwafels,cookie-candy-chocolate
378850,839074,AH Penny wafels,AH,koek-snoep-chocolade,"Koek, snoep, chocolade",Wafels,0.85,0.85,,,,,150 g,prijs per kg €5.67,False,,,,,E,True,AH,https://www.ah.nl/producten/product/wi378850,2026-08-09,AH Penny wafels,cookie-candy-chocolate
573535,0,LU Bastogne original 3-pack,LU,koek-snoep-chocolade,"Koek, snoep, chocolade",Alledaagse koeken,5.8,6.45,10.0,10% volume voordeel,,,3 stuks,,True,AHOO,10% volume voordeel,2026-08-09,2999-12-31,,True,AH,https://www.ah.nl/producten/product/wi573535,2026-08-09,LU Bastogne original 3-pack,cookie-candy-chocolate
611525,0,LU Bastogne original 2-pack,LU,koek-snoep-chocolade,"Koek, snoep, chocolade",Alledaagse koeken,4.08,4.3,5.0,5% volume voordeel,,,2 stuks,,True,AHOO,5% volume voordeel,2026-08-09,2999-12-31,,True,AH,https://www.ah.nl/producten/product/wi611525,2026-08-09,LU Bastogne original 2-pack,cookie-candy-chocolate
572362,0,Oreo Original koekjes 3-pack,Oreo,koek-snoep-chocolade,"Koek, snoep, chocolade",Koekjes met chocolade,3.21,3.45,7.0,7% volume voordeel,,,3 stuks,,True,AHOO,7% volume voordeel,2026-08-09,2999-12-31,,True,AH,https://www.ah.nl/producten/product/wi572362,2026-08-09,Oreo Original koekjes 3-pack,cookie-candy-chocolate
611556,0,Oreo Original 2-pack,Oreo,koek-snoep-chocolade,"Koek, snoep, chocolade",Koekjes met chocolade,2.18,2.3,5.0,5% volume voordeel,,,2 stuks,,True,AHOO,5% volume voordeel,2026-08-09,2999-12-31,,True,AH,https://www.ah.nl/producten/product/wi611556,2026-08-09,Oreo Original 2-pack,cookie-candy-chocolate
36783,44370,AH Tarwebloem,AH,koek-snoep-chocolade,Bakkerij,Tarwebloem,0.85,0.85,,,,,1 kg,prijs per kg €0.85,False,,,,,A,True,AH,https://www.ah.nl/producten/product/wi36783,2026-08-09,AH Wheat flour,cookie-candy-chocolate
611557,0,Oreo Original 6-pack,Oreo,koek-snoep-chocolade,"Koek, snoep, chocolade",Koekjes met chocolade,6.21,6.9,10.0,10% volume voordeel,,,6 stuks,,True,AHOO,10% volume voordeel,2026-08-09,2999-12-31,,True,AH,https://www.ah.nl/producten/product/wi611557,2026-08-09,Oreo Original 6-pack,cookie-candy-chocolate
1035,17677,AH Lange vingers,AH,koek-snoep-chocolade,"Koek, snoep, chocolade",Lange vingers,1.59,1.59,,,,,200 g,prijs per kg €7.95,False,,,,,D,True,AH,https://www.ah.nl/producten/product/wi1035,2026-08-09,AH Lange vingers,cookie-candy-chocolate
173733,768031,AH Roomboter custardcakes,AH,koek-snoep-chocolade,"Koek, snoep, chocolade",Cake,1.65,1.65,,,,,240 g,prijs per kg €6.88,False,,,,,E,True,AH,https://www.ah.nl/producten/product/wi173733,2026-08-09,AH Roomboter custardcakes,cookie-candy-chocolate
167428,643603,Hero B'tween mueslireep melkchocolade,Hero,koek-snoep-chocolade,Tussendoortjes,Mueslirepen,2.45,2.45,,,,,6 x 25 g,prijs per kg €16.33,False,,,,,,True,AH,https://www.ah.nl/producten/product/wi167428,2026-08-09,Hero B'tween mueslireep melkchocolade,cookie-candy-chocolate
396924,847928,AH Rozijnen zongedroogd,AH,koek-snoep-chocolade,Bakkerij,Rozijnen,3.89,3.89,,,,,750 g,prijs per kg €5.19,False,,,,,D,True,AH,https://www.ah.nl/producten/product/wi396924,2026-08-09,AH Rozijnen zongedroogd,cookie-candy-chocolate
1408,38456,Milka Chocoladereep alpenmelk,Milka,koek-snoep-chocolade,"Koek, snoep, chocolade",Melkchocolade,1.49,1.49,,,,,90 g,prijs per kg €16.56,False,,,,,E,True,AH,https://www.ah.nl/producten/product/wi1408,2026-08-09,Milka Chocoladereep alpenmelk,cookie-candy-chocolate
168718,751928,Verkade Nizza kokos,Verkade,koek-snoep-chocolade,"Koek, snoep, chocolade",Theebiscuits,1.495,1.89,20.9,2 voor 2.99,2.99,2.0,240 g,normale prijs per kg €7.88,True,AH,2 voor 2.99,2026-08-10,2026-08-16,E,True,AH,https://www.ah.nl/producten/product/wi168718,2026-08-09,Verkade Nizza kokos,cookie-candy-chocolate
3453,11057,Koopmans Mix voor pannenkoeken origineel,Koopmans,koek-snoep-chocolade,Bakkerij,Pannenkoekenmix,1.09,1.09,,,,,400 g,prijs per kg €2.73,False,,,,,C,True,AH,https://www.ah.nl/producten/product/wi3453,2026-08-09,Koopmans Mix for pancakes original,cookie-candy-chocolate
413082,856351,AH Biologisch Medjoul dadels,AH Biologisch,koek-snoep-chocolade,"Fruit, verse sappen",Vijgen en dadels,3.99,3.99,,,,,225 g,prijs per kg €17.73,False,,,,,C,True,AH,https://www.ah.nl/producten/product/wi413082,2026-08-09,AH Biologisch Medjoul dadels,cookie-candy-chocolate
142571,616518,AH Roze koeken mini,AH,koek-snoep-chocolade,"Koek, snoep, chocolade",Alledaagse koeken,1.19,1.19,,,,,210 g,prijs per kg €5.67,False,,,,,E,True,AH,https://www.ah.nl/producten/product/wi142571,2026-08-09,AH Pink mini cookies,cookie-candy-chocolate
606529,0,Mars Minimix repen uitdeelzak 2-pack,Mars,koek-snoep-chocolade,"Koek, snoep, chocolade",Candybars minis,11.38,11.98,5.0,5% volume voordeel,,,2 stuks,,True,AHOO,5% volume voordeel,2026-08-09,2999-12-31,,True,AH,https://www.ah.nl/producten/product/wi606529,2026-08-09,Mars Minimix repen uitdeelzak 2-pack,cookie-candy-chocolate
127297,565947,Knoppers Melk Hazelnootwafel,Knoppers,koek-snoep-chocolade,"Koek, snoep, chocolade",Wafels,1.59,1.59,,,,,5 x 25 g,prijs per kg €12.72,False,,,,,,True,AH,https://www.ah.nl/producten/product/wi127297,2026-08-09,Knoppers Milk Hazelnut Waffle,cookie-candy-chocolate
46865,96232,AH Digestive,AH,koek-snoep-chocolade,"Koek, snoep, chocolade",Alledaagse koeken,0.95,0.95,,,,,400 g,prijs per kg €2.38,False,,,,,D,True,AH,https://www.ah.nl/producten/product/wi46865,2026-08-09,AH Digestive,cookie-candy-chocolate
615256,0,Verkade Nizza kokos 2-pack,Verkade,koek-snoep-chocolade,"Koek, snoep, chocolade",Theebiscuits,3.59,3.78,5.0,5% volume voordeel,,,2 stuks,,True,AHOO,5% volume voordeel,2026-08-09,2026-08-09,,True,AH,https://www.ah.nl/producten/product/wi615256,2026-08-09,Verkade Nizza kokos 2-pack,cookie-candy-chocolate
196282,504065,AH Reep puur,AH,koek-snoep-chocolade,"Koek, snoep, chocolade",Pure chocolade repen,0.95,0.95,,,,,100 g,prijs per kg €9.50,False,,,,,E,True,AH,https://www.ah.nl/producten/product/wi196282,2026-08-09,AH Reep puur,cookie-candy-chocolate
606531,0,Mars Minimix repen uitdeelzak 4-pack,Mars,koek-snoep-chocolade,"Koek, snoep, chocolade",Candybars minis,20.37,23.96,15.0,15% volume voordeel,,,4 stuks,,True,AHOO,15% volume voordeel,2026-08-09,2999-12-31,,True,AH,https://www.ah.nl/producten/product/wi606531,2026-08-09,Mars Minimix repen uitdeelzak 4-pack,cookie-candy-chocolate
569845,10118,M&M'S Pinda melk chocolade,M&M'S,koek-snoep-chocolade,"Koek, snoep, chocolade",Chocolade bites,2.58,3.69,30.0,30% korting,,,200 g,normale prijs per kg €18.45,True,AH,30% korting,2026-08-10,2026-08-16,E,True,AH,https://www.ah.nl/producten/product/wi569845,2026-08-09,M&M'S Peanut milk chocolate,cookie-candy-chocolate
435940,700399,AH Reep witte chocolade,AH,koek-snoep-chocolade,"Koek, snoep, chocolade",Witte chocolade repen,0.99,0.99,,,,,100 g,prijs per kg €9.90,False,,,,,E,True,AH,https://www.ah.nl/producten/product/wi435940,2026-08-09,AH Reep witte chocolade,cookie-candy-chocolate
615257,0,Verkade Nizza kokos 3-pack,Verkade,koek-snoep-chocolade,"Koek, snoep, chocolade",Theebiscuits,5.1,5.67,10.0,10% volume voordeel,,,3 stuks,,True,AHOO,10% volume voordeel,2026-08-09,2026-08-09,,True,AH,https://www.ah.nl/producten/product/wi615257,2026-08-09,Verkade Nizza kokos 3-pack,cookie-candy-chocolate
440742,80372,AH Mini stroopwafels,AH,koek-snoep-chocolade,"Koek, snoep, chocolade",Koekbites,2.39,2.39,,,,,300 g,prijs per kg €7.97,False,,,,,E,True,AH,https://www.ah.nl/producten/product/wi440742,2026-08-09,AH Mini stroopwafels,cookie-candy-chocolate
517311,698043,AH Roomboter kano's,AH,koek-snoep-chocolade,"Koek, snoep, chocolade",Gevulde koeken,1.55,1.55,,,,,270 g,prijs per kg €5.74,False,,,,,E,True,AH,https://www.ah.nl/producten/product/wi517311,2026-08-09,AH Roomboter kano's,cookie-candy-chocolate
185802,639532,AH Biologisch Rozijnen,AH Biologisch,koek-snoep-chocolade,Bakkerij,Rozijnen,2.39,2.39,,,,,250 g,prijs per kg €9.56,False,,,,,D,True,AH,https://www.ah.nl/producten/product/wi185802,2026-08-09,AH Biologisch Rozijnen,cookie-candy-chocolate
479173,733225,AH Appelstroop extra rinse,AH,koek-snoep-chocolade,"Ontbijtgranen, beleg",Appelstroop,1.89,1.89,,,,,450 g,prijs per kg €4.20,False,,,,,D,True,AH,https://www.ah.nl/producten/product/wi479173,2026-08-09,AH Apple syrup extra rinse,cookie-candy-chocolate
614428,0,Mars & Snickers chocolade ijsjes pakket,Mars,diepvries,Diepvries,Room handijs,7.02,8.78,20.0,20% pakketkorting,,,per pakket,,True,AHOO,20% pakketkorting,2026-08-09,2999-12-31,,True,AH,https://www.ah.nl/producten/product/wi614428,2026-08-09,Mars & Snickers chocolade ijsjes pakket,freezer
212118,622404,AH IJsblokjes,AH,diepvries,Diepvries,IJsblokjes,0.99,0.99,,,,,1 kg,prijs per kg €0.99,False,,,,,A,True,AH,https://www.ah.nl/producten/product/wi212118,2026-08-09,AH Ice cubes,freezer
195093,796712,AH Airfryer ovenfriet,AH,diepvries,Diepvries,Friet (oven),1.19,1.19,,,,,750 g,prijs per kg €1.59,False,,,,,B,True,AH,https://www.ah.nl/producten/product/wi195093,2026-08-09,AH Airfryer ovenfriet,freezer
209562,803962,Ola Raket,Ola,diepvries,Diepvries,Waterijs,3.85,3.85,,,,,12 stuks,,False,,,,,C,True,AH,https://www.ah.nl/producten/product/wi209562,2026-08-09,Ola Rocket,freezer
608094,64952,Twix Karamel cookie ice bar,Twix,diepvries,Diepvries,Room handijs,4.39,4.39,,,,,5 stuks,,False,,,,,E,True,AH,https://www.ah.nl/producten/product/wi608094,2026-08-09,Twix Karamel cookie ice bar,freezer
139097,608245,AH Perenijsjes,AH,diepvries,Diepvries,Waterijs,1.55,1.55,,,,,12 stuks,,False,,,,,C,True,AH,https://www.ah.nl/producten/product/wi139097,2026-08-09,AH Pear ice creams,freezer
226367,640429,AH Broccoliroosjes,AH,diepvries,Diepvries,Broccoli (diepvries),1.49,1.49,,,,,450 g,prijs per kg €3.31,False,,,,,A,True,AH,https://www.ah.nl/producten/product/wi226367,2026-08-09,AH Broccoliroosjes,freezer
514003,7923,Dr. Oetker Ristorante pizza salami,Dr. Oetker,diepvries,Diepvries,Pizza (dunne bodem),3.15,3.15,,,,,320 g,prijs per kg €9.84,False,,,,,D,True,AH,https://www.ah.nl/producten/product/wi514003,2026-08-09,Dr. Oetker Ristorante pizza salami,freezer
167127,643266,AH 4 kleuren ijsjes,AH,diepvries,Diepvries,Waterijs,0.99,0.99,,,,,8 stuks,,False,,,,,C,True,AH,https://www.ah.nl/producten/product/wi167127,2026-08-09,AH 4 kleuren ijsjes,freezer
788,6423,AH Tuinerwten fijn,AH,diepvries,Diepvries,"Tuinerwten, velderwten (diepvries)",0.99,0.99,,,,,450 g,prijs per kg €2.20,False,,,,,A,True,AH,https://www.ah.nl/producten/product/wi788,2026-08-09,AH Tuinerwten fijn,freezer
409995,854206,AH Biologisch Sperziebonen,AH Biologisch,diepvries,Diepvries,Sperziebonen (diepvries),1.35,1.35,,,,,450 g,prijs per kg €3.00,False,,,,,A,True,AH,https://www.ah.nl/producten/product/wi409995,2026-08-09,AH Organic Green Beans,freezer
167129,643310,AH Aardbei ijsjes met vitamine c,AH,diepvries,Diepvries,Waterijs,1.69,1.69,,,,,12 stuks,,False,,,,,C,True,AH,https://www.ah.nl/producten/product/wi167129,2026-08-09,AH Strawberry ice creams with vitamin C,freezer
602116,54628,AH Mango Ijsjes,AH,diepvries,Diepvries,Waterijs,1.99,1.99,,,,,12 stuks,,False,,,,,C,True,AH,https://www.ah.nl/producten/product/wi602116,2026-08-09,AH Mango Ijsjes,freezer
437046,60851,AH Ah choco mix,AH,diepvries,Diepvries,Room handijs,2.45,2.45,,,,,8 stuks,,False,,,,,E,True,AH,https://www.ah.nl/producten/product/wi437046,2026-08-09,AH Ah choco mix,freezer
514005,7946,Dr. Oetker Ristorante pizza margherita,Dr. Oetker,diepvries,Diepvries,Pizza (dunne bodem),3.89,3.89,,,,,295 g,prijs per kg €13.19,False,,,,,D,True,AH,https://www.ah.nl/producten/product/wi514005,2026-08-09,Dr. Oetker Ristorante pizza margherita,freezer
429606,697191,Nestlé Pirulo watermelon,Nestlé,diepvries,Diepvries,Waterijs,2.99,3.99,25.0,25% korting,,,5 stuks,,True,AH,25% korting,2026-08-03,2026-08-09,C,True,AH,https://www.ah.nl/producten/product/wi429606,2026-08-09,Nestlé Pirulo watermelon,freezer
409994,854203,AH Biologisch Tuinerwten,AH Biologisch,diepvries,Diepvries,"Tuinerwten, velderwten (diepvries)",1.59,1.59,,,,,450 g,prijs per kg €3.53,False,,,,,,True,AH,https://www.ah.nl/producten/product/wi409994,2026-08-09,AH Biologisch Tuinerwten,freezer
397800,848309,Aviko Supercrunch airfryer pommes frites,Aviko,diepvries,Diepvries,Friet (oven),2.245,2.49,9.8,2 voor 4.49,4.49,2.0,750 g,normale prijs per kg €3.32,True,AH,2 VOOR 4.49,2026-08-03,2026-08-09,B,True,AH,https://www.ah.nl/producten/product/wi397800,2026-08-09,Aviko Supercrunch airfryer pommes frites,freezer
376520,837921,AH Zakje met zomerfruit,AH,diepvries,Diepvries,Fruitmix (diepvries),5.55,5.55,,,,,1 kg,prijs per kg €5.55,False,,,,,A,True,AH,https://www.ah.nl/producten/product/wi376520,2026-08-09,AH Zakje met zomerfruit,freezer
608089,64917,Snickers Karamel pinda ice bar,Snickers,diepvries,Diepvries,Room handijs,4.39,4.39,,,,,5 stuks,,False,,,,,E,True,AH,https://www.ah.nl/producten/product/wi608089,2026-08-09,Snickers Karamel pinda ice bar,freezer
614410,0,Snickers Karamel pinda ice bar 2-pack,Snickers,diepvries,Diepvries,Room handijs,7.9,8.78,10.0,10% volume voordeel,,,2 stuks,,True,AHOO,10% volume voordeel,2026-08-09,2999-12-31,,True,AH,https://www.ah.nl/producten/product/wi614410,2026-08-09,Snickers Caramel peanut ice bar 2-pack,freezer
745,56775,AH Ah chantilly,AH,diepvries,Diepvries,Roomijs bekertjes,3.99,3.99,,,,,8 stuks,,False,,,,,E,True,AH,https://www.ah.nl/producten/product/wi745,2026-08-09,AH Ah chantilly,freezer
533328,797679,AH Biologisch Broccoliroosjes,AH Biologisch,diepvries,Diepvries,Broccoli (diepvries),2.29,2.29,,,,,400 g,prijs per kg €5.73,False,,,,,A,True,AH,https://www.ah.nl/producten/product/wi533328,2026-08-09,AH Organic Broccoli Florets,freezer
445512,707469,AH Zakje met mangostukjes,AH,diepvries,Diepvries,"Mango, ananas (diepvries)",5.99,5.99,,,,,1 kg,prijs per kg €5.99,False,,,,,A,True,AH,https://www.ah.nl/producten/product/wi445512,2026-08-09,AH Zakje met mangostukjes,freezer
429057,696700,AH Saté ajam,AH,diepvries,Diepvries,Sate (diepvries),1.75,1.75,,,,,160 g,prijs per kg €10.94,False,,,,,D,True,AH,https://www.ah.nl/producten/product/wi429057,2026-08-09,AH Satay ajam,freezer
169184,752060,Aviko Supercrunch originals Franse friet,Aviko,diepvries,Diepvries,Friet (frituur),2.245,2.49,9.8,2 voor 4.49,4.49,2.0,750 g,normale prijs per kg €3.32,True,AH,2 VOOR 4.49,2026-08-03,2026-08-09,B,True,AH,https://www.ah.nl/producten/product/wi169184,2026-08-09,Aviko Supercrunch originals Franse friet,freezer
513999,7827,Dr. Oetker Ristorante pizza mozzarella,Dr. Oetker,diepvries,Diepvries,Pizza (dunne bodem),3.09,3.09,,,,,355 g,prijs per kg €8.70,False,,,,,C,True,AH,https://www.ah.nl/producten/product/wi513999,2026-08-09,Dr. Oetker Ristorante pizza mozzarella,freezer
471466,582091,AH Roomboter croissants,AH,diepvries,Bakkerij,Diepvries croissants,3.39,3.39,,,,,4 stuks,,False,,,,,E,True,AH,https://www.ah.nl/producten/product/wi471466,2026-08-09,AH Butter croissants,freezer
514008,8092,Dr. Oetker Ristorante pizza salami mozzarella pesto,Dr. Oetker,diepvries,Diepvries,Pizza (dunne bodem),3.89,3.89,,,,,360 g,prijs per kg €10.81,False,,,,,D,True,AH,https://www.ah.nl/producten/product/wi514008,2026-08-09,Dr. Oetker Ristorante pizza salami mozzarella pesto,freezer
514806,33805,AH Terra Gepelde edamame boontjes,AH Terra,diepvries,Diepvries,Edamame bonen (diepvries),2.49,2.49,,,,,450 g,prijs per kg €5.53,False,,,,,A,True,AH,https://www.ah.nl/producten/product/wi514806,2026-08-09,AH Terra Gepelde edamame boontjes,freezer
226519,815621,Ola Cornetto classico mini,Ola,diepvries,Diepvries,Roomijs bekertjes,3.69,3.69,35.0,2 stapelen tot 35%,,2.0,6 x 60 ml,,True,AH,2 stapelen tot 35%,2026-08-10,2026-08-16,E,True,AH,https://www.ah.nl/producten/product/wi226519,2026-08-09,Ola Cornetto classico mini,freezer
614225,0,Ola Cornetto classico mini 3-pack,Ola,diepvries,Diepvries,Roomijs bekertjes,9.96,11.07,10.0,10% volume voordeel,,,3 stuks,,True,AHOO,10% volume voordeel,2026-08-09,2026-08-09,,True,AH,https://www.ah.nl/producten/product/wi614225,2026-08-09,Ola Cornetto classico mini 3-pack,freezer
226498,809188,AH Sperziebonen gebroken,AH,diepvries,Diepvries,Sperziebonen (diepvries),1.19,1.19,,,,,450 g,prijs per kg €2.64,False,,,,,A,True,AH,https://www.ah.nl/producten/product/wi226498,2026-08-09,AH Green beans broken,freezer
62761,524664,Dr. Oetker Big Americans pizza Texas,Dr. Oetker,diepvries,Diepvries,Pizza (dikke bodem),4.99,4.99,,,,,435 g,prijs per kg €11.47,False,,,,,D,True,AH,https://www.ah.nl/producten/product/wi62761,2026-08-09,Dr. Oetker Big Americans pizza Texas,freezer
167126,643265,AH Sunniez sinaasappel,AH,diepvries,Diepvries,Room handijs,2.29,2.29,,,,,9 stuks,,False,,,,,C,True,AH,https://www.ah.nl/producten/product/wi167126,2026-08-09,AH Sunniez sinaasappel,freezer
188173,624587,Magnum Mini classic almond white,Magnum,diepvries,Diepvries,Room handijs,8.99,8.99,35.0,2 stapelen tot 35%,,2.0,10 stuks,,True,AH,2 stapelen tot 35%,2026-08-10,2026-08-16,E,True,AH,https://www.ah.nl/producten/product/wi188173,2026-08-09,Magnum Mini classic almond white,freezer
614251,0,Magnum Mini classic almond white 3-pk,Magnum,diepvries,Diepvries,Room handijs,24.27,26.97,10.0,10% volume voordeel,,,3 stuks,,True,AHOO,10% volume voordeel,2026-08-09,2026-08-09,,True,AH,https://www.ah.nl/producten/product/wi614251,2026-08-09,Magnum Mini classic almond white 3-pk,freezer
164070,631848,AH Doosje met mangostukjes,AH,diepvries,Diepvries,"Mango, ananas (diepvries)",1.99,1.99,,,,,250 g,prijs per kg €7.96,False,,,,,A,True,AH,https://www.ah.nl/producten/product/wi164070,2026-08-09,AH Box with mango pieces,freezer
568226,0,AH Doosje met mangostukjes 3-pack,AH,diepvries,Diepvries,"Mango, ananas (diepvries)",5.73,5.97,4.0,4% volume voordeel,,,3 stuks,,True,AHOO,4% volume voordeel,2026-08-09,2999-12-31,,True,AH,https://www.ah.nl/producten/product/wi568226,2026-08-09,AH Doosje met mangostukjes 3-pack,freezer
209567,803997,Ola Cornetto classico,Ola,diepvries,Diepvries,Roomijs bekertjes,4.29,4.29,35.0,2 stapelen tot 35%,,2.0, 6 x 90 ml,,True,AH,2 stapelen tot 35%,2026-08-10,2026-08-16,E,True,AH,https://www.ah.nl/producten/product/wi209567,2026-08-09,Ola Cornetto classico,freezer
474188,726833,Aviko Supercrunch airfryer dunne friet,Aviko,diepvries,Diepvries,Friet (oven),2.245,2.69,16.5,2 voor 4.49,4.49,2.0,750 g,normale prijs per kg €3.59,True,AH,2 VOOR 4.49,2026-08-03,2026-08-09,B,True,AH,https://www.ah.nl/producten/product/wi474188,2026-08-09,Aviko Supercrunch airfryer thin fries,freezer
429604,697189,Nestlé Kaktus,Nestlé,diepvries,Diepvries,Waterijs,2.99,3.99,25.0,25% korting,,,9 stuks,,True,AH,25% korting,2026-08-03,2026-08-09,C,True,AH,https://www.ah.nl/producten/product/wi429604,2026-08-09,Nestlé Kaktus,freezer
618731,0,AH Roomboter croissants 2-pack,AH,diepvries,Bakkerij,Diepvries croissants,6.58,6.78,3.0,3% volume voordeel,,,2 stuks,,True,AHOO,3% volume voordeel,2026-08-09,2999-12-31,,True,AH,https://www.ah.nl/producten/product/wi618731,2026-08-09,AH Roomboter croissants 2-pack,freezer
618732,0,AH Roomboter croissants 4-pack,AH,diepvries,Bakkerij,Diepvries croissants,12.2,13.56,10.0,10% volume voordeel,,,4 stuks,,True,AHOO,10% volume voordeel,2026-08-09,2999-12-31,,True,AH,https://www.ah.nl/producten/product/wi618732,2026-08-09,AH Roomboter croissants 4-pack,freezer
164157,576171,Wagner Piccolinis mini pizza salami,Wagner,diepvries,Diepvries,Mini pizza's,3.69,3.69,,,,,270 g,prijs per kg €13.67,False,,,,,C,True,AH,https://www.ah.nl/producten/product/wi164157,2026-08-09,Wagner Piccolinis mini pizza salami,freezer
209479,787936,Hertog Ijssalon mini drie chocolades,Hertog,diepvries,Diepvries,Roomijs pints,1.99,1.99,,,,,200 ml,prijs per liter €9.95,False,,,,,D,True,AH,https://www.ah.nl/producten/product/wi209479,2026-08-09,Hertog Ice Cream Parlor mini three chocolates,freezer
582492,25170,AH Zoete aardappelblokjes,AH,diepvries,Diepvries,Aardappelpartjes (diepvries),1.69,1.69,,,,,450 g,prijs per kg €3.76,False,,,,,A,True,AH,https://www.ah.nl/producten/product/wi582492,2026-08-09,AH Zoete aardappelblokjes,freezer
515697,672920,Ben & Jerry's Chocolate fudge brownie,Ben & Jerry's,diepvries,Diepvries,Roomijs pints,2.39,2.39,,1 + 1 GRATIS,,1.0,100 ml,normale prijs per liter €23.90,True,AH,1 + 1 GRATIS,2026-08-03,2026-08-09,E,True,AH,https://www.ah.nl/producten/product/wi515697,2026-08-09,Ben & Jerry's Chocolate fudge brownie,freezer
590452,0,Ben & Jerry's Chocolate fudge brownie 3-pack,Ben & Jerry's,diepvries,Diepvries,Roomijs pints,2.39,4.78,50.0,pakketkorting,,,3 stuks,,True,AHOO,,2026-08-09,2026-08-09,,True,AH,https://www.ah.nl/producten/product/wi590452,2026-08-09,Ben & Jerry's Chocolate fudge brownie 3-pack,freezer
417059,688263,AH Zakje met aardbeien,AH,diepvries,Diepvries,Aardbeien (diepvries),4.65,4.65,,,,,1 kg,prijs per kg €4.65,False,,,,,A,True,AH,https://www.ah.nl/producten/product/wi417059,2026-08-09,AH Bag with strawberries,freezer
173078,767810,Ola Calippo supermix,Ola,diepvries,Diepvries,Waterijs,4.49,4.49,,,,,5 stuks,,False,,,,,C,True,AH,https://www.ah.nl/producten/product/wi173078,2026-08-09,Ola Calippo supermix,freezer
425194,693291,AH Biologisch Doosje met wilde blauwe bessen,AH Biologisch,diepvries,Diepvries,Blauwe bessen (diepvries),3.29,3.29,,,,,250 g,prijs per kg €13.16,False,,,,,A,True,AH,https://www.ah.nl/producten/product/wi425194,2026-08-09,AH Biologisch Doosje met wilde blauwe bessen,freezer
582311,25126,AH Nasi bami groente,AH,diepvries,Diepvries,Groentemix (diepvries),1.59,1.59,,,,,450 g,prijs per kg €3.53,False,,,,,A,True,AH,https://www.ah.nl/producten/product/wi582311,2026-08-09,AH Nasi noodles vegetables,freezer
162681,631745,Magnum Mini almond,Magnum,diepvries,Diepvries,Room handijs,5.99,5.99,35.0,2 stapelen tot 35%,,2.0,6 stuks,,True,AH,2 stapelen tot 35%,2026-08-10,2026-08-16,E,True,AH,https://www.ah.nl/producten/product/wi162681,2026-08-09,Magnum Mini almond,freezer
614249,0,Magnum Mini almond 3-pack,Magnum,diepvries,Diepvries,Room handijs,16.17,17.97,10.0,10% volume voordeel,,,3 stuks,,True,AHOO,10% volume voordeel,2026-08-09,2026-08-09,,True,AH,https://www.ah.nl/producten/product/wi614249,2026-08-09,Magnum Mini almond 3-pack,freezer
513998,7816,Dr. Oetker Ristorante pizza tonno,Dr. Oetker,diepvries,Diepvries,Pizza (dunne bodem),3.15,3.15,,,,,355 g,prijs per kg €8.87,False,,,,,C,True,AH,https://www.ah.nl/producten/product/wi513998,2026-08-09,Dr. Oetker Ristorante pizza tonno,freezer
514065,9114,Dr. Oetker Ristorante pizza quattro formaggi,Dr. Oetker,diepvries,Diepvries,Pizza (dunne bodem),3.89,3.89,,,,,340 g,prijs per kg €11.44,False,,,,,D,True,AH,https://www.ah.nl/producten/product/wi514065,2026-08-09,Dr. Oetker Ristorante pizza quattro formaggi,freezer
513996,6231,Dr. Oetker Ristorante pizza hawaii,Dr. Oetker,diepvries,Diepvries,Pizza (dunne bodem),3.09,3.09,,,,,355 g,prijs per kg €8.70,False,,,,,C,True,AH,https://www.ah.nl/producten/product/wi513996,2026-08-09,Dr. Oetker Ristorante pizza hawaii,freezer
112579,564435,Ola Festini peer,Ola,diepvries,Diepvries,Waterijs,4.39,4.39,,,,,12 stuks,,False,,,,,C,True,AH,https://www.ah.nl/producten/product/wi112579,2026-08-09,Ola Festini pear,freezer
614228,0,Ola Festini peer 3-pack,Ola,diepvries,Diepvries,Waterijs,11.85,13.17,10.0,10% volume voordeel,,,3 stuks,,True,AHOO,10% volume voordeel,2026-08-09,2999-12-31,,True,AH,https://www.ah.nl/producten/product/wi614228,2026-08-09,Ola Festini pear 3-pack,freezer
617651,0,AH Biologisch Doosje met wilde blauwe bessen 2-pack,AH Biologisch,diepvries,Diepvries,Blauwe bessen (diepvries),6.45,6.58,2.0,2% volume voordeel,,,2 stuks,,True,AHOO,2% volume voordeel,2026-08-09,2999-12-31,,True,AH,https://www.ah.nl/producten/product/wi617651,2026-08-09,AH Biologisch Doosje met wilde blauwe bessen 2-pack,freezer
617653,0,AH Biologisch Doosje met wilde blauwe bessen 4-pack,AH Biologisch,diepvries,Diepvries,Blauwe bessen (diepvries),12.37,13.16,6.0,6% volume voordeel,,,4 stuks,,True,AHOO,6% volume voordeel,2026-08-09,2999-12-31,,True,AH,https://www.ah.nl/producten/product/wi617653,2026-08-09,AH Organic Box with wild blueberries 4-pack,freezer
617652,0,AH Biologisch Doosje met wilde blauwe bessen 3-pack,AH Biologisch,diepvries,Diepvries,Blauwe bessen (diepvries),9.48,9.87,4.0,4% volume voordeel,,,3 stuks,,True,AHOO,4% volume voordeel,2026-08-09,2999-12-31,,True,AH,https://www.ah.nl/producten/product/wi617652,2026-08-09,AH Organic Box with wild blueberries 3-pack,freezer
188379,787935,Hertog Ijssalon mini pecan karamel vanille,Hertog,diepvries,Diepvries,Roomijs pints,1.95,1.95,,,,,200 ml,prijs per liter €9.75,False,,,,,D,True,AH,https://www.ah.nl/producten/product/wi188379,2026-08-09,Hertog Ijssalon mini pecan karamel vanille,freezer
170001,754578,AH Doosje met zomerfruit,AH,diepvries,Diepvries,Fruitmix (diepvries),2.19,2.19,,,,,250 g,prijs per kg €8.76,False,,,,,A,True,AH,https://www.ah.nl/producten/product/wi170001,2026-08-09,AH Doosje met zomerfruit,freezer
597421,0,AH Doosje met zomerfruit 2-pack,AH,diepvries,Diepvries,Fruitmix (diepvries),4.29,4.38,2.0,2% volume voordeel,,,2 stuks,,True,AHOO,2% volume voordeel,2026-08-09,2999-12-31,,True,AH,https://www.ah.nl/producten/product/wi597421,2026-08-09,AH Box with summer fruit 2-pack,freezer
514004,7934,Dr. Oetker Ristorante pizza pollo,Dr. Oetker,diepvries,Diepvries,Pizza (dunne bodem),3.29,3.29,,,,,355 g,prijs per kg €9.27,False,,,,,C,True,AH,https://www.ah.nl/producten/product/wi514004,2026-08-09,Dr. Oetker Ristorante pizza pollo,freezer
173815,773325,Aviko Aardappelbolletjes,Aviko,diepvries,Diepvries,Aardappelballetjes (diepvries),2.49,2.49,,,,,600 g,prijs per kg €4.15,False,,,,,C,True,AH,https://www.ah.nl/producten/product/wi173815,2026-08-09,Aviko Aardappelbolletjes,freezer
614562,0,Aviko Aardappelbolletjes 3-pack,Aviko,diepvries,Diepvries,Aardappelballetjes (diepvries),7.1,7.47,5.0,5% volume voordeel,,,3 stuks,,True,AHOO,5% volume voordeel,2026-08-09,2999-12-31,,True,AH,https://www.ah.nl/producten/product/wi614562,2026-08-09,Aviko Aardappelbolletjes 3-pack,freezer
451103,58668,Ben & Jerry's Caramel chew chew,Ben & Jerry's,diepvries,Diepvries,Schepijs,2.39,2.39,,1 + 1 GRATIS,,1.0,100 ml,normale prijs per liter €23.90,True,AH,1 + 1 GRATIS,2026-08-03,2026-08-09,E,True,AH,https://www.ah.nl/producten/product/wi451103,2026-08-09,Ben & Jerry's Caramel chew chew,freezer
614281,0,Ben & Jerry's Caramel chew chew 3-pack,Ben & Jerry's,diepvries,Diepvries,Schepijs,4.78,7.17,33.3,pakketkorting,,,3 stuks,,True,AHOO,,2026-08-09,2026-08-09,,True,AH,https://www.ah.nl/producten/product/wi614281,2026-08-09,Ben & Jerry's Caramel chew chew 3-pack,freezer
582532,25093,AH Roomboter croissants,AH,diepvries,Bakkerij,Diepvries croissants,3.99,3.99,,,,,12 stuks,,False,,,,,D,True,AH,https://www.ah.nl/producten/product/wi582532,2026-08-09,AH Butter croissants,freezer
429644,697273,Magnum Classic,Magnum,diepvries,Diepvries,Room handijs,6.99,6.99,35.0,2 stapelen tot 35%,,2.0,6 stuks,,True,AH,2 stapelen tot 35%,2026-08-10,2026-08-16,E,True,AH,https://www.ah.nl/producten/product/wi429644,2026-08-09,Magnum Classic,freezer
614244,0,Magnum Classic 3-pck,Magnum,diepvries,Diepvries,Room handijs,18.87,20.97,10.0,10% volume voordeel,,,3 stuks,,True,AHOO,10% volume voordeel,2026-08-09,2026-08-09,,True,AH,https://www.ah.nl/producten/product/wi614244,2026-08-09,Magnum Classic 3-pc,freezer
192596,794068,Magnum Mini classic,Magnum,diepvries,Diepvries,Room handijs,5.99,5.99,35.0,2 stapelen tot 35%,,2.0,6 stuks,,True,AH,2 stapelen tot 35%,2026-08-10,2026-08-16,E,True,AH,https://www.ah.nl/producten/product/wi192596,2026-08-09,Magnum Mini classic,freezer
614250,0,Magnum Mini classic 3-pack,Magnum,diepvries,Diepvries,Room handijs,16.17,17.97,10.0,10% volume voordeel,,,3 stuks,,True,AHOO,10% volume voordeel,2026-08-09,2026-08-09,,True,AH,https://www.ah.nl/producten/product/wi614250,2026-08-09,Magnum Mini classic 3-pack,freezer
217006,808774,AH Frituur friet,AH,diepvries,Diepvries,Friet (frituur),1.49,1.49,,,,,1 kg,prijs per kg €1.49,False,,,,,A,True,AH,https://www.ah.nl/producten/product/wi217006,2026-08-09,AH Frituur friet,freezer
162664,631742,Ola Liuk,Ola,diepvries,Diepvries,Waterijs,4.69,4.69,,,,,8 stuks,,False,,,,,C,True,AH,https://www.ah.nl/producten/product/wi162664,2026-08-09,Ola Liuk,freezer
614230,0,Ola Liuk 3-pack,Ola,diepvries,Diepvries,Waterijs,12.66,14.07,10.0,10% volume voordeel,,,3 stuks,,True,AHOO,10% volume voordeel,2026-08-09,2999-12-31,,True,AH,https://www.ah.nl/producten/product/wi614230,2026-08-09,Ola Liuk 3-pack,freezer
164069,631847,AH Doosje met ananas stukjes,AH,diepvries,Diepvries,"Mango, ananas (diepvries)",1.99,1.99,,,,,250 g,prijs per kg €7.96,False,,,,,A,True,AH,https://www.ah.nl/producten/product/wi164069,2026-08-09,AH Box with pineapple pieces,freezer
596117,0,AH Doosje met ananas stukjes 2-pack,AH,diepvries,Diepvries,"Mango, ananas (diepvries)",3.9,3.98,2.0,2% volume voordeel,,,2 stuks,,True,AHOO,2% volume voordeel,2026-08-09,2999-12-31,,True,AH,https://www.ah.nl/producten/product/wi596117,2026-08-09,AH Box with pineapple pieces 2-pack,freezer
571957,13164,Magnum Mini double caramel & billionaire,Magnum,diepvries,Diepvries,Room handijs,6.99,6.99,35.0,2 stapelen tot 35%,,2.0,6 stuks,,True,AH,2 stapelen tot 35%,2026-08-10,2026-08-16,E,True,AH,https://www.ah.nl/producten/product/wi571957,2026-08-09,Magnum Mini double caramel & billionaire,freezer
614253,0,Magnum Mini double caramel & billionaire 3-pack,Magnum,diepvries,Diepvries,Room handijs,18.87,20.97,10.0,10% volume voordeel,,,3 stuks,,True,AHOO,10% volume voordeel,2026-08-09,2026-08-09,,True,AH,https://www.ah.nl/producten/product/wi614253,2026-08-09,Magnum Mini double caramel & billionaire 3-pack,freezer
143764,624317,AH Rosti rondjes,AH,diepvries,Diepvries,Rosti (diepvries),1.49,1.49,,,,,600 g,prijs per kg €2.48,False,,,,,C,True,AH,https://www.ah.nl/producten/product/wi143764,2026-08-09,AH Rosti rounds,freezer
474460,727000,Hertog Ijssalon mini koffie royaal,Hertog,diepvries,Diepvries,Roomijs pints,1.99,1.99,,,,,200 ml,prijs per liter €9.95,False,,,,,D,True,AH,https://www.ah.nl/producten/product/wi474460,2026-08-09,Hertog Ijssalon mini koffie royaal,freezer
163522,633220,Ola Split,Ola,diepvries,Diepvries,Room handijs,5.49,5.49,,,,,9 stuks,,False,,,,,C,True,AH,https://www.ah.nl/producten/product/wi163522,2026-08-09,Ola Split,freezer
614232,0,Ola Split 3-pack,Ola,diepvries,Diepvries,Room handijs,14.82,16.47,10.0,10% volume voordeel,,,3 stuks,,True,AHOO,10% volume voordeel,2026-08-09,2999-12-31,,True,AH,https://www.ah.nl/producten/product/wi614232,2026-08-09,Ola Split 3-pack,freezer
57660,516904,AH Roomijs cupjes,AH,diepvries,Diepvries,Roomijs bekertjes,2.99,2.99,,,,,8 stuks,,False,,,,,D,True,AH,https://www.ah.nl/producten/product/wi57660,2026-08-09,AH Roomijs cupjes,freezer
462810,715821,AH Pizza krokante salami,AH,diepvries,Diepvries,Pizza (dunne bodem),2.49,2.49,,,,,320 g,prijs per kg €7.78,False,,,,,D,True,AH,https://www.ah.nl/producten/product/wi462810,2026-08-09,AH Pizza crispy salami,freezer
408979,853743,Mora Kipsaté milde pindasaus,Mora,diepvries,Diepvries,Sate (diepvries),2.49,2.49,,,,,160 g,prijs per kg €15.56,False,,,,,C,True,AH,https://www.ah.nl/producten/product/wi408979,2026-08-09,Mora Kipsaté milde pindasaus,freezer
759,6511,AH Roomijs vanille,AH,diepvries,Diepvries,Schepijs,2.79,2.79,,,,,1 l,prijs per liter €2.79,False,,,,,D,True,AH,https://www.ah.nl/producten/product/wi759,2026-08-09,AH Roomijs vanille,freezer
441707,705312,AH Doosje met passievruchtblokjes,AH,diepvries,Diepvries,Fruitmix (diepvries),2.79,2.79,,,,,250 g,prijs per kg €11.16,False,,,,,A,True,AH,https://www.ah.nl/producten/product/wi441707,2026-08-09,AH Doosje met passievruchtblokjes,freezer
514001,7866,Dr. Oetker Ristorante pizza speciale,Dr. Oetker,diepvries,Diepvries,Pizza (dunne bodem),3.89,3.89,,,,,345 g,prijs per kg €11.28,False,,,,,D,True,AH,https://www.ah.nl/producten/product/wi514001,2026-08-09,Dr. Oetker Ristorante pizza speciale,freezer
514010,9480,Dr. Oetker Casa di mama pizza salami,Dr. Oetker,diepvries,Diepvries,Pizza (dunne bodem),4.29,4.29,,,,,390 g,prijs per kg €11.00,False,,,,,D,True,AH,https://www.ah.nl/producten/product/wi514010,2026-08-09,Dr. Oetker Casa di mama pizza salami,freezer
474190,727003,AH Regenboog ijsjes,AH,diepvries,Diepvries,Waterijs,2.15,2.15,,,,,8 stuks,,False,,,,,C,True,AH,https://www.ah.nl/producten/product/wi474190,2026-08-09,AH Regenboog ijsjes,freezer
597419,0,AH Doosje met passievruchtblokjes 2-pack,AH,diepvries,Diepvries,Fruitmix (diepvries),5.47,5.58,2.0,2% volume voordeel,,,2 stuks,,True,AHOO,2% volume voordeel,2026-08-09,2999-12-31,,True,AH,https://www.ah.nl/producten/product/wi597419,2026-08-09,AH Doosje met passievruchtblokjes 2-pack,freezer
474583,727014,Nestlé Pirulo frutti,Nestlé,diepvries,Diepvries,Waterijs,2.99,3.99,25.0,25% korting,,,5 stuks,,True,AH,25% korting,2026-08-03,2026-08-09,C,True,AH,https://www.ah.nl/producten/product/wi474583,2026-08-09,Nestlé Pirulo frutti,freezer
580674,23751,AH Extra krokante friet,AH,diepvries,Diepvries,Friet (oven),2.19,2.19,,,,,750 g,prijs per kg €2.92,False,,,,,B,True,AH,https://www.ah.nl/producten/product/wi580674,2026-08-09,AH Extra krokante friet,freezer
429647,697276,Magnum Almond,Magnum,diepvries,Diepvries,Room handijs,6.99,6.99,35.0,2 stapelen tot 35%,,2.0,6 stuks,,True,AH,2 stapelen tot 35%,2026-08-10,2026-08-16,E,True,AH,https://www.ah.nl/producten/product/wi429647,2026-08-09,Magnum Almond,freezer
614239,0,Magnum Almond 3-pck,Magnum,diepvries,Diepvries,Room handijs,18.87,20.97,10.0,10% volume voordeel,,,3 stuks,,True,AHOO,10% volume voordeel,2026-08-09,2026-08-09,,True,AH,https://www.ah.nl/producten/product/wi614239,2026-08-09,Magnum Almond 3-pck,freezer
192604,794144,AH Sinas en cola ijsjes,AH,diepvries,Diepvries,Waterijs,2.29,2.29,,,,,6 stuks,,False,,,,,C,True,AH,https://www.ah.nl/producten/product/wi192604,2026-08-09,AH Sinas en cola ijsjes,freezer
608090,64925,Snickers White ice bar,Snickers,diepvries,Diepvries,Room handijs,4.39,4.39,,,,,5 stuks,,False,,,,,E,True,AH,https://www.ah.nl/producten/product/wi608090,2026-08-09,Snickers White ice bar,freezer
173817,773327,Aviko Aardappel dobbelsteentjes,Aviko,diepvries,Diepvries,Aardappelballetjes (diepvries),2.69,2.69,,,,,750 g,prijs per kg €3.59,False,,,,,A,True,AH,https://www.ah.nl/producten/product/wi173817,2026-08-09,Aviko Potato dice,freezer
614559,0,Aviko Aardappel dobbelsteentjes 3-pack,Aviko,diepvries,Diepvries,Aardappelballetjes (diepvries),7.67,8.07,5.0,5% volume voordeel,,,3 stuks,,True,AHOO,5% volume voordeel,2026-08-09,2999-12-31,,True,AH,https://www.ah.nl/producten/product/wi614559,2026-08-09,Aviko Aardappel dobbelsteentjes 3-pack,freezer
494036,748706,Magnum Double gold caramel billionaire,Magnum,diepvries,Diepvries,Room handijs,5.79,5.79,35.0,2 stapelen tot 35%,,2.0,4 stuks,,True,AH,2 stapelen tot 35%,2026-08-10,2026-08-16,E,True,AH,https://www.ah.nl/producten/product/wi494036,2026-08-09,Magnum Double gold caramel billionaire,freezer
582549,25169,AH Zakje met mango stukjes,AH,diepvries,Diepvries,"Mango, ananas (diepvries)",7.99,7.99,,,,,1 kg,prijs per kg €7.99,False,,,,,A,True,AH,https://www.ah.nl/producten/product/wi582549,2026-08-09,AH Zakje met mango stukjes,freezer
614247,0,Magnum Double gold caramel billionaire 3-pk,Magnum,diepvries,Diepvries,Room handijs,15.63,17.37,10.0,10% volume voordeel,,,3 stuks,,True,AHOO,10% volume voordeel,2026-08-09,2026-08-09,,True,AH,https://www.ah.nl/producten/product/wi614247,2026-08-09,Magnum Double gold caramel billionaire 3-pk,freezer
614254,0,Magnum Mini double caramel 3-pack,Magnum,diepvries,Diepvries,Room handijs,19.41,21.57,10.0,10% volume voordeel,,,3 stuks,,True,AHOO,10% volume voordeel,2026-08-09,2026-08-09,,True,AH,https://www.ah.nl/producten/product/wi614254,2026-08-09,Magnum Mini double caramel 3-pack,freezer
621014,0,AH Zakje met mango stukjes 2-pack,AH,diepvries,Diepvries,"Mango, ananas (diepvries)",15.66,15.98,2.0,2% volume voordeel,,,2 stuks,,True,AHOO,2% volume voordeel,2026-08-09,2999-12-31,,True,AH,https://www.ah.nl/producten/product/wi621014,2026-08-09,AH Bag with mango pieces 2-pack,freezer
162671,631845,AH Doosje met blauwe bessen,AH,diepvries,Diepvries,Blauwe bessen (diepvries),2.69,2.69,,,,,250 g,prijs per kg €10.76,False,,,,,A,True,AH,https://www.ah.nl/producten/product/wi162671,2026-08-09,AH Box with blueberries,freezer
579351,0,AH Doosje met blauwe bessen 2-pack,AH,diepvries,Diepvries,Blauwe bessen (diepvries),5.27,5.38,2.0,2% volume voordeel,,,2 stuks,,True,AHOO,2% volume voordeel,2026-08-09,2999-12-31,,True,AH,https://www.ah.nl/producten/product/wi579351,2026-08-09,AH Doosje met blauwe bessen 2-pack,freezer
582548,25168,AH Zakje met zomer fruit,AH,diepvries,Diepvries,Fruitmix (diepvries),7.99,7.99,,,,,1 kg,prijs per kg €7.99,False,,,,,A,True,AH,https://www.ah.nl/producten/product/wi582548,2026-08-09,AH Zakje met zomer fruit,freezer
621017,0,AH Zakje met zomer fruit 2-pack,AH,diepvries,Diepvries,Fruitmix (diepvries),15.66,15.98,2.0,2% volume voordeel,,,2 stuks,,True,AHOO,2% volume voordeel,2026-08-09,2999-12-31,,True,AH,https://www.ah.nl/producten/product/wi621017,2026-08-09,AH Zakje met zomer fruit 2-pack,freezer
621016,0,AH Zakje met mango stukjes 4-pack,AH,diepvries,Diepvries,"Mango, ananas (diepvries)",30.04,31.96,6.0,6% volume voordeel,,,4 stuks,,True,AHOO,6% volume voordeel,2026-08-09,2999-12-31,,True,AH,https://www.ah.nl/producten/product/wi621016,2026-08-09,AH Zakje met mango stukjes 4-pack,freezer
621015,0,AH Zakje met mango stukjes 3-pack,AH,diepvries,Diepvries,"Mango, ananas (diepvries)",23.01,23.97,4.0,4% volume voordeel,,,3 stuks,,True,AHOO,4% volume voordeel,2026-08-09,2999-12-31,,True,AH,https://www.ah.nl/producten/product/wi621015,2026-08-09,AH Zakje met mango stukjes 3-pack,freezer
621019,0,AH Zakje met zomer fruit 4-pack,AH,diepvries,Diepvries,Fruitmix (diepvries),30.04,31.96,6.0,6% volume voordeel,,,4 stuks,,True,AHOO,6% volume voordeel,2026-08-09,2999-12-31,,True,AH,https://www.ah.nl/producten/product/wi621019,2026-08-09,AH Bag with summer fruit 4-pack,freezer
613776,0,Twix Karamel cookie ice bar 2-pack,Twix,diepvries,Diepvries,Room handijs,7.9,8.78,10.0,10% volume voordeel,,,2 stuks,,True,AHOO,10% volume voordeel,2026-08-09,2999-12-31,,True,AH,https://www.ah.nl/producten/product/wi613776,2026-08-09,Twix Karamel cookie ice bar 2-pack,freezer
107,624313,AH Aardappelballetjes,AH,diepvries,Diepvries,Aardappelballetjes (diepvries),1.99,1.99,,,,,600 g,prijs per kg €3.32,False,,,,,C,True,AH,https://www.ah.nl/producten/product/wi107,2026-08-09,AH Aardappelballetjes,freezer
621018,0,AH Zakje met zomer fruit 3-pack,AH,diepvries,Diepvries,Fruitmix (diepvries),23.01,23.97,4.0,4% volume voordeel,,,3 stuks,,True,AHOO,4% volume voordeel,2026-08-09,2999-12-31,,True,AH,https://www.ah.nl/producten/product/wi621018,2026-08-09,AH Zakje met zomer fruit 3-pack,freezer
167318,643597,Wagner Piccolinis mini pizza tomaat mozzarella,Wagner,diepvries,Diepvries,Mini pizza's,3.69,3.69,,,,,270 g,prijs per kg €13.67,False,,,,,B,True,AH,https://www.ah.nl/producten/product/wi167318,2026-08-09,Wagner Piccolinis mini pizza tomaat mozzarella,freezer
429645,697274,Magnum White chocolate,Magnum,diepvries,Diepvries,Room handijs,6.99,6.99,35.0,2 stapelen tot 35%,,2.0,6 stuks,,True,AH,2 stapelen tot 35%,2026-08-10,2026-08-16,E,True,AH,https://www.ah.nl/producten/product/wi429645,2026-08-09,Magnum White chocolate,freezer
614260,0,Magnum White chocolate 3-pack,Magnum,diepvries,Diepvries,Room handijs,18.87,20.97,10.0,10% volume voordeel,,,3 stuks,,True,AHOO,10% volume voordeel,2026-08-09,2026-08-09,,True,AH,https://www.ah.nl/producten/product/wi614260,2026-08-09,Magnum White chocolate 3-pack,freezer
582314,25128,AH Roerbakgroente Italiaans,AH,diepvries,Diepvries,Groentemix (diepvries),1.49,1.49,,,,,450 g,prijs per kg €3.31,False,,,,,A,True,AH,https://www.ah.nl/producten/product/wi582314,2026-08-09,AH Roerbakgroente Italiaans,freezer
217015,809192,AH Hollandse snijbonen,AH,diepvries,Diepvries,Snijbonen (diepvries),1.69,1.69,,,,,450 g,prijs per kg €3.76,False,,,,,A,True,AH,https://www.ah.nl/producten/product/wi217015,2026-08-09,AH Dutch string beans,freezer
183521,773329,Aviko Aardappelkroketjes,Aviko,diepvries,Diepvries,Aardappelkroketten (diepvries),2.89,2.89,,,,,750 g,prijs per kg €3.85,False,,,,,C,True,AH,https://www.ah.nl/producten/product/wi183521,2026-08-09,Aviko Aardappelkroketjes,freezer
614563,0,Aviko Aardappelkroketjes 3-pack,Aviko,diepvries,Diepvries,Aardappelkroketten (diepvries),8.24,8.67,5.0,5% volume voordeel,,,3 stuks,,True,AHOO,5% volume voordeel,2026-08-09,2999-12-31,,True,AH,https://www.ah.nl/producten/product/wi614563,2026-08-09,Aviko Potato Croquettes 3-pack,freezer
98976,535401,Ben & Jerry's Cookie dough,Ben & Jerry's,diepvries,Diepvries,Roomijs pints,7.89,7.89,,1 + 1 GRATIS,,1.0,465 ml,normale prijs per liter €16.97,True,AH,1 + 1 GRATIS,2026-08-03,2026-08-09,E,True,AH,https://www.ah.nl/producten/product/wi98976,2026-08-09,Ben & Jerry's Cookie dough,freezer
585189,0,Ben & Jerry's Cookie Dough 2-pack,Ben & Jerry's,diepvries,Diepvries,Roomijs pints,7.89,15.78,50.0,pakketkorting,,,2 stuks,,True,AHOO,,2026-08-09,2026-08-09,,True,AH,https://www.ah.nl/producten/product/wi585189,2026-08-09,Ben & Jerry's Cookie Dough 2-pack,freezer
550167,580834,Crosta Mollica Pizzetta margherita 2-pack,Crosta Mollica,diepvries,Diepvries,Pizza (zuurdesem),6.99,6.99,,,,,422 g,prijs per kg €16.56,False,,,,,,True,AH,https://www.ah.nl/producten/product/wi550167,2026-08-09,Crosta Mollica Pizzetta margherita 2-pack,freezer
615519,0,Crosta & Mollica Pizzetta margherita 3-pack,Crosta & Mollica,diepvries,Diepvries,Pizza (zuurdesem),18.87,20.97,10.0,10% volume voordeel,,,3 stuks,,True,AHOO,10% volume voordeel,2026-08-09,2999-12-31,,True,AH,https://www.ah.nl/producten/product/wi615519,2026-08-09,Crosta & Mollica Pizzetta margherita 3-pack,freezer
617808,0,AH Doosje met passievruchtblokjes 4-pack,AH,diepvries,Diepvries,Fruitmix (diepvries),10.49,11.16,6.0,6% volume voordeel,,,4 stuks,,True,AHOO,6% volume voordeel,2026-08-09,2999-12-31,,True,AH,https://www.ah.nl/producten/product/wi617808,2026-08-09,"AH Box with passion fruit cubes, 4-pack",freezer
1884,644306,Ola Raket,Ola,diepvries,Diepvries,Waterijs,2.99,2.99,,,,,9 stuks,,False,,,,,C,True,AH,https://www.ah.nl/producten/product/wi1884,2026-08-09,Ola Rocket,freezer
513997,7389,Dr. Oetker Ristorante pizza funghi,Dr. Oetker,diepvries,Diepvries,Pizza (dunne bodem),3.29,3.29,,,,,365 g,prijs per kg €9.01,False,,,,,C,True,AH,https://www.ah.nl/producten/product/wi513997,2026-08-09,Dr. Oetker Ristorante pizza funghi,freezer
195089,794930,Aviko Rösti rondjes naturel,Aviko,diepvries,Diepvries,Rosti (diepvries),2.89,2.89,,,,,750 g,prijs per kg €3.85,False,,,,,C,True,AH,https://www.ah.nl/producten/product/wi195089,2026-08-09,Aviko Rösti rondjes naturel,freezer
614576,0,Aviko Rösti rondjes naturel 3-pack,Aviko,diepvries,Diepvries,Rosti (diepvries),8.24,8.67,5.0,5% volume voordeel,,,3 stuks,,True,AHOO,5% volume voordeel,2026-08-09,2999-12-31,,True,AH,https://www.ah.nl/producten/product/wi614576,2026-08-09,Aviko Rösti rondjes naturel 3-pack,freezer
617807,0,AH Doosje met passievruchtblokjes 3-pack,AH,diepvries,Diepvries,Fruitmix (diepvries),8.04,8.37,4.0,4% volume voordeel,,,3 stuks,,True,AHOO,4% volume voordeel,2026-08-09,2999-12-31,,True,AH,https://www.ah.nl/producten/product/wi617807,2026-08-09,AH Doosje met passievruchtblokjes 3-pack,freezer
209566,803966,Hertog Ijssalon mini aardbeien meringue,Hertog,diepvries,Diepvries,Roomijs pints,1.89,1.89,,,,,200 ml,prijs per liter €9.45,False,,,,,D,True,AH,https://www.ah.nl/producten/product/wi209566,2026-08-09,Hertog Ijssalon mini aardbeien meringue,freezer
232380,825138,Hebro Saté ajam,Hebro,diepvries,Diepvries,Sate (diepvries),2.15,2.15,,,,,172 g,prijs per kg €12.50,False,,,,,C,True,AH,https://www.ah.nl/producten/product/wi232380,2026-08-09,Hebro Satay ajam,freezer
141487,615432,LambWeston Twister fries seasoned,LambWeston,diepvries,Diepvries,Friet (oven),2.29,2.29,,,,,600 g,prijs per kg €3.82,False,,,,,C,True,AH,https://www.ah.nl/producten/product/wi141487,2026-08-09,LambWeston Twister fries seasoned,freezer
150182,624316,AH Aardappelpartjes knoflook en rozemarijn,AH,diepvries,Diepvries,Aardappelpartjes (diepvries),1.79,1.79,,,,,600 g,prijs per kg €2.98,False,,,,,B,True,AH,https://www.ah.nl/producten/product/wi150182,2026-08-09,"AH Potato wedges, garlic and rosemary",freezer
169186,752062,Aviko Oma's smulfriet,Aviko,diepvries,Diepvries,Friet (oven),2.245,2.89,22.3,2 voor 4.49,4.49,2.0,750 g,normale prijs per kg €3.85,True,AH,2 VOOR 4.49,2026-08-03,2026-08-09,A,True,AH,https://www.ah.nl/producten/product/wi169186,2026-08-09,Aviko Oma's smulfriet,freezer
550323,721519,AH Doosje met aardbei banaan,AH,diepvries,Diepvries,Fruitmix (diepvries),1.59,1.59,,,,,250 g,prijs per kg €6.36,False,,,,,A,True,AH,https://www.ah.nl/producten/product/wi550323,2026-08-09,AH Box with strawberry banana,freezer
582336,25164,AH Zakje met banaan plakjes,AH,diepvries,Diepvries,Fruitmix (diepvries),4.99,4.99,,,,,1 kg,prijs per kg €4.99,False,,,,,A,True,AH,https://www.ah.nl/producten/product/wi582336,2026-08-09,AH Bag with banana slices,freezer
590659,37612,Nestlé Pirulo mango,Nestlé,diepvries,Diepvries,Waterijs,3.14,4.19,25.0,25% korting,,,5 stuks,,True,AH,25% korting,2026-08-03,2026-08-09,C,True,AH,https://www.ah.nl/producten/product/wi590659,2026-08-09,Nestlé Pirulo mango,freezer
162673,631850,AH Doosje met aardbeien,AH,diepvries,Diepvries,Aardbeien (diepvries),1.69,1.69,,,,,225 g,prijs per kg €7.51,False,,,,,A,True,AH,https://www.ah.nl/producten/product/wi162673,2026-08-09,AH Box with strawberries,freezer
596116,0,AH Doosje met aardbeien 2-pack,AH,diepvries,Diepvries,Aardbeien (diepvries),3.31,3.38,2.0,2% volume voordeel,,,2 stuks,,True,AHOO,2% volume voordeel,2026-08-09,2999-12-31,,True,AH,https://www.ah.nl/producten/product/wi596116,2026-08-09,AH Box with strawberries 2-pack,freezer
115964,568853,Dr. Oetker Big Americans pizza BBQ chicken,Dr. Oetker,diepvries,Diepvries,Pizza (dikke bodem),4.99,4.99,,,,,460 g,prijs per kg €10.85,False,,,,,C,True,AH,https://www.ah.nl/producten/product/wi115964,2026-08-09,Dr. Oetker Big Americans pizza BBQ chicken,freezer
571971,13173,Nestlé Pirulo fruit joy,Nestlé,diepvries,Diepvries,Waterijs,2.99,3.99,25.0,25% korting,,,5 stuks,,True,AH,25% korting,2026-08-03,2026-08-09,C,True,AH,https://www.ah.nl/producten/product/wi571971,2026-08-09,Nestlé Pirulo fruit joy,freezer
607082,62784,Ola Mini solero exotic berry,Ola,diepvries,Diepvries,Room handijs,4.99,4.99,,,,,6 stuks,,False,,,,,C,True,AH,https://www.ah.nl/producten/product/wi607082,2026-08-09,Ola Mini solero exotic berry,freezer
474126,726841,LambWeston Rustic fries,LambWeston,diepvries,Diepvries,Friet (oven),2.99,2.99,,,,,750 g,prijs per kg €3.99,False,,,,,B,True,AH,https://www.ah.nl/producten/product/wi474126,2026-08-09,LambWeston Rustic fries,freezer
574682,15886,AH 99% fruitijs blauwe bes appel & gember,AH,diepvries,Diepvries,Waterijs,3.49,3.49,,,,,5 stuks,,False,,,,,A,True,AH,https://www.ah.nl/producten/product/wi574682,2026-08-09,AH 99% fruitijs blauwe bes appel & gember,freezer
601075,0,AH Doosje met aardbei banaan 2-pack,AH,diepvries,Diepvries,Fruitmix (diepvries),3.12,3.18,2.0,2% volume voordeel,,,2 stuks,,True,AHOO,2% volume voordeel,2026-08-09,2999-12-31,,True,AH,https://www.ah.nl/producten/product/wi601075,2026-08-09,AH Doosje met aardbei banaan 2-pack,freezer
557065,91445,AH 99% fruitijs watermeloen appel munt,AH,diepvries,Diepvries,Waterijs,3.49,3.49,,,,,5 stuks,,False,,,,,A,True,AH,https://www.ah.nl/producten/product/wi557065,2026-08-09,AH 99% fruit ice cream watermelon apple mint,freezer
237604,787822,Koopmans Bladerdeeg origineel,Koopmans,diepvries,Diepvries,"Diepvries bladerdeeg, filodeeg",1.49,1.49,,,,,450 g,prijs per kg €3.31,False,,,,,E,True,AH,https://www.ah.nl/producten/product/wi237604,2026-08-09,Koopmans Bladerdeeg origineel,freezer
582502,25183,Duca 8 crispy chicken tenders,Duca,diepvries,Diepvries,Kipnuggets (oven),3.79,3.79,,,,,240 g,prijs per kg €15.79,False,,,,,C,True,AH,https://www.ah.nl/producten/product/wi582502,2026-08-09,Duca 8 crispy chicken tenders,freezer
607078,62776,Magnum Mini pistache,Magnum,diepvries,Diepvries,Room handijs,6.99,6.99,35.0,2 stapelen tot 35%,,2.0,6 stuks,,True,AH,2 stapelen tot 35%,2026-08-10,2026-08-16,E,True,AH,https://www.ah.nl/producten/product/wi607078,2026-08-09,Magnum Mini pistachio,freezer
62060,538520,Magnum Mini classic almond white,Magnum,diepvries,Diepvries,Room handijs,5.99,5.99,35.0,2 stapelen tot 35%,,2.0,6 stuks,,True,AH,2 stapelen tot 35%,2026-08-10,2026-08-16,E,True,AH,https://www.ah.nl/producten/product/wi62060,2026-08-09,Magnum Mini classic almond white,freezer
169011,752053,Mora Originals kipkorn,Mora,diepvries,Diepvries,Kipsnacks (oven),3.99,3.99,,,,,300 g,prijs per kg €13.30,False,,,,,D,True,AH,https://www.ah.nl/producten/product/wi169011,2026-08-09,Mora Originals chicken corn,freezer
191460,794221,Mora Loempia kip & ham,Mora,diepvries,Diepvries,Loempia's (frituur),1.79,1.79,,,,,175 g,prijs per kg €10.23,False,,,,,C,True,AH,https://www.ah.nl/producten/product/wi191460,2026-08-09,Mora Loempia kip & ham,freezer
614252,0,Magnum Mini classic almond white 3-pack,Magnum,diepvries,Diepvries,Room handijs,16.17,17.97,10.0,10% volume voordeel,,,3 stuks,,True,AHOO,10% volume voordeel,2026-08-09,2026-08-09,,True,AH,https://www.ah.nl/producten/product/wi614252,2026-08-09,Magnum Mini classic almond white 3-pack,freezer
165152,629409,Aviko Supercrunch oven pommes frites,Aviko,diepvries,Diepvries,Friet (oven),2.245,2.89,22.3,2 voor 4.49,4.49,2.0,750 g,normale prijs per kg €3.85,True,AH,2 VOOR 4.49,2026-08-03,2026-08-09,A,True,AH,https://www.ah.nl/producten/product/wi165152,2026-08-09,Aviko Supercrunch oven pommes frites,freezer
539781,560011,Duca Kipnuggets de luxe,Duca,diepvries,Diepvries,Kipnuggets (oven),3.99,3.99,,,,,250 g,prijs per kg €15.96,False,,,,,C,True,AH,https://www.ah.nl/producten/product/wi539781,2026-08-09,Duca Chicken Nuggets de luxe,freezer
599401,48651,AH Ijs spinners,AH,diepvries,Diepvries,Room handijs,2.15,2.15,,,,,7 stuks,,False,,,,,C,True,AH,https://www.ah.nl/producten/product/wi599401,2026-08-09,AH Ijs spinners,freezer
232374,825131,Kwekkeboom Oven bitterballen,Kwekkeboom,diepvries,Diepvries,Bitterballen (oven),4.99,4.99,,,,,12 stuks,prijs per kg €16.63,False,,,,,D,True,AH,https://www.ah.nl/producten/product/wi232374,2026-08-09,Kwekkeboom Oven bitterballen,freezer
132554,594947,AH Ah chantilly karamel,AH,diepvries,Diepvries,Roomijs bekertjes,3.29,3.29,,,,,6 stuks,,False,,,,,D,True,AH,https://www.ah.nl/producten/product/wi132554,2026-08-09,AH Ah chantilly caramel,freezer
582491,25163,AH Doosje met kiwi schijfjes,AH,diepvries,Diepvries,Fruitmix (diepvries),1.99,1.99,,,,,250 g,prijs per kg €7.96,False,,,,,A,True,AH,https://www.ah.nl/producten/product/wi582491,2026-08-09,AH Doosje met kiwi schijfjes,freezer
582315,25130,AH Roerbakgroente Mexicaans,AH,diepvries,Diepvries,Groentemix (diepvries),1.79,1.79,,,,,450 g,prijs per kg €3.98,False,,,,,A,True,AH,https://www.ah.nl/producten/product/wi582315,2026-08-09,AH Roerbakgroente Mexicaans,freezer
441705,705310,AH Doosje met perzikpartjes,AH,diepvries,Diepvries,Fruitmix (diepvries),1.99,1.99,,,,,250 g,prijs per kg €7.96,False,,,,,A,True,AH,https://www.ah.nl/producten/product/wi441705,2026-08-09,AH Box with peach segments,freezer
221697,803949,Ben & Jerry's Cool-lection classic,Ben & Jerry's,diepvries,Diepvries,Roomijs bekertjes,6.99,6.99,,1 + 1 GRATIS,,1.0,4 x 100 ml,normale prijs per liter €17.48,True,AH,1 + 1 GRATIS,2026-08-03,2026-08-09,E,True,AH,https://www.ah.nl/producten/product/wi221697,2026-08-09,Ben & Jerry's Cool-lection classic,freezer
614285,0,Ben & Jerry's Cool-lection classic 3-pack,Ben & Jerry's,diepvries,Diepvries,Roomijs bekertjes,13.98,20.97,33.3,pakketkorting,,,3 stuks,,True,AHOO,,2026-08-09,2026-08-09,,True,AH,https://www.ah.nl/producten/product/wi614285,2026-08-09,Ben & Jerry's Cool-lection classic 3-pack,freezer
170005,754596,AH Doosje met blauwe bes framboos,AH,diepvries,Diepvries,Blauwe bessen (diepvries),2.99,2.99,,,,,250 g,prijs per kg €11.96,False,,,,,A,True,AH,https://www.ah.nl/producten/product/wi170005,2026-08-09,AH Box with blueberry raspberry,freezer
226471,804002,Ola Solero exotic,Ola,diepvries,Diepvries,Room handijs,4.79,4.79,,,,,3 stuks,,False,,,,,C,True,AH,https://www.ah.nl/producten/product/wi226471,2026-08-09,Ola Solero exotic,freezer
601076,0,AH Doosje met blauwe bes framboos 2-pack,AH,diepvries,Diepvries,Blauwe bessen (diepvries),5.86,5.98,2.0,2% volume voordeel,,,2 stuks,,True,AHOO,2% volume voordeel,2026-08-09,2999-12-31,,True,AH,https://www.ah.nl/producten/product/wi601076,2026-08-09,AH Doosje met blauwe bes framboos 2-pack,freezer
614231,0,Ola Solero exotic 3-pack,Ola,diepvries,Diepvries,Room handijs,12.93,14.37,10.0,10% volume voordeel,,,3 stuks,,True,AHOO,10% volume voordeel,2026-08-09,2999-12-31,,True,AH,https://www.ah.nl/producten/product/wi614231,2026-08-09,Ola Solero exotic 3-pack,freezer
601078,0,AH Doosje met kiwi schijfjes 2-pack,AH,diepvries,Diepvries,Fruitmix (diepvries),3.9,3.98,2.0,2% volume voordeel,,,2 stuks,,True,AHOO,2% volume voordeel,2026-08-09,2999-12-31,,True,AH,https://www.ah.nl/producten/product/wi601078,2026-08-09,AH Box with kiwi slices 2-pack,freezer
430431,697888,Aviko Mini aardappel kroketjes,Aviko,diepvries,Diepvries,Aardappelkroketten (diepvries),2.99,2.99,,,,,600 g,prijs per kg €4.98,False,,,,,C,True,AH,https://www.ah.nl/producten/product/wi430431,2026-08-09,Aviko Mini aardappel kroketjes,freezer
614571,0,Aviko Mini aardappel kroketjes 3-pack,Aviko,diepvries,Diepvries,Aardappelkroketten (diepvries),8.52,8.97,5.0,5% volume voordeel,,,3 stuks,,True,AHOO,5% volume voordeel,2026-08-09,2999-12-31,,True,AH,https://www.ah.nl/producten/product/wi614571,2026-08-09,Aviko Mini aardappel kroketjes 3-pack,freezer
608053,64895,Nestlé Pirulo smarties rocket,Nestlé,diepvries,Diepvries,Room handijs,2.84,3.79,25.0,25% korting,,,5 stuks,,True,AH,25% korting,2026-08-03,2026-08-09,D,True,AH,https://www.ah.nl/producten/product/wi608053,2026-08-09,Nestlé Pirulo smarties rocket,freezer
617809,0,AH Doosje met perzikpartjes 2-pack,AH,diepvries,Diepvries,Fruitmix (diepvries),3.9,3.98,2.0,2% volume voordeel,,,2 stuks,,True,AHOO,2% volume voordeel,2026-08-09,2999-12-31,,True,AH,https://www.ah.nl/producten/product/wi617809,2026-08-09,AH Doosje met perzikpartjes 2-pack,freezer
589901,35370,Magnum Utopia double cherry,Magnum,diepvries,Diepvries,Room handijs,4.59,4.59,35.0,2 stapelen tot 35%,,2.0,3 stuks,,True,AH,2 stapelen tot 35%,2026-08-10,2026-08-16,E,True,AH,https://www.ah.nl/producten/product/wi589901,2026-08-09,Magnum Utopia double cherry,freezer
456079,614336,Starbucks Nespresso espresso roast capsules,Starbucks,koffie-thee,"Koffie, thee",Starbucks Nespresso cups,4.99,4.99,,,,,10 stuks,,False,,,,,B,True,AH,https://www.ah.nl/producten/product/wi456079,2026-08-09,Starbucks Nespresso espresso roast capsules,coffee-tea
476548,729705,Nescafé Dolce Gusto Lungo capsules,Nescafé Dolce Gusto,koffie-thee,"Koffie, thee",Nescafe Dolce Gusto cups,6.49,6.49,,,,,16 stuks,,False,,,,,B,True,AH,https://www.ah.nl/producten/product/wi476548,2026-08-09,Nescafé Dolce Gusto Lungo capsules,coffee-tea
601577,53424,Pickwick Evening blend herbal harmony,Pickwick,koffie-thee,"Koffie, thee",Pickwick kruidenthee,1.79,2.39,25.0,25% korting,,,15 stuks,,True,AH,25% korting,2026-08-03,2026-08-09,B,True,AH,https://www.ah.nl/producten/product/wi601577,2026-08-09,Pickwick Evening blend herbal harmony,coffee-tea
3737,31630,Douwe Egberts Aroma rood filterkoffie,Douwe Egberts,koffie-thee,"Koffie, thee",Douwe Egberts filterkoffie,9.59,9.59,,,,,500 g,prijs per kg €19.18,False,,,,,B,True,AH,https://www.ah.nl/producten/product/wi3737,2026-08-09,Douwe Egberts Aroma red filter coffee,coffee-tea
615467,0,Douwe Egberts Aroma rood filterkoffie 4-pack,Douwe Egberts,koffie-thee,"Koffie, thee",Douwe Egberts filterkoffie,36.44,38.36,5.0,5% volume voordeel,,,4 stuks,,True,AHOO,5% volume voordeel,2026-08-09,2999-12-31,,True,AH,https://www.ah.nl/producten/product/wi615467,2026-08-09,Douwe Egberts Aroma red filter coffee 4-pack,coffee-tea
171156,761777,Perla Huisblends Aroma snelfiltermaling 2-pack voordeel,Perla Huisblends,koffie-thee,"Koffie, thee",Perla filterkoffie,15.49,15.49,,1 + 1 GRATIS,,1.0,2 x 500 g,normale prijs per kg €15.49,True,AH,1 + 1 GRATIS,2026-08-03,2026-08-09,B,True,AH,https://www.ah.nl/producten/product/wi171156,2026-08-09,Perla Huisblends Aroma snelfiltermaling 2-pack voordeel,coffee-tea
595593,0,Perla Huisblends Aroma snelfiltermaling 4-pack,Perla Huisblends,koffie-thee,"Koffie, thee",Perla filterkoffie,30.98,61.96,50.0,pakketkorting,,,4 stuks,,True,AHOO,,2026-08-09,2026-08-09,,True,AH,https://www.ah.nl/producten/product/wi595593,2026-08-09,Perla Huisblends Aroma quick filter grind 4-pack,coffee-tea
442228,84632,Friesche Vlag Latte opschuimmelk,Friesche Vlag,koffie-thee,"Zuivel, eieren",Koffiemelk,2.19,2.19,,,,,1 l,prijs per liter €2.19,False,,,,,C,True,AH,https://www.ah.nl/producten/product/wi442228,2026-08-09,Friesche Vlag Latte foam milk,coffee-tea
124423,579237,Perla Huisblends Classic koffiepads,Perla Huisblends,koffie-thee,"Koffie, thee",Perla koffiepads,5.79,5.79,,1 + 1 gratis,,1.0,36 stuks,,True,AH,1 + 1 gratis,2026-08-10,2026-08-16,B,True,AH,https://www.ah.nl/producten/product/wi124423,2026-08-09,Perla Huisblends Classic koffiepads,coffee-tea
617962,0,Perla Huisblends Classic koffiepads 4-pack,Perla Huisblends,koffie-thee,"Koffie, thee",Perla koffiepads,22.47,23.16,3.0,3% volume voordeel,,,4 stuks,,True,AHOO,3% volume voordeel,2026-08-09,2026-08-09,,True,AH,https://www.ah.nl/producten/product/wi617962,2026-08-09,Perla Huisblends Classic koffiepads 4-pack,coffee-tea
1487,64121,Perla Huisblends Aroma snelfiltermaling,Perla Huisblends,koffie-thee,"Koffie, thee",Perla filterkoffie,7.99,7.99,,1 + 1 GRATIS,,1.0,500 g,normale prijs per kg €15.98,True,AH,1 + 1 GRATIS,2026-08-03,2026-08-09,B,True,AH,https://www.ah.nl/producten/product/wi1487,2026-08-09,Perla Huisblends Aroma snelfiltermaling,coffee-tea
617928,0,Perla Huisblends Aroma snelfiltermaling 4-pck,Perla Huisblends,koffie-thee,"Koffie, thee",Perla filterkoffie,15.98,31.96,50.0,pakketkorting,,,4 stuks,,True,AHOO,,2026-08-09,2026-08-09,,True,AH,https://www.ah.nl/producten/product/wi617928,2026-08-09,Perla Huisblends Aroma quick filter grind 4-pck,coffee-tea
3697,6294,Van Gilse Kristalsuiker,Van Gilse,koffie-thee,"Maaltijden, salades","Suiker, poedersuiker",0.95,0.95,,,,,1 kg,prijs per kg €0.95,False,,,,,E,True,AH,https://www.ah.nl/producten/product/wi3697,2026-08-09,Van Gilse Crystal Sugar,coffee-tea
46794,100200,Friesche Vlag Halvamel,Friesche Vlag,koffie-thee,"Zuivel, eieren",Koffiemelk,0.79,0.79,,,,,10 x 7 ml,prijs per liter €11.29,False,,,,,E,True,AH,https://www.ah.nl/producten/product/wi46794,2026-08-09,Friesche Vlag Halvamel,coffee-tea
3706,6296,AH Suikerklontjes,AH,koffie-thee,"Maaltijden, salades","Suiker, poedersuiker",1.79,1.79,,,,,1 kg,prijs per kg €1.79,False,,,,,E,True,AH,https://www.ah.nl/producten/product/wi3706,2026-08-09,AH Suikerklontjes,coffee-tea
459917,712726,AH Koffiefilters no4,AH,koffie-thee,"Koffie, thee","Koffiefilters, theefilters",0.85,0.85,,,,,100 stuks,,False,,,,,,True,AH,https://www.ah.nl/producten/product/wi459917,2026-08-09,AH Coffee filters no4,coffee-tea
186751,620424,Pickwick English zwarte thee,Pickwick,koffie-thee,"Koffie, thee",Pickwick zwarte thee,2.49,2.49,,,,,40 stuks,,False,,,,,B,True,AH,https://www.ah.nl/producten/product/wi186751,2026-08-09,Pickwick English zwarte thee,coffee-tea
3704,48211,Pickwick Earl grey zwarte thee,Pickwick,koffie-thee,"Koffie, thee",Pickwick zwarte thee,1.34,1.79,25.0,25% korting,,,20 stuks,,True,AH,25% korting,2026-08-03,2026-08-09,B,True,AH,https://www.ah.nl/producten/product/wi3704,2026-08-09,Pickwick Earl grey zwarte thee,coffee-tea
193676,795911,Friesche Vlag Halvamel,Friesche Vlag,koffie-thee,"Zuivel, eieren",Koffiemelk,1.75,1.75,,,,,455 ml,prijs per liter €3.85,False,,,,,E,True,AH,https://www.ah.nl/producten/product/wi193676,2026-08-09,Friesche Vlag Halvamel,coffee-tea
575714,0,Friesche Vlag Latte 1L 3-pack,Friesche Vlag,koffie-thee,"Zuivel, eieren",Koffiemelk,6.24,6.57,5.0,5% volume voordeel,,,3 stuks,,True,AHOO,5% volume voordeel,2026-08-09,2999-12-31,,True,AH,https://www.ah.nl/producten/product/wi575714,2026-08-09,Frisian Flag Latte 1L 3-pack,coffee-tea
456069,613041,Starbucks Nespresso house blend lungo capsules,Starbucks,koffie-thee,"Koffie, thee",Starbucks Nespresso cups,4.99,4.99,,,,,10 stuks,,False,,,,,B,True,AH,https://www.ah.nl/producten/product/wi456069,2026-08-09,Starbucks Nespresso house blend lungo capsules,coffee-tea
608487,0,Friesche Vlag Latte opschuimmelk 5-pack,Friesche Vlag,koffie-thee,"Zuivel, eieren",Koffiemelk,9.85,10.95,10.0,10% volume voordeel,,,5 stuks,,True,AHOO,10% volume voordeel,2026-08-09,2999-12-31,,True,AH,https://www.ah.nl/producten/product/wi608487,2026-08-09,Friesche Vlag Latte opschuimmelk 5-pack,coffee-tea
575715,0,Friesche Vlag Halvamel 3-pack,Friesche Vlag,koffie-thee,"Zuivel, eieren",Koffiemelk,4.99,5.25,5.0,5% volume voordeel,,,3 stuks,,True,AHOO,5% volume voordeel,2026-08-09,2999-12-31,,True,AH,https://www.ah.nl/producten/product/wi575715,2026-08-09,Friesche Vlag Halvamel 3-pack,coffee-tea
607811,0,Starbucks Nespresso house blend lungo caps 4-pack,Starbucks,koffie-thee,"Koffie, thee",Starbucks Nespresso cups,19.16,19.96,4.0,4% volume voordeel,,,4 stuks,,True,AHOO,4% volume voordeel,2026-08-09,2999-12-31,,True,AH,https://www.ah.nl/producten/product/wi607811,2026-08-09,Starbucks Nespresso house blend lungo caps 4-pack,coffee-tea
608484,0,Friesche Vlag Halvamel 5-pack7ml,Friesche Vlag,koffie-thee,"Zuivel, eieren",Koffiemelk,3.55,3.95,10.0,10% volume voordeel,,,5 stuks,,True,AHOO,10% volume voordeel,2026-08-09,2999-12-31,,True,AH,https://www.ah.nl/producten/product/wi608484,2026-08-09,Friesche Vlag Halvamel 5-pack7ml,coffee-tea
607812,0,Starbucks Nespresso house blend lungo caps 6-pack,Starbucks,koffie-thee,"Koffie, thee",Starbucks Nespresso cups,26.95,29.94,10.0,10% volume voordeel,,,6 stuks,,True,AHOO,10% volume voordeel,2026-08-09,2999-12-31,,True,AH,https://www.ah.nl/producten/product/wi607812,2026-08-09,Starbucks Nespresso house blend lungo caps 6-pack,coffee-tea
238687,831450,Perla Biologisch Aroma snelfiltermaling,Perla Biologisch,koffie-thee,"Koffie, thee",Perla filterkoffie,8.99,8.99,,1 + 1 GRATIS,,1.0,500 g,normale prijs per kg €17.98,True,AH,1 + 1 GRATIS,2026-08-03,2026-08-09,B,True,AH,https://www.ah.nl/producten/product/wi238687,2026-08-09,Perla Biologisch Aroma snelfiltermaling,coffee-tea
607810,0,Starbucks Nespresso house blend lungo caps 14-pack,Starbucks,koffie-thee,"Koffie, thee",Starbucks Nespresso cups,61.48,69.86,12.0,12% volume voordeel,,,14 stuks,,True,AHOO,12% volume voordeel,2026-08-09,2999-12-31,,True,AH,https://www.ah.nl/producten/product/wi607810,2026-08-09,Starbucks Nespresso house blend lungo caps 14-pack,coffee-tea
3738,7134,Douwe Egberts Aroma rood filterkoffie,Douwe Egberts,koffie-thee,"Koffie, thee",Douwe Egberts filterkoffie,5.49,5.49,,,,,250 g,prijs per kg €21.96,False,,,,,B,True,AH,https://www.ah.nl/producten/product/wi3738,2026-08-09,Douwe Egberts Aroma red filter coffee,coffee-tea
63783,529674,Pickwick Original rooibos thee,Pickwick,koffie-thee,"Koffie, thee",Rooibosthee,1.49,1.99,25.0,25% korting,,,20 stuks,,True,AH,25% korting,2026-08-03,2026-08-09,B,True,AH,https://www.ah.nl/producten/product/wi63783,2026-08-09,Pickwick Original rooibos tea,coffee-tea
381410,841331,AH Zwarte thee bosvruchten,AH,koffie-thee,"Koffie, thee",AH zwarte thee,0.79,0.79,,,,,20 stuks,,False,,,,,B,True,AH,https://www.ah.nl/producten/product/wi381410,2026-08-09,AH Zwarte thee bosvruchten,coffee-tea
588198,33491,Nescafé Cappuccino,Nescafé,koffie-thee,"Koffie, thee",IJskoffie,1.99,1.99,,,,,250 ml,prijs per liter €7.96,False,,,,,C,True,AH,https://www.ah.nl/producten/product/wi588198,2026-08-09,Nescafe Cappuccino,coffee-tea
1101,35875,AH Halfvolle koffiemelk,AH,koffie-thee,"Zuivel, eieren",Koffiemelk,0.95,0.95,,,,,186 ml,prijs per liter €5.11,False,,,,,E,True,AH,https://www.ah.nl/producten/product/wi1101,2026-08-09,AH Semi-skimmed coffee milk,coffee-tea
608482,0,Friesche Vlag Halvamel 3-pack7ml,Friesche Vlag,koffie-thee,"Zuivel, eieren",Koffiemelk,2.25,2.37,5.0,5% volume voordeel,,,3 stuks,,True,AHOO,5% volume voordeel,2026-08-09,2999-12-31,,True,AH,https://www.ah.nl/producten/product/wi608482,2026-08-09,Friesche Vlag Halvamel 3-pack7ml,coffee-tea
607934,0,Nescafé Cappuccino 12-pack,Nescafé,koffie-thee,"Koffie, thee",IJskoffie,21.49,23.88,10.0,10% volume voordeel,,,12 stuks,,True,AHOO,10% volume voordeel,2026-08-09,2999-12-31,,True,AH,https://www.ah.nl/producten/product/wi607934,2026-08-09,Nescafé Cappuccino 12-pack,coffee-tea
414809,856955,Douwe Egberts Lungo intens capsules,Douwe Egberts,koffie-thee,"Koffie, thee",Douwe Egberts Nespresso cups,6.19,6.19,,,,,20 stuks,,False,,,,,B,True,AH,https://www.ah.nl/producten/product/wi414809,2026-08-09,Douwe Egberts Lungo intens capsules,coffee-tea
607935,0,Nescafé Cappuccino 4-pack,Nescafé,koffie-thee,"Koffie, thee",IJskoffie,7.72,7.96,3.0,3% volume voordeel,,,4 stuks,,True,AHOO,3% volume voordeel,2026-08-09,2999-12-31,,True,AH,https://www.ah.nl/producten/product/wi607935,2026-08-09,Nescafé Cappuccino 4-pack,coffee-tea
195720,761771,Perla Huisblends Aroma koffiebonen,Perla Huisblends,koffie-thee,"Koffie, thee",Perla koffiebonen,15.99,15.99,,,,,1 kg,prijs per kg €15.99,False,,,,,B,True,AH,https://www.ah.nl/producten/product/wi195720,2026-08-09,Perla House Blends Aroma coffee beans,coffee-tea
607980,0,Nescafé Cappuccino 6-pack,Nescafé,koffie-thee,"Koffie, thee",IJskoffie,11.22,11.94,6.0,6% volume voordeel,,,6 stuks,,True,AHOO,6% volume voordeel,2026-08-09,2999-12-31,,True,AH,https://www.ah.nl/producten/product/wi607980,2026-08-09,Nescafé Cappuccino 6-pack,coffee-tea
365872,832883,Starbucks Cappuccino ijskoffie,Starbucks,koffie-thee,"Koffie, thee",IJskoffie,1.99,1.99,,1 + 1 gratis,,1.0,220 ml,normale prijs per liter €9.05,True,AH,1 + 1 gratis,2026-08-10,2026-08-16,D,True,AH,https://www.ah.nl/producten/product/wi365872,2026-08-09,Starbucks Cappuccino ijskoffie,coffee-tea
196704,798556,Pickwick Bosvruchten vruchtenthee,Pickwick,koffie-thee,"Koffie, thee",Vruchtenthee,1.49,1.99,25.0,25% korting,,,20 stuks,,True,AH,25% korting,2026-08-03,2026-08-09,B,True,AH,https://www.ah.nl/producten/product/wi196704,2026-08-09,Pickwick Bosvruchten vruchtenthee,coffee-tea
615490,0,Pickwick Bosvruchten vruchtenthee 4-pack,Pickwick,koffie-thee,"Koffie, thee",Vruchtenthee,5.97,7.96,25.0,pakketkorting,,,4 stuks,,True,AHOO,,2026-08-09,2026-08-09,,True,AH,https://www.ah.nl/producten/product/wi615490,2026-08-09,Pickwick Forest fruits fruit tea 4-pack,coffee-tea
609682,0,Friesche Vlag Halvamel 5-pack,Friesche Vlag,koffie-thee,"Zuivel, eieren",Koffiemelk,7.87,8.75,10.0,10% volume voordeel,,,5 stuks,,True,AHOO,10% volume voordeel,2026-08-09,2999-12-31,,True,AH,https://www.ah.nl/producten/product/wi609682,2026-08-09,Friesche Vlag Halvamel 5-pack,coffee-tea
187350,786950,Friesche Vlag Goudband volle koffiemelk,Friesche Vlag,koffie-thee,"Zuivel, eieren",Koffiemelk,2.29,2.29,,,,,455 ml,prijs per liter €5.03,False,,,,,E,True,AH,https://www.ah.nl/producten/product/wi187350,2026-08-09,Friesche Vlag Goudband full coffee milk,coffee-tea
63782,529673,Pickwick Green lemon groene thee,Pickwick,koffie-thee,"Koffie, thee",Pickwick groene thee,1.64,2.19,25.0,25% korting,,,20 stuks,,True,AH,25% korting,2026-08-03,2026-08-09,B,True,AH,https://www.ah.nl/producten/product/wi63782,2026-08-09,Pickwick Green lemon groene thee,coffee-tea
414792,856936,L'OR Espresso lungo profondo capsules,L'OR,koffie-thee,"Koffie, thee",L'OR Nespresso cups,8.19,8.19,,,,,20 stuks,,False,,,,,B,True,AH,https://www.ah.nl/producten/product/wi414792,2026-08-09,L'OR Espresso lungo profondo capsules,coffee-tea
615487,0,L'OR Espresso lungo profondo capsules 5-pack,L'OR,koffie-thee,"Koffie, thee",L'OR Nespresso cups,38.9,40.95,5.0,5% volume voordeel,,,5 stuks,,True,AHOO,5% volume voordeel,2026-08-09,2999-12-31,,True,AH,https://www.ah.nl/producten/product/wi615487,2026-08-09,L'OR Espresso lungo profondo capsules 5-pack,coffee-tea
609579,0,Starbucks Cappuccino ijskoffie 6-pack,Starbucks,koffie-thee,"Koffie, thee",IJskoffie,10.75,11.94,10.0,10% volume voordeel,,,6 stuks,,True,AHOO,10% volume voordeel,2026-08-09,2026-08-09,,True,AH,https://www.ah.nl/producten/product/wi609579,2026-08-09,Starbucks Cappuccino ijskoffie 6-pack,coffee-tea
593400,39536,AH IJskoffie cappuccino proteine,AH,koffie-thee,"Koffie, thee",IJskoffie,0.89,0.89,,,,,250 ml,prijs per liter €3.56,False,,,,,C,True,AH,https://www.ah.nl/producten/product/wi593400,2026-08-09,AH IJskoffie cappuccino proteine,coffee-tea
195721,761784,Perla Superiore Finest dark roast koffiebonen,Perla Superiore,koffie-thee,"Koffie, thee",Perla Superiore koffiebonen,17.99,17.99,,,,,1 kg,prijs per kg €17.99,False,,,,,B,True,AH,https://www.ah.nl/producten/product/wi195721,2026-08-09,Perla Superiore Finest dark roast koffiebonen,coffee-tea
3708,37408,Pickwick English zwarte thee,Pickwick,koffie-thee,"Koffie, thee",Pickwick zwarte thee,1.04,1.39,25.0,25% korting,,,20 stuks,,True,AH,25% korting,2026-08-03,2026-08-09,B,True,AH,https://www.ah.nl/producten/product/wi3708,2026-08-09,Pickwick English zwarte thee,coffee-tea
223367,815581,Starbucks Caffè latte no added sugar ijskoffie,Starbucks,koffie-thee,"Koffie, thee",IJskoffie,1.99,1.99,,1 + 1 gratis,,1.0,220 ml,normale prijs per liter €9.05,True,AH,1 + 1 gratis,2026-08-10,2026-08-16,C,True,AH,https://www.ah.nl/producten/product/wi223367,2026-08-09,Starbucks Caffè latte no added sugar ijskoffie,coffee-tea
33963,63858,Perla Huisblends Decaf snelfiltermaling,Perla Huisblends,koffie-thee,"Koffie, thee",Perla filterkoffie,8.49,8.49,,1 + 1 GRATIS,,1.0,500 g,normale prijs per kg €16.98,True,AH,1 + 1 GRATIS,2026-08-03,2026-08-09,B,True,AH,https://www.ah.nl/producten/product/wi33963,2026-08-09,Perla Huisblends Decaf snelfiltermaling,coffee-tea
617987,0,Perla Huisblends Decaf snelfiltermaling 4-pack,Perla Huisblends,koffie-thee,"Koffie, thee",Perla filterkoffie,16.98,33.96,50.0,pakketkorting,,,4 stuks,,True,AHOO,,2026-08-09,2026-08-09,,True,AH,https://www.ah.nl/producten/product/wi617987,2026-08-09,Perla Huisblends Decaf quick filter grind 4-pack,coffee-tea
609578,0,Starbucks Cappuccino ijskoffie 4-pack,Starbucks,koffie-thee,"Koffie, thee",IJskoffie,7.56,7.96,5.0,5% volume voordeel,,,4 stuks,,True,AHOO,5% volume voordeel,2026-08-09,2026-08-09,,True,AH,https://www.ah.nl/producten/product/wi609578,2026-08-09,Starbucks Cappuccino ijskoffie 4-pack,coffee-tea
195024,798462,Starbucks Caramel macchiato ijskoffie,Starbucks,koffie-thee,"Koffie, thee",IJskoffie,1.99,1.99,,1 + 1 gratis,,1.0,220 ml,normale prijs per liter €9.05,True,AH,1 + 1 gratis,2026-08-10,2026-08-16,C,True,AH,https://www.ah.nl/producten/product/wi195024,2026-08-09,Starbucks Caramel macchiato ijskoffie,coffee-tea
46030,93821,Becel Romig voor in de koffie,Becel,koffie-thee,"Zuivel, eieren",Koffiemelk,2.19,2.19,,,,,467 ml,prijs per liter €4.69,False,,,,,E,True,AH,https://www.ah.nl/producten/product/wi46030,2026-08-09,Becel Creamy for coffee,coffee-tea
609575,0,Starbucks Caffé latte gst ijskoffie 6-pack,Starbucks,koffie-thee,"Koffie, thee",IJskoffie,10.75,11.94,10.0,10% volume voordeel,,,6 stuks,,True,AHOO,10% volume voordeel,2026-08-09,2026-08-09,,True,AH,https://www.ah.nl/producten/product/wi609575,2026-08-09,Starbucks Caffé latte gst ijskoffie 6-pack,coffee-tea
124424,579238,Perla Huisblends Dark roast koffiepads,Perla Huisblends,koffie-thee,"Koffie, thee",Perla koffiepads,5.79,5.79,,1 + 1 gratis,,1.0,36 stuks,,True,AH,1 + 1 gratis,2026-08-10,2026-08-16,B,True,AH,https://www.ah.nl/producten/product/wi124424,2026-08-09,Perla Huisblends Dark roast koffiepads,coffee-tea
609442,0,Friesche Vlag Goudband volle koffiemelk 3-pack,Friesche Vlag,koffie-thee,"Zuivel, eieren",Koffiemelk,6.53,6.87,5.0,5% volume voordeel,,,3 stuks,,True,AHOO,5% volume voordeel,2026-08-09,2999-12-31,,True,AH,https://www.ah.nl/producten/product/wi609442,2026-08-09,Friesche Vlag Goudband volle koffiemelk 3-pack,coffee-tea
130367,590653,Perla Huisblends Decaf koffiepads,Perla Huisblends,koffie-thee,"Koffie, thee",Perla koffiepads,5.79,5.79,,1 + 1 gratis,,1.0,36 stuks,,True,AH,1 + 1 gratis,2026-08-10,2026-08-16,B,True,AH,https://www.ah.nl/producten/product/wi130367,2026-08-09,Perla Huisblends Decaf koffiepads,coffee-tea
617984,0,Perla Huisblends Decaf koffiepads 4-pack,Perla Huisblends,koffie-thee,"Koffie, thee",Perla koffiepads,22.47,23.16,3.0,3% volume voordeel,,,4 stuks,,True,AHOO,3% volume voordeel,2026-08-09,2026-08-09,,True,AH,https://www.ah.nl/producten/product/wi617984,2026-08-09,Perla Huisblends Decaf coffee pods 4-pack,coffee-tea
137823,607705,Perla Huisblends Extra dark roast koffiepads,Perla Huisblends,koffie-thee,"Koffie, thee",Perla koffiepads,5.79,5.79,,1 + 1 gratis,,1.0,36 stuks,,True,AH,1 + 1 gratis,2026-08-10,2026-08-16,B,True,AH,https://www.ah.nl/producten/product/wi137823,2026-08-09,Perla Huisblends Extra dark roast koffiepads,coffee-tea
609574,0,Starbucks Caffé latte gst ijskoffie 4-pack,Starbucks,koffie-thee,"Koffie, thee",IJskoffie,7.16,7.96,10.0,10% volume voordeel,,,4 stuks,,True,AHOO,10% volume voordeel,2026-08-09,2026-08-09,,True,AH,https://www.ah.nl/producten/product/wi609574,2026-08-09,Starbucks Caffé latte gst ijskoffie 4-pack,coffee-tea
187620,788658,Van Gilse Witte basterdsuiker,Van Gilse,koffie-thee,"Maaltijden, salades","Suiker, poedersuiker",1.55,1.55,,,,,600 g,prijs per kg €2.58,False,,,,,E,True,AH,https://www.ah.nl/producten/product/wi187620,2026-08-09,Van Gilse Witte basterdsuiker,coffee-tea
485613,740542,Nescafé Farmers origins Brazil capsules,Nescafé,koffie-thee,"Koffie, thee",Nescafe Nespresso cups,4.29,4.29,,,,,10 stuks,,False,,,,,B,True,AH,https://www.ah.nl/producten/product/wi485613,2026-08-09,Nescafé Farmers origins Brazil capsules,coffee-tea
187621,788659,Van Gilse Donkere basterdsuiker,Van Gilse,koffie-thee,"Maaltijden, salades","Suiker, poedersuiker",1.55,1.55,,,,,600 g,prijs per kg €2.58,False,,,,,E,True,AH,https://www.ah.nl/producten/product/wi187621,2026-08-09,Van Gilse Dark caster sugar,coffee-tea
588199,33492,Nescafé Latte caramel,Nescafé,koffie-thee,"Koffie, thee",IJskoffie,1.99,1.99,,,,,250 ml,prijs per liter €7.96,False,,,,,C,True,AH,https://www.ah.nl/producten/product/wi588199,2026-08-09,Nescafe Latte caramel,coffee-tea
415680,686828,AH IJskoffie cappuccino,AH,koffie-thee,"Koffie, thee",IJskoffie,0.79,0.79,,,,,250 ml,prijs per liter €3.16,False,,,,,D,True,AH,https://www.ah.nl/producten/product/wi415680,2026-08-09,AH IJskoffie cappuccino,coffee-tea
195959,636634,Pickwick Original rooibos thee voordeelpak,Pickwick,koffie-thee,"Koffie, thee",Rooibosthee,3.49,3.49,,,,,40 stuks,,False,,,,,B,True,AH,https://www.ah.nl/producten/product/wi195959,2026-08-09,Pickwick Original rooibos thee voordeelpak,coffee-tea
134315,599626,Senseo Classic koffiepads,Senseo,koffie-thee,"Koffie, thee",Senseo koffiepads,6.39,6.39,,,,,36 stuks,,False,,,,,B,True,AH,https://www.ah.nl/producten/product/wi134315,2026-08-09,Senseo Classic koffiepads,coffee-tea
216331,811622,AH Zoetjes,AH,koffie-thee,"Koffie, thee",Zoetstof,1.05,1.05,,,,,1200 stuks,,False,,,,,E,True,AH,https://www.ah.nl/producten/product/wi216331,2026-08-09,AH Sweets,coffee-tea
580108,0,Senseo Classic koffiepads 4-pack,Senseo,koffie-thee,"Koffie, thee",Senseo koffiepads,24.28,25.56,5.0,5% volume voordeel,,,4 stuks,,True,AHOO,5% volume voordeel,2026-08-09,2999-12-31,,True,AH,https://www.ah.nl/producten/product/wi580108,2026-08-09,Senseo Classic koffiepads 4-pack,coffee-tea
106661,559208,AH Kruiden kamille,AH,koffie-thee,"Koffie, thee",AH kruidenthee,1.05,1.05,,,,,20 stuks,,False,,,,,B,True,AH,https://www.ah.nl/producten/product/wi106661,2026-08-09,AH Kruiden kamille,coffee-tea
168915,752013,Douwe Egberts Ice cappuccino ijskoffie,Douwe Egberts,koffie-thee,"Koffie, thee",IJskoffie,1.59,1.59,,,,,230 ml,prijs per liter €6.91,False,,,,,C,True,AH,https://www.ah.nl/producten/product/wi168915,2026-08-09,Douwe Egberts Ice cappuccino iced coffee,coffee-tea
65775,538316,Pickwick Sterrenmunt kruidenthee,Pickwick,koffie-thee,"Koffie, thee",Pickwick kruidenthee,1.64,2.19,25.0,25% korting,,,20 stuks,,True,AH,25% korting,2026-08-03,2026-08-09,B,True,AH,https://www.ah.nl/producten/product/wi65775,2026-08-09,Pickwick Sterrenmunt kruidenthee,coffee-tea
615498,0,Pickwick Sterrenmunt kruidenthee 4-pack,Pickwick,koffie-thee,"Koffie, thee",Pickwick kruidenthee,6.57,8.76,25.0,pakketkorting,,,4 stuks,,True,AHOO,,2026-08-09,2026-08-09,,True,AH,https://www.ah.nl/producten/product/wi615498,2026-08-09,Pickwick Sterrenmunt kruidenthee 4-pack,coffee-tea
609443,0,Friesche Vlag Goudband volle koffiemelk 5-pack,Friesche Vlag,koffie-thee,"Zuivel, eieren",Koffiemelk,10.3,11.45,10.0,10% volume voordeel,,,5 stuks,,True,AHOO,10% volume voordeel,2026-08-09,2999-12-31,,True,AH,https://www.ah.nl/producten/product/wi609443,2026-08-09,Friesche Vlag Goudband volle koffiemelk 5-pack,coffee-tea
485615,740544,Nescafé Cappuccino oploskoffie,Nescafé,koffie-thee,"Koffie, thee",Oploskoffie (melkbasis),3.69,3.69,,,,,10 stuks,,False,,,,,C,True,AH,https://www.ah.nl/producten/product/wi485615,2026-08-09,Nescafé Cappuccino instant coffee,coffee-tea
609583,0,Starbucks Caramel macchiato ijskoffie 6-pack,Starbucks,koffie-thee,"Koffie, thee",IJskoffie,10.75,11.94,10.0,10% volume voordeel,,,6 stuks,,True,AHOO,10% volume voordeel,2026-08-09,2026-08-09,,True,AH,https://www.ah.nl/producten/product/wi609583,2026-08-09,Starbucks Caramel macchiato ijskoffie 6-pack,coffee-tea
195960,636635,Pickwick Lemon groene thee voordeelpak,Pickwick,koffie-thee,"Koffie, thee",Pickwick groene thee,3.49,3.49,,,,,40 stuks,,False,,,,,B,True,AH,https://www.ah.nl/producten/product/wi195960,2026-08-09,Pickwick Lemon green tea value pack,coffee-tea
594680,0,Starbucks Caramel macchiato 2-pack,Starbucks,koffie-thee,"Koffie, thee",IJskoffie,3.78,3.98,5.0,5% volume voordeel,,,2 stuks,,True,AHOO,5% volume voordeel,2026-08-09,2026-08-09,,True,AH,https://www.ah.nl/producten/product/wi594680,2026-08-09,Starbucks Caramel macchiato 2-pack,coffee-tea
607978,0,Nescafé Latte caramel 12-pack,Nescafé,koffie-thee,"Koffie, thee",IJskoffie,21.49,23.88,10.0,10% volume voordeel,,,12 stuks,,True,AHOO,10% volume voordeel,2026-08-09,2999-12-31,,True,AH,https://www.ah.nl/producten/product/wi607978,2026-08-09,Nescafé Latte caramel 12-pack,coffee-tea
607979,0,Nescafé Latte caramel 4-pack,Nescafé,koffie-thee,"Koffie, thee",IJskoffie,7.72,7.96,3.0,3% volume voordeel,,,4 stuks,,True,AHOO,3% volume voordeel,2026-08-09,2999-12-31,,True,AH,https://www.ah.nl/producten/product/wi607979,2026-08-09,Nescafé Latte caramel 4-pack,coffee-tea
607982,0,Nescafé Latte caramel 6-pack,Nescafé,koffie-thee,"Koffie, thee",IJskoffie,11.22,11.94,6.0,6% volume voordeel,,,6 stuks,,True,AHOO,6% volume voordeel,2026-08-09,2999-12-31,,True,AH,https://www.ah.nl/producten/product/wi607982,2026-08-09,Nescafé Latte caramel 6-pack,coffee-tea
609582,0,Starbucks Caramel macchiato ijskoffie 4-pack,Starbucks,koffie-thee,"Koffie, thee",IJskoffie,7.56,7.96,5.0,5% volume voordeel,,,4 stuks,,True,AHOO,5% volume voordeel,2026-08-09,2026-08-09,,True,AH,https://www.ah.nl/producten/product/wi609582,2026-08-09,Starbucks Caramel macchiato ijskoffie 4-pack,coffee-tea
607805,0,Starbucks Nespresso espresso roast capsules 4-pack,Starbucks,koffie-thee,"Koffie, thee",Starbucks Nespresso cups,19.16,19.96,4.0,4% volume voordeel,,,4 stuks,,True,AHOO,4% volume voordeel,2026-08-09,2999-12-31,,True,AH,https://www.ah.nl/producten/product/wi607805,2026-08-09,Starbucks Nespresso espresso roast capsules 4-pack,coffee-tea
130368,590654,Perla Huisblends Mokka koffiepads,Perla Huisblends,koffie-thee,"Koffie, thee",Perla koffiepads,5.79,5.79,,1 + 1 gratis,,1.0,36 stuks,,True,AH,1 + 1 gratis,2026-08-10,2026-08-16,B,True,AH,https://www.ah.nl/producten/product/wi130368,2026-08-09,Perla Huisblends Mokka koffiepads,coffee-tea
618141,0,Perla Huisblends Mokka koffiepads 4-pack,Perla Huisblends,koffie-thee,"Koffie, thee",Perla koffiepads,22.47,23.16,3.0,3% volume voordeel,,,4 stuks,,True,AHOO,3% volume voordeel,2026-08-09,2026-08-09,,True,AH,https://www.ah.nl/producten/product/wi618141,2026-08-09,Perla Huisblends Mocha coffee pods 4-pack,coffee-tea
3675,27911,Friesche Vlag Goudband,Friesche Vlag,koffie-thee,"Zuivel, eieren",Koffiemelk,0.95,0.95,,,,,10 x 7 ml,prijs per liter €13.57,False,,,,,E,True,AH,https://www.ah.nl/producten/product/wi3675,2026-08-09,Frisian Flag Gold Band,coffee-tea
458829,629186,AH Biologisch Rooibos puur,AH Biologisch,koffie-thee,"Koffie, thee",AH Biologisch kruidenthee,1.5,1.89,20.6,2 voor 3.00,3.0,2.0,20 stuks,,True,AH,2 VOOR 3.00,2026-08-03,2026-08-09,B,True,AH,https://www.ah.nl/producten/product/wi458829,2026-08-09,AH Biologisch Rooibos puur,coffee-tea
607806,0,Starbucks Nespresso espresso roast capsules 6-pack,Starbucks,koffie-thee,"Koffie, thee",Starbucks Nespresso cups,26.95,29.94,10.0,10% volume voordeel,,,6 stuks,,True,AHOO,10% volume voordeel,2026-08-09,2999-12-31,,True,AH,https://www.ah.nl/producten/product/wi607806,2026-08-09,Starbucks Nespresso espresso roast capsules 6-pack,coffee-tea
387548,845079,Nescafé Dolce Gusto Cappuccino capsules,Nescafé Dolce Gusto,koffie-thee,"Koffie, thee",Nescafe Dolce Gusto cups,9.99,9.99,,,,,30 stuks,,False,,,,,E,True,AH,https://www.ah.nl/producten/product/wi387548,2026-08-09,Nescafé Dolce Gusto Cappuccino capsules,coffee-tea
607804,0,Starbucks Nespresso espresso roast capsules 14-pck,Starbucks,koffie-thee,"Koffie, thee",Starbucks Nespresso cups,61.48,69.86,12.0,12% volume voordeel,,,14 stuks,,True,AHOO,12% volume voordeel,2026-08-09,2999-12-31,,True,AH,https://www.ah.nl/producten/product/wi607804,2026-08-09,Starbucks Nespresso espresso roast capsules 14-pack,coffee-tea
47098,630288,AH Suikerstaafjes,AH,koffie-thee,"Maaltijden, salades","Suiker, poedersuiker",1.39,1.39,,,,,50 stuks,,False,,,,,E,True,AH,https://www.ah.nl/producten/product/wi47098,2026-08-09,AH Sugar Sticks,coffee-tea
420293,691985,Pickwick Fruit infusion variatiebox kruidenthee,Pickwick,koffie-thee,"Koffie, thee",Variatiebox thee,1.64,2.19,25.0,25% korting,,,20 stuks,,True,AH,25% korting,2026-08-03,2026-08-09,B,True,AH,https://www.ah.nl/producten/product/wi420293,2026-08-09,Pickwick Fruit infusion variation box herbal tea,coffee-tea
615491,0,Pickwick Fruit infusion varia box kruidenthee 4pk,Pickwick,koffie-thee,"Koffie, thee",Variatiebox thee,6.57,8.76,25.0,pakketkorting,,,4 stuks,,True,AHOO,,2026-08-09,2026-08-09,,True,AH,https://www.ah.nl/producten/product/wi615491,2026-08-09,Pickwick Fruit infusion varia box herbal tea 4pk,coffee-tea
566134,3578,AH IJskoffie macchiato karamelsmaak,AH,koffie-thee,"Koffie, thee",IJskoffie,1.99,1.99,,,,,1 l,prijs per liter €1.99,False,,,,,C,True,AH,https://www.ah.nl/producten/product/wi566134,2026-08-09,AH Iced coffee macchiato caramel flavor,coffee-tea
238676,831379,Douwe Egberts Aroma rood dubbelpak filterkoffie,Douwe Egberts,koffie-thee,"Koffie, thee",Douwe Egberts filterkoffie,19.15,19.15,,,,,2 x 500 g,prijs per kg €19.15,False,,,,,B,True,AH,https://www.ah.nl/producten/product/wi238676,2026-08-09,Douwe Egberts Aroma red double pack of filter coffee,coffee-tea
382489,842142,Friesche Vlag Latte opschuimmelk,Friesche Vlag,koffie-thee,"Zuivel, eieren",Koffiemelk,1.59,1.59,,,,,"0,5 l",prijs per liter €3.18,False,,,,,C,True,AH,https://www.ah.nl/producten/product/wi382489,2026-08-09,Friesche Vlag Latte foam milk,coffee-tea
161516,628261,Nescafé Dolce Gusto Cappuccino capsules,Nescafé Dolce Gusto,koffie-thee,"Koffie, thee",Nescafe Dolce Gusto cups,6.49,6.49,,,,,16 stuks,,False,,,,,B,True,AH,https://www.ah.nl/producten/product/wi161516,2026-08-09,Nescafé Dolce Gusto Cappuccino capsules,coffee-tea
99076,554448,Van Gilse Fijne kristalsuiker,Van Gilse,koffie-thee,"Maaltijden, salades","Suiker, poedersuiker",1.89,1.89,,,,,750 g,prijs per kg €2.52,False,,,,,E,True,AH,https://www.ah.nl/producten/product/wi99076,2026-08-09,Van Gilse Fine granulated sugar,coffee-tea
195854,579317,Pickwick Mango & perzik rooibos thee,Pickwick,koffie-thee,"Koffie, thee",Rooibosthee,1.49,1.99,25.0,25% korting,,,20 stuks,,True,AH,25% korting,2026-08-03,2026-08-09,B,True,AH,https://www.ah.nl/producten/product/wi195854,2026-08-09,Pickwick Mango & perzik rooibos thee,coffee-tea
456058,612577,Starbucks Nespresso decaf espresso roast capsules,Starbucks,koffie-thee,"Koffie, thee",Starbucks Nespresso cups,4.99,4.99,,,,,10 stuks,,False,,,,,B,True,AH,https://www.ah.nl/producten/product/wi456058,2026-08-09,Starbucks Nespresso decaf espresso roast capsules,coffee-tea
127402,68005,Blooker Cacaopoeder,Blooker,koffie-thee,"Koffie, thee",Cacaopoeder,3.89,3.89,,,,,250 g,prijs per kg €15.56,False,,,,,C,True,AH,https://www.ah.nl/producten/product/wi127402,2026-08-09,Blooker Cacaopoeder,coffee-tea
471197,723521,Perla Superiore Finest intenso lungo capsules,Perla Superiore,koffie-thee,"Koffie, thee",Perla Superiore Nespresso cups,3.49,3.49,,,,,10 stuks,,False,,,,,B,True,AH,https://www.ah.nl/producten/product/wi471197,2026-08-09,Perla Superiore Finest intenso lungo capsules,coffee-tea
618669,0,Perla Superiore Finest intenso lungo capsules 2-pack,Perla Superiore,koffie-thee,"Koffie, thee",Perla Superiore Nespresso cups,6.63,6.98,5.0,5% volume voordeel,,,2 stuks,,True,AHOO,5% volume voordeel,2026-08-09,2999-12-31,,True,AH,https://www.ah.nl/producten/product/wi618669,2026-08-09,Perla Superiore Finest intenso lungo capsules 2-pack,coffee-tea
3746,42082,Kanis & Gunnink Regular filterkoffie,Kanis & Gunnink,koffie-thee,"Koffie, thee",Overige merken filterkoffie,8.29,8.29,,,,,500 g,prijs per kg €16.58,False,,,,,B,True,AH,https://www.ah.nl/producten/product/wi3746,2026-08-09,Kanis & Gunnink Regular filter coffee,coffee-tea
615478,0,Kanis & Gunnink Regular filterkoffie 4-pack,Kanis & Gunnink,koffie-thee,"Koffie, thee",Overige merken filterkoffie,31.5,33.16,5.0,5% volume voordeel,,,4 stuks,,True,AHOO,5% volume voordeel,2026-08-09,2999-12-31,,True,AH,https://www.ah.nl/producten/product/wi615478,2026-08-09,Kanis & Gunnink Regular filterkoffie 4-pack,coffee-tea
618670,0,Perla Superiore Finest intenso lungo capsules 3-pack,Perla Superiore,koffie-thee,"Koffie, thee",Perla Superiore Nespresso cups,9.42,10.47,10.0,10% volume voordeel,,,3 stuks,,True,AHOO,10% volume voordeel,2026-08-09,2999-12-31,,True,AH,https://www.ah.nl/producten/product/wi618670,2026-08-09,Perla Superiore Finest intenso lungo capsules 3-pack,coffee-tea
618672,0,Perla Superiore Finest intenso lungo capsules 5-pack,Perla Superiore,koffie-thee,"Koffie, thee",Perla Superiore Nespresso cups,14.83,17.45,15.0,15% volume voordeel,,,5 stuks,,True,AHOO,15% volume voordeel,2026-08-09,2999-12-31,,True,AH,https://www.ah.nl/producten/product/wi618672,2026-08-09,Perla Superiore Finest intenso lungo capsules 5-pack,coffee-tea
608938,65272,Starbucks Frappuccino caramel flavour ijskoffie,Starbucks,koffie-thee,"Koffie, thee",IJskoffie,3.99,3.99,,1 + 1 gratis,,1.0,"0,7 l",normale prijs per liter €5.70,True,AH,1 + 1 gratis,2026-08-10,2026-08-16,D,True,AH,https://www.ah.nl/producten/product/wi608938,2026-08-09,Starbucks Frappuccino caramel flavour ijskoffie,coffee-tea
225679,819712,Pickwick Variatiebox rood vruchtenthee,Pickwick,koffie-thee,"Koffie, thee",Variatiebox thee,1.49,1.99,25.0,25% korting,,,20 stuks,,True,AH,25% korting,2026-08-03,2026-08-09,B,True,AH,https://www.ah.nl/producten/product/wi225679,2026-08-09,Pickwick Variation box red fruit tea,coffee-tea
607942,0,Nescafé Dolce Gusto Cappuccino capsules 3-pack,Nescafé Dolce Gusto,koffie-thee,"Koffie, thee",Nescafe Dolce Gusto cups,18.89,19.47,3.0,3% volume voordeel,,,3 stuks,,True,AHOO,3% volume voordeel,2026-08-09,2999-12-31,,True,AH,https://www.ah.nl/producten/product/wi607942,2026-08-09,Nescafé Dolce Gusto Cappuccino capsules 3-pack,coffee-tea
127407,559164,illy Classico 100% Arabica koffiebonen,illy,koffie-thee,"Koffie, thee",Illy koffiebonen,8.49,8.49,,,,,250 g,prijs per kg €33.96,False,,,,,B,True,AH,https://www.ah.nl/producten/product/wi127407,2026-08-09,illy Classico 100% Arabica koffiebonen,coffee-tea
221441,814415,Wester Ruwe rietsuiker,Wester,koffie-thee,"Maaltijden, salades","Suiker, poedersuiker",2.09,2.09,,,,,750 g,prijs per kg €2.79,False,,,,,E,True,AH,https://www.ah.nl/producten/product/wi221441,2026-08-09,Wester Ruwe rietsuiker,coffee-tea
456080,614356,Starbucks Nespresso pike place lungo capsules,Starbucks,koffie-thee,"Koffie, thee",Starbucks Nespresso cups,4.99,4.99,,,,,10 stuks,,False,,,,,B,True,AH,https://www.ah.nl/producten/product/wi456080,2026-08-09,Starbucks Nespresso pike place lungo capsules,coffee-tea
187622,788661,Van Gilse Lichte basterdsuiker,Van Gilse,koffie-thee,"Maaltijden, salades","Suiker, poedersuiker",1.55,1.55,,,,,600 g,prijs per kg €2.58,False,,,,,E,True,AH,https://www.ah.nl/producten/product/wi187622,2026-08-09,Van Gilse Lichte basterdsuiker,coffee-tea
615600,0,Starbucks Frappuccino caramel flav ijskoffie 4pack,Starbucks,koffie-thee,"Koffie, thee",IJskoffie,14.36,15.96,10.0,10% volume voordeel,,,4 stuks,,True,AHOO,10% volume voordeel,2026-08-09,2026-08-09,,True,AH,https://www.ah.nl/producten/product/wi615600,2026-08-09,Starbucks Frappuccino caramel flav iced coffee 4pack,coffee-tea
36392,36039,Van Gilse Geleisuiker speciaal,Van Gilse,koffie-thee,"Maaltijden, salades","Suiker, poedersuiker",2.39,2.39,,,,,500 g,prijs per kg €4.78,False,,,,,E,True,AH,https://www.ah.nl/producten/product/wi36392,2026-08-09,Van Gilse Geleisuiker speciaal,coffee-tea
615599,0,Starbucks Frappuccino caramel flav ijskoffie 2pack,Starbucks,koffie-thee,"Koffie, thee",IJskoffie,7.58,7.98,5.0,5% volume voordeel,,,2 stuks,,True,AHOO,5% volume voordeel,2026-08-09,2026-08-09,,True,AH,https://www.ah.nl/producten/product/wi615599,2026-08-09,Starbucks Frappuccino caramel flav ijskoffie 2pack,coffee-tea
457771,73295,Douwe Egberts Lungo intens capsules,Douwe Egberts,koffie-thee,"Koffie, thee",Douwe Egberts Nespresso cups,11.79,11.79,,,,,40 stuks,,False,,,,,B,True,AH,https://www.ah.nl/producten/product/wi457771,2026-08-09,Douwe Egberts Lungo intens capsules,coffee-tea
607540,0,Nescafé Dolce Gusto Cappuccino capsules 8-pack,Nescafé Dolce Gusto,koffie-thee,"Koffie, thee",Nescafe Dolce Gusto cups,46.73,51.92,10.0,10% volume voordeel,,,8 stuks,,True,AHOO,10% volume voordeel,2026-08-09,2999-12-31,,True,AH,https://www.ah.nl/producten/product/wi607540,2026-08-09,Nescafé Dolce Gusto Cappuccino capsules 8-pack,coffee-tea
438711,68354,Caffè Gondoliere Espresso extra dark coffee beans,Caffè Gondoliere,koffie-thee,"Koffie, thee",Caffe Gondoliere koffiebonen,9.99,9.99,,,,,1 kg,prijs per kg €9.99,False,,,,,B,True,AH,https://www.ah.nl/producten/product/wi438711,2026-08-09,Caffè Gondoliere Espresso extra dark coffee beans,coffee-tea
197514,798560,Pickwick Mango vruchtenthee,Pickwick,koffie-thee,"Koffie, thee",Vruchtenthee,1.49,1.99,25.0,25% korting,,,20 stuks,,True,AH,25% korting,2026-08-03,2026-08-09,B,True,AH,https://www.ah.nl/producten/product/wi197514,2026-08-09,Pickwick Mango vruchtenthee,coffee-tea
607943,0,Nescafé Dolce Gusto Cappuccino capsules 5-pack,Nescafé Dolce Gusto,koffie-thee,"Koffie, thee",Nescafe Dolce Gusto cups,30.5,32.45,6.0,6% volume voordeel,,,5 stuks,,True,AHOO,6% volume voordeel,2026-08-09,2999-12-31,,True,AH,https://www.ah.nl/producten/product/wi607943,2026-08-09,Nescafé Dolce Gusto Cappuccino capsules 5-pack,coffee-tea
168909,751993,Douwe Egberts Ice macchiato ijskoffie,Douwe Egberts,koffie-thee,"Koffie, thee",IJskoffie,1.59,1.59,,,,,230 ml,prijs per liter €6.91,False,,,,,C,True,AH,https://www.ah.nl/producten/product/wi168909,2026-08-09,Douwe Egberts Ice macchiato ijskoffie,coffee-tea
456083,614416,Starbucks Nespresso Colombia capsules,Starbucks,koffie-thee,"Koffie, thee",Starbucks Nespresso cups,4.75,4.75,,,,,10 stuks,,False,,,,,B,True,AH,https://www.ah.nl/producten/product/wi456083,2026-08-09,Starbucks Nespresso Colombia capsules,coffee-tea
607802,0,Starbucks Nespresso decaf espresso roast cap 4-pck,Starbucks,koffie-thee,"Koffie, thee",Starbucks Nespresso cups,19.36,19.96,3.0,3% volume voordeel,,,4 stuks,,True,AHOO,3% volume voordeel,2026-08-09,2999-12-31,,True,AH,https://www.ah.nl/producten/product/wi607802,2026-08-09,Starbucks Nespresso decaf espresso roast cap 4-pack,coffee-tea
1706,74764,Nescafé Espresso original oploskoffie,Nescafé,koffie-thee,"Koffie, thee",Oploskoffie (regular),4.45,4.45,,,,,25 stuks,,False,,,,,B,True,AH,https://www.ah.nl/producten/product/wi1706,2026-08-09,Nescafé Espresso original instant coffee,coffee-tea
523269,843183,Pickwick Ginger goodness lemon kruidenthee,Pickwick,koffie-thee,"Koffie, thee",Gemberthee,1.79,2.39,25.0,25% korting,,,15 stuks,,True,AH,25% korting,2026-08-03,2026-08-09,B,True,AH,https://www.ah.nl/producten/product/wi523269,2026-08-09,Pickwick Ginger goodness lemon herbal tea,coffee-tea
607801,0,Starbucks Nespresso decaf espresso roast 14-pck,Starbucks,koffie-thee,"Koffie, thee",Starbucks Nespresso cups,62.87,69.86,10.0,10% volume voordeel,,,14 stuks,,True,AHOO,10% volume voordeel,2026-08-09,2999-12-31,,True,AH,https://www.ah.nl/producten/product/wi607801,2026-08-09,Starbucks Nespresso decaf espresso roast 14-pck,coffee-tea
615495,0,Pickwick Ginger goodness lemon kruidenthee 4-pack,Pickwick,koffie-thee,"Koffie, thee",Gemberthee,7.17,9.56,25.0,pakketkorting,,,4 stuks,,True,AHOO,,2026-08-09,2026-08-09,,True,AH,https://www.ah.nl/producten/product/wi615495,2026-08-09,Pickwick Ginger goodness lemon herbal tea 4-pack,coffee-tea
476551,729708,Nescafé Dolce Gusto Lungo capsules,Nescafé Dolce Gusto,koffie-thee,"Koffie, thee",Nescafe Dolce Gusto cups,9.99,9.99,,,,,30 stuks,,False,,,,,B,True,AH,https://www.ah.nl/producten/product/wi476551,2026-08-09,Nescafé Dolce Gusto Lungo capsules,coffee-tea
481083,735583,Perla Huisblends Lungo classic capsules,Perla Huisblends,koffie-thee,"Koffie, thee",Perla Nespresso cups,2.995,5.29,43.4,2 voor 5.99,5.99,2.0,20 stuks,,True,AH,2 voor 5.99,2026-08-10,2026-08-16,B,True,AH,https://www.ah.nl/producten/product/wi481083,2026-08-09,Perla Huisblends Lungo classic capsules,coffee-tea
607803,0,Starbucks Nespresso decaf espresso roast cap 6-pck,Starbucks,koffie-thee,"Koffie, thee",Starbucks Nespresso cups,28.14,29.94,6.0,6% volume voordeel,,,6 stuks,,True,AHOO,6% volume voordeel,2026-08-09,2999-12-31,,True,AH,https://www.ah.nl/producten/product/wi607803,2026-08-09,Starbucks Nespresso decaf espresso roast cap 6-pck,coffee-tea
551440,749158,Starbucks Nespresso smooth caramel capsules,Starbucks,koffie-thee,"Koffie, thee",Starbucks Nespresso cups,4.99,4.99,,,,,10 stuks,,False,,,,,,True,AH,https://www.ah.nl/producten/product/wi551440,2026-08-09,Starbucks Nespresso smooth caramel capsules,coffee-tea
1494,64120,Perla Huisblends Aroma snelfiltermaling,Perla Huisblends,koffie-thee,"Koffie, thee",Perla filterkoffie,4.49,4.49,,1 + 1 GRATIS,,1.0,250 g,normale prijs per kg €17.96,True,AH,1 + 1 GRATIS,2026-08-03,2026-08-09,B,True,AH,https://www.ah.nl/producten/product/wi1494,2026-08-09,Perla Huisblends Aroma snelfiltermaling,coffee-tea
1107,534908,AH Halfvolle koffiemelk,AH,koffie-thee,"Zuivel, eieren",Koffiemelk,1.79,1.79,,,,,460 ml,prijs per liter €3.89,False,,,,,E,True,AH,https://www.ah.nl/producten/product/wi1107,2026-08-09,AH Semi-skimmed coffee milk,coffee-tea
598607,46654,Perla Superiore Finest lungo noir capsules,Perla Superiore,koffie-thee,"Koffie, thee",Perla Superiore Nespresso cups,3.99,3.99,,,,,10 stuks,,False,,,,,B,True,AH,https://www.ah.nl/producten/product/wi598607,2026-08-09,Perla Superiore Finest lungo noir capsules,coffee-tea
607817,0,Starbucks Nespresso pike place lungo caps 4-pack,Starbucks,koffie-thee,"Koffie, thee",Starbucks Nespresso cups,19.16,19.96,4.0,4% volume voordeel,,,4 stuks,,True,AHOO,4% volume voordeel,2026-08-09,2999-12-31,,True,AH,https://www.ah.nl/producten/product/wi607817,2026-08-09,Starbucks Nespresso pike place lungo caps 4-pack,coffee-tea
622033,0,Perla Superiore Finest lungo noir capsules 2-pack,Perla Superiore,koffie-thee,"Koffie, thee",Perla Superiore Nespresso cups,7.58,7.98,5.0,5% volume voordeel,,,2 stuks,,True,AHOO,5% volume voordeel,2026-08-09,2999-12-31,,True,AH,https://www.ah.nl/producten/product/wi622033,2026-08-09,Perla Superiore Finest lungo noir capsules 2-pack,coffee-tea
622034,0,Perla Superiore Finest lungo noir capsules 3-pack,Perla Superiore,koffie-thee,"Koffie, thee",Perla Superiore Nespresso cups,10.77,11.97,10.0,10% volume voordeel,,,3 stuks,,True,AHOO,10% volume voordeel,2026-08-09,2999-12-31,,True,AH,https://www.ah.nl/producten/product/wi622034,2026-08-09,Perla Superiore Finest lungo noir capsules 3-pack,coffee-tea
622035,0,Perla Superiore Finest lungo noir capsules 5-pack,Perla Superiore,koffie-thee,"Koffie, thee",Perla Superiore Nespresso cups,16.96,19.95,15.0,15% volume voordeel,,,5 stuks,,True,AHOO,15% volume voordeel,2026-08-09,2999-12-31,,True,AH,https://www.ah.nl/producten/product/wi622035,2026-08-09,Perla Superiore Finest lungo noir capsules 5-pack,coffee-tea
46529,98830,Pickwick Spices winter glow zwarte thee,Pickwick,koffie-thee,"Koffie, thee",Pickwick zwarte thee,1.64,2.19,25.0,25% korting,,,20 stuks,,True,AH,25% korting,2026-08-03,2026-08-09,B,True,AH,https://www.ah.nl/producten/product/wi46529,2026-08-09,Pickwick Spices winter glow black tea,coffee-tea
607816,0,Starbucks Nespresso pike place lungo caps 14-pack,Starbucks,koffie-thee,"Koffie, thee",Starbucks Nespresso cups,61.48,69.86,12.0,12% volume voordeel,,,14 stuks,,True,AHOO,12% volume voordeel,2026-08-09,2999-12-31,,True,AH,https://www.ah.nl/producten/product/wi607816,2026-08-09,Starbucks Nespresso pike place lungo caps 14-pack,coffee-tea
415679,686825,AH IJskoffie espresso,AH,koffie-thee,"Koffie, thee",IJskoffie,0.79,0.79,,,,,250 ml,prijs per liter €3.16,False,,,,,C,True,AH,https://www.ah.nl/producten/product/wi415679,2026-08-09,AH IJskoffie espresso,coffee-tea
595605,0,Perla Huisblends Lungo classic capsules 4-pack,Perla Huisblends,koffie-thee,"Koffie, thee",Perla Nespresso cups,20.1,21.16,5.0,5% volume voordeel,,,4 stuks,,True,AHOO,5% volume voordeel,2026-08-09,2026-08-09,,True,AH,https://www.ah.nl/producten/product/wi595605,2026-08-09,Perla Huisblends Lungo classic capsules 4-pack,coffee-tea
607818,0,Starbucks Nespresso pike place lungo caps 6-pack,Starbucks,koffie-thee,"Koffie, thee",Starbucks Nespresso cups,26.95,29.94,10.0,10% volume voordeel,,,6 stuks,,True,AHOO,10% volume voordeel,2026-08-09,2999-12-31,,True,AH,https://www.ah.nl/producten/product/wi607818,2026-08-09,Starbucks Nespresso pike place lungo caps 6-pack,coffee-tea
481154,735844,Perla Huisblends Lungo dark capsules,Perla Huisblends,koffie-thee,"Koffie, thee",Perla Nespresso cups,2.995,5.29,43.4,2 voor 5.99,5.99,2.0,20 stuks,,True,AH,2 voor 5.99,2026-08-10,2026-08-16,B,True,AH,https://www.ah.nl/producten/product/wi481154,2026-08-09,Perla Huisblends Lungo dark capsules,coffee-tea
618799,0,Perla Huisblends Lungo classic capsules 3-pack,Perla Huisblends,koffie-thee,"Koffie, thee",Perla Nespresso cups,15.39,15.87,3.0,3% volume voordeel,,,3 stuks,,True,AHOO,3% volume voordeel,2026-08-09,2026-08-09,,True,AH,https://www.ah.nl/producten/product/wi618799,2026-08-09,Perla Huisblends Lungo classic capsules 3-pack,coffee-tea
191244,793834,Pickwick Pure groene thee,Pickwick,koffie-thee,"Koffie, thee",Pickwick groene thee,1.64,2.19,25.0,25% korting,,,20 stuks,,True,AH,25% korting,2026-08-03,2026-08-09,B,True,AH,https://www.ah.nl/producten/product/wi191244,2026-08-09,Pickwick Pure groene thee,coffee-tea
3713,27180,Pickwick Ceylon zwarte thee,Pickwick,koffie-thee,"Koffie, thee",Pickwick zwarte thee,1.19,1.59,25.0,25% korting,,,20 stuks,,True,AH,25% korting,2026-08-03,2026-08-09,B,True,AH,https://www.ah.nl/producten/product/wi3713,2026-08-09,Pickwick Ceylon zwarte thee,coffee-tea
471196,723520,Perla Superiore Finest originale lungo capsules,Perla Superiore,koffie-thee,"Koffie, thee",Perla Superiore Nespresso cups,3.49,3.49,,,,,10 stuks,,False,,,,,B,True,AH,https://www.ah.nl/producten/product/wi471196,2026-08-09,Perla Superiore Finest originale lungo capsules,coffee-tea
607796,0,Starbucks Nespresso Colombia capsules 4-pack,Starbucks,koffie-thee,"Koffie, thee",Starbucks Nespresso cups,18.24,19.0,4.0,4% volume voordeel,,,4 stuks,,True,AHOO,4% volume voordeel,2026-08-09,2999-12-31,,True,AH,https://www.ah.nl/producten/product/wi607796,2026-08-09,Starbucks Nespresso Colombia capsules 4-pack,coffee-tea
607823,0,Starbucks Nespresso smooth caramel capsules 4-pack,Starbucks,koffie-thee,"Koffie, thee",Starbucks Nespresso cups,19.16,19.96,4.0,4% volume voordeel,,,4 stuks,,True,AHOO,4% volume voordeel,2026-08-09,2999-12-31,,True,AH,https://www.ah.nl/producten/product/wi607823,2026-08-09,Starbucks Nespresso smooth caramel capsules 4-pack,coffee-tea
618673,0,Perla Superiore Finest originale lungo capsules 2-pack,Perla Superiore,koffie-thee,"Koffie, thee",Perla Superiore Nespresso cups,6.63,6.98,5.0,5% volume voordeel,,,2 stuks,,True,AHOO,5% volume voordeel,2026-08-09,2999-12-31,,True,AH,https://www.ah.nl/producten/product/wi618673,2026-08-09,Perla Superiore Finest originale lungo capsules 2-pack,coffee-tea
588200,33493,Nescafé Latte,Nescafé,koffie-thee,"Koffie, thee",IJskoffie,1.99,1.99,,,,,250 ml,prijs per liter €7.96,False,,,,,C,True,AH,https://www.ah.nl/producten/product/wi588200,2026-08-09,Nescafé Latte,coffee-tea
618674,0,Perla Superiore Finest originale lungo capsules 3-pack,Perla Superiore,koffie-thee,"Koffie, thee",Perla Superiore Nespresso cups,9.42,10.47,10.0,10% volume voordeel,,,3 stuks,,True,AHOO,10% volume voordeel,2026-08-09,2999-12-31,,True,AH,https://www.ah.nl/producten/product/wi618674,2026-08-09,Perla Superiore Finest originale lungo capsules 3-pack,coffee-tea
618676,0,Perla Superiore Finest originale lungo capsules 5-pack,Perla Superiore,koffie-thee,"Koffie, thee",Perla Superiore Nespresso cups,14.83,17.45,15.0,15% volume voordeel,,,5 stuks,,True,AHOO,15% volume voordeel,2026-08-09,2999-12-31,,True,AH,https://www.ah.nl/producten/product/wi618676,2026-08-09,Perla Superiore Finest originale lungo capsules 5-pack,coffee-tea
128423,585129,AH Biologisch Halfvolle koffiemelk,AH Biologisch,koffie-thee,"Zuivel, eieren",Koffiemelk,1.29,1.29,,,,,186 ml,prijs per liter €6.94,False,,,,,E,True,AH,https://www.ah.nl/producten/product/wi128423,2026-08-09,AH Biologisch Halfvolle koffiemelk,coffee-tea
608413,0,Friesche Vlag Goudband 3-pack,Friesche Vlag,koffie-thee,"Zuivel, eieren",Koffiemelk,2.71,2.85,5.0,5% volume voordeel,,,3 stuks,,True,AHOO,5% volume voordeel,2026-08-09,2999-12-31,,True,AH,https://www.ah.nl/producten/product/wi608413,2026-08-09,Friesche Vlag Goudband 3-pack,coffee-tea
595606,0,Perla Huisblends Lungo dark capsules 4-pack,Perla Huisblends,koffie-thee,"Koffie, thee",Perla Nespresso cups,20.1,21.16,5.0,5% volume voordeel,,,4 stuks,,True,AHOO,5% volume voordeel,2026-08-09,2026-08-09,,True,AH,https://www.ah.nl/producten/product/wi595606,2026-08-09,Perla Huisblends Lungo dark capsules 4-pack,coffee-tea
414808,856954,Douwe Egberts Lungo original capsules,Douwe Egberts,koffie-thee,"Koffie, thee",Douwe Egberts Nespresso cups,6.19,6.19,,,,,20 stuks,,False,,,,,B,True,AH,https://www.ah.nl/producten/product/wi414808,2026-08-09,Douwe Egberts Lungo original capsules,coffee-tea
607795,0,Starbucks Nespresso Colombia capsules 14-pack,Starbucks,koffie-thee,"Koffie, thee",Starbucks Nespresso cups,58.52,66.5,12.0,12% volume voordeel,,,14 stuks,,True,AHOO,12% volume voordeel,2026-08-09,2999-12-31,,True,AH,https://www.ah.nl/producten/product/wi607795,2026-08-09,Starbucks Nespresso Colombia capsules 14-pack,coffee-tea
607822,0,Starbucks Nespresso smooth caramel capsules 14-pck,Starbucks,koffie-thee,"Koffie, thee",Starbucks Nespresso cups,61.48,69.86,12.0,12% volume voordeel,,,14 stuks,,True,AHOO,12% volume voordeel,2026-08-09,2999-12-31,,True,AH,https://www.ah.nl/producten/product/wi607822,2026-08-09,Starbucks Nespresso smooth caramel capsules 14-pck,coffee-tea
607797,0,Starbucks Nespresso Colombia capsules 6-pack,Starbucks,koffie-thee,"Koffie, thee",Starbucks Nespresso cups,25.65,28.5,10.0,10% volume voordeel,,,6 stuks,,True,AHOO,10% volume voordeel,2026-08-09,2999-12-31,,True,AH,https://www.ah.nl/producten/product/wi607797,2026-08-09,Starbucks Nespresso Colombia capsules 6-pack,coffee-tea
608414,0,Friesche Vlag Goudband 5-pack,Friesche Vlag,koffie-thee,"Zuivel, eieren",Koffiemelk,4.27,4.75,10.0,10% volume voordeel,,,5 stuks,,True,AHOO,10% volume voordeel,2026-08-09,2999-12-31,,True,AH,https://www.ah.nl/producten/product/wi608414,2026-08-09,Frisian Flag Gold Band 5-pack,coffee-tea
381377,841297,AH Zwarte thee Engelse melange 1 kop,AH,koffie-thee,"Koffie, thee",AH zwarte thee,1.29,1.29,,,,,50 stuks,,False,,,,,B,True,AH,https://www.ah.nl/producten/product/wi381377,2026-08-09,AH Black tea English blend 1 cup,coffee-tea
130355,590023,AH Kruiden sterrenmunt,AH,koffie-thee,"Koffie, thee",AH kruidenthee,1.05,1.05,,,,,20 stuks,,False,,,,,B,True,AH,https://www.ah.nl/producten/product/wi130355,2026-08-09,AH Kruiden sterrenmunt,coffee-tea
609446,0,Friesche Vlag Latte opschuimmelk 3-pack,Friesche Vlag,koffie-thee,"Zuivel, eieren",Koffiemelk,4.53,4.77,5.0,5% volume voordeel,,,3 stuks,,True,AHOO,5% volume voordeel,2026-08-09,2999-12-31,,True,AH,https://www.ah.nl/producten/product/wi609446,2026-08-09,Friesche Vlag Latte foam milk 3-pack,coffee-tea
607824,0,Starbucks Nespresso smooth caramel capsules 6-pack,Starbucks,koffie-thee,"Koffie, thee",Starbucks Nespresso cups,26.95,29.94,10.0,10% volume voordeel,,,6 stuks,,True,AHOO,10% volume voordeel,2026-08-09,2999-12-31,,True,AH,https://www.ah.nl/producten/product/wi607824,2026-08-09,Starbucks Nespresso smooth caramel capsules 6-pack,coffee-tea
508343,724254,AH Biologisch Moment avond melange,AH Biologisch,koffie-thee,"Koffie, thee",AH Biologisch kruidenthee,1.5,1.89,20.6,2 voor 3.00,3.0,2.0,20 stuks,,True,AH,2 VOOR 3.00,2026-08-03,2026-08-09,B,True,AH,https://www.ah.nl/producten/product/wi508343,2026-08-09,AH Biologisch Moment avond melange,coffee-tea
618802,0,Perla Huisblends Lungo dark capsules 3-pack,Perla Huisblends,koffie-thee,"Koffie, thee",Perla Nespresso cups,15.39,15.87,3.0,3% volume voordeel,,,3 stuks,,True,AHOO,3% volume voordeel,2026-08-09,2026-08-09,,True,AH,https://www.ah.nl/producten/product/wi618802,2026-08-09,Perla Huisblends Lungo dark capsules 3-pack,coffee-tea
381295,841275,Perla Huisblends Goud snelfiltermaling,Perla Huisblends,koffie-thee,"Koffie, thee",Perla filterkoffie,4.79,4.79,,1 + 1 GRATIS,,1.0,250 g,normale prijs per kg €19.16,True,AH,1 + 1 GRATIS,2026-08-03,2026-08-09,B,True,AH,https://www.ah.nl/producten/product/wi381295,2026-08-09,Perla Huisblends Gold quick filter grind,coffee-tea
456081,614378,Starbucks Nespresso blonde espresso roast capsules,Starbucks,koffie-thee,"Koffie, thee",Starbucks Nespresso cups,4.95,4.95,,,,,10 stuks,,False,,,,,B,True,AH,https://www.ah.nl/producten/product/wi456081,2026-08-09,Starbucks Nespresso blonde espresso roast capsules,coffee-tea
508068,709892,Friesche Vlag Halvamel,Friesche Vlag,koffie-thee,"Zuivel, eieren",Koffiemelk,0.89,0.89,,,,,140 ml,prijs per liter €6.36,False,,,,,E,True,AH,https://www.ah.nl/producten/product/wi508068,2026-08-09,Friesche Vlag Halvamel,coffee-tea
508329,723419,AH Biologisch Kruiden kamille,AH Biologisch,koffie-thee,"Koffie, thee",AH Biologisch kruidenthee,1.5,1.89,20.6,2 voor 3.00,3.0,2.0,20 stuks,,True,AH,2 VOOR 3.00,2026-08-03,2026-08-09,B,True,AH,https://www.ah.nl/producten/product/wi508329,2026-08-09,AH Organic Herbs chamomile,coffee-tea
551467,612788,Senseo Cappuccino koffiepads voordeelpak,Senseo,koffie-thee,"Koffie, thee",Senseo koffiepads,7.29,7.29,,,,,16 stuks,,False,,,,,D,True,AH,https://www.ah.nl/producten/product/wi551467,2026-08-09,Senseo Cappuccino koffiepads voordeelpak,coffee-tea
593399,39535,AH Ijskoffie macchiato karamelsmaak,AH,koffie-thee,"Koffie, thee",IJskoffie,0.75,0.75,,,,,250 ml,prijs per liter €3.00,False,,,,,C,True,AH,https://www.ah.nl/producten/product/wi593399,2026-08-09,AH Ijskoffie macchiato karamelsmaak,coffee-tea
615499,0,Senseo Cappuccino koffiepads voordeelpak 4-pack,Senseo,koffie-thee,"Koffie, thee",Senseo koffiepads,27.7,29.16,5.0,5% volume voordeel,,,4 stuks,,True,AHOO,5% volume voordeel,2026-08-09,2999-12-31,,True,AH,https://www.ah.nl/producten/product/wi615499,2026-08-09,Senseo Cappuccino koffiepads voordeelpak 4-pack,coffee-tea
171155,761770,Perla Huisblends Decaf koffiebonen,Perla Huisblends,koffie-thee,"Koffie, thee",Perla koffiebonen,8.49,8.49,,,,,500 g,prijs per kg €16.98,False,,,,,B,True,AH,https://www.ah.nl/producten/product/wi171155,2026-08-09,Perla House Blends Decaf coffee beans,coffee-tea
183846,626010,Pickwick Cranberry groene thee,Pickwick,koffie-thee,"Koffie, thee",Pickwick groene thee,1.64,2.19,25.0,25% korting,,,20 stuks,,True,AH,25% korting,2026-08-03,2026-08-09,B,True,AH,https://www.ah.nl/producten/product/wi183846,2026-08-09,Pickwick Cranberry green tea,coffee-tea
577385,0,Perla Huisblends Decaf koffiebonen 3-pack,Perla Huisblends,koffie-thee,"Koffie, thee",Perla koffiebonen,24.96,25.47,2.0,2% volume voordeel,,,3 stuks,,True,AHOO,2% volume voordeel,2026-08-09,2999-12-31,,True,AH,https://www.ah.nl/producten/product/wi577385,2026-08-09,Perla Huisblends Decaf koffiebonen 3-pack,coffee-tea
130634,591777,Perla Superiore Finest originale koffiebonen,Perla Superiore,koffie-thee,"Koffie, thee",Perla Superiore koffiebonen,17.99,17.99,,,,,1 kg,prijs per kg €17.99,False,,,,,B,True,AH,https://www.ah.nl/producten/product/wi130634,2026-08-09,Perla Superiore Finest originale koffiebonen,coffee-tea
607976,0,Nescafé Latte 12-pack,Nescafé,koffie-thee,"Koffie, thee",IJskoffie,21.49,23.88,10.0,10% volume voordeel,,,12 stuks,,True,AHOO,10% volume voordeel,2026-08-09,2999-12-31,,True,AH,https://www.ah.nl/producten/product/wi607976,2026-08-09,Nescafé Latte 12-pack,coffee-tea
607977,0,Nescafé Latte 4-pack,Nescafé,koffie-thee,"Koffie, thee",IJskoffie,7.72,7.96,3.0,3% volume voordeel,,,4 stuks,,True,AHOO,3% volume voordeel,2026-08-09,2999-12-31,,True,AH,https://www.ah.nl/producten/product/wi607977,2026-08-09,Nescafé Latte 4-pack,coffee-tea
607981,0,Nescafé Latte 6-pack,Nescafé,koffie-thee,"Koffie, thee",IJskoffie,11.22,11.94,6.0,6% volume voordeel,,,6 stuks,,True,AHOO,6% volume voordeel,2026-08-09,2999-12-31,,True,AH,https://www.ah.nl/producten/product/wi607981,2026-08-09,Nescafé Latte 6-pack,coffee-tea
566133,3577,AH IJskoffie cappuccino,AH,koffie-thee,"Koffie, thee",IJskoffie,1.99,1.99,,,,,1 l,prijs per liter €1.99,False,,,,,C,True,AH,https://www.ah.nl/producten/product/wi566133,2026-08-09,AH IJskoffie cappuccino,coffee-tea
516299,38891,Pickwick Fruit infusion variatiebox kruidenthee,Pickwick,koffie-thee,"Koffie, thee",Variatiebox thee,1.64,2.19,25.0,25% korting,,,20 stuks,,True,AH,25% korting,2026-08-03,2026-08-09,B,True,AH,https://www.ah.nl/producten/product/wi516299,2026-08-09,Pickwick Fruit infusion variation box herbal tea,coffee-tea
618002,0,Perla Superiore Finest originale koffiebonen 6-pack,Perla Superiore,koffie-thee,"Koffie, thee",Perla Superiore koffiebonen,101.46,107.94,6.0,6% volume voordeel,,,6 stuks,,True,AHOO,6% volume voordeel,2026-08-09,2999-12-31,,True,AH,https://www.ah.nl/producten/product/wi618002,2026-08-09,Perla Superiore Finest original coffee beans 6-pack,coffee-tea
609683,0,Friesche Vlag Latte opschuimmelk 5-pack,Friesche Vlag,koffie-thee,"Zuivel, eieren",Koffiemelk,7.15,7.95,10.0,10% volume voordeel,,,5 stuks,,True,AHOO,10% volume voordeel,2026-08-09,2999-12-31,,True,AH,https://www.ah.nl/producten/product/wi609683,2026-08-09,Friesche Vlag Latte opschuimmelk 5-pack,coffee-tea
471204,723528,Perla Superiore Origins Colombia espresso capsules,Perla Superiore,koffie-thee,"Koffie, thee",Perla Superiore Nespresso cups,3.49,3.49,,,,,10 stuks,,False,,,,,B,True,AH,https://www.ah.nl/producten/product/wi471204,2026-08-09,Perla Superiore Origins Colombia espresso capsules,coffee-tea
618001,0,Perla Superiore Finest originale koffiebonen 4-pack,Perla Superiore,koffie-thee,"Koffie, thee",Perla Superiore koffiebonen,69.08,71.96,4.0,4% volume voordeel,,,4 stuks,,True,AHOO,4% volume voordeel,2026-08-09,2999-12-31,,True,AH,https://www.ah.nl/producten/product/wi618001,2026-08-09,Perla Superiore Finest original coffee beans 4-pack,coffee-tea
618718,0,Perla Superiore Origins Colombia espresso capsules 3-pck,Perla Superiore,koffie-thee,"Koffie, thee",Perla Superiore Nespresso cups,9.42,10.47,10.0,10% volume voordeel,,,3 stuks,,True,AHOO,10% volume voordeel,2026-08-09,2999-12-31,,True,AH,https://www.ah.nl/producten/product/wi618718,2026-08-09,Perla Superiore Origins Colombia espresso capsules 3-pack,coffee-tea
401893,850493,Douwe Egberts Ice caramel latte ijskoffie,Douwe Egberts,koffie-thee,"Koffie, thee",IJskoffie,1.59,1.59,,,,,230 ml,prijs per liter €6.91,False,,,,,C,True,AH,https://www.ah.nl/producten/product/wi401893,2026-08-09,Douwe Egberts Ice caramel latte iced coffee,coffee-tea
607787,0,Starbucks Nespresso blonde espresso roast cap 4pck,Starbucks,koffie-thee,"Koffie, thee",Starbucks Nespresso cups,19.21,19.8,3.0,3% volume voordeel,,,4 stuks,,True,AHOO,3% volume voordeel,2026-08-09,2999-12-31,,True,AH,https://www.ah.nl/producten/product/wi607787,2026-08-09,Starbucks Nespresso blonde espresso roast cap 4pcs,coffee-tea
495607,771928,Douwe Egberts Lungo decaf capsules,Douwe Egberts,koffie-thee,"Koffie, thee",Douwe Egberts Nespresso cups,6.19,6.19,,,,,20 stuks,,False,,,,,B,True,AH,https://www.ah.nl/producten/product/wi495607,2026-08-09,Douwe Egberts Lungo decaf capsules,coffee-tea
607959,0,Nescafé Dolce Gusto Lungo capsules 3-pack,Nescafé Dolce Gusto,koffie-thee,"Koffie, thee",Nescafe Dolce Gusto cups,18.89,19.47,3.0,3% volume voordeel,,,3 stuks,,True,AHOO,3% volume voordeel,2026-08-09,2999-12-31,,True,AH,https://www.ah.nl/producten/product/wi607959,2026-08-09,Nescafé Dolce Gusto Lungo capsules 3-pack,coffee-tea
618717,0,Perla Superiore Origins Colombia espresso capsules 2-pck,Perla Superiore,koffie-thee,"Koffie, thee",Perla Superiore Nespresso cups,6.63,6.98,5.0,5% volume voordeel,,,2 stuks,,True,AHOO,5% volume voordeel,2026-08-09,2999-12-31,,True,AH,https://www.ah.nl/producten/product/wi618717,2026-08-09,Perla Superiore Origins Colombia espresso capsules 2-pack,coffee-tea
618719,0,Perla Superiore Origins Colombia espresso capsule 5-pck,Perla Superiore,koffie-thee,"Koffie, thee",Perla Superiore Nespresso cups,14.83,17.45,15.0,15% volume voordeel,,,5 stuks,,True,AHOO,15% volume voordeel,2026-08-09,2999-12-31,,True,AH,https://www.ah.nl/producten/product/wi618719,2026-08-09,Perla Superiore Origins Colombia espresso capsule 5-pck,coffee-tea
485609,740537,Douwe Egberts Aroma rood koffiebonen voordeelpak,Douwe Egberts,koffie-thee,"Koffie, thee",Douwe Egberts koffiebonen,18.99,18.99,,,,,1 kg,prijs per kg €18.99,False,,,,,B,True,AH,https://www.ah.nl/producten/product/wi485609,2026-08-09,Douwe Egberts Aroma red coffee beans value pack,coffee-tea
485617,740546,Nescafé Caramel latte oploskoffie,Nescafé,koffie-thee,"Koffie, thee",Oploskoffie (melkbasis),3.69,3.69,,,,,8 stuks,,False,,,,,D,True,AH,https://www.ah.nl/producten/product/wi485617,2026-08-09,Nescafé Caramel latte oploskoffie,coffee-tea
415681,686831,AH IJskoffie macchiato,AH,koffie-thee,"Koffie, thee",IJskoffie,0.79,0.79,,,,,250 ml,prijs per liter €3.16,False,,,,,E,True,AH,https://www.ah.nl/producten/product/wi415681,2026-08-09,AH IJskoffie macchiato,coffee-tea
607788,0,Starbucks Nespresso blonde espresso roast cap 6pk,Starbucks,koffie-thee,"Koffie, thee",Starbucks Nespresso cups,27.92,29.7,6.0,6% volume voordeel,,,6 stuks,,True,AHOO,6% volume voordeel,2026-08-09,2999-12-31,,True,AH,https://www.ah.nl/producten/product/wi607788,2026-08-09,Starbucks Nespresso blonde espresso roast cap 6pk,coffee-tea
457852,621904,Pickwick Orange mandarin groene thee,Pickwick,koffie-thee,"Koffie, thee",Pickwick groene thee,1.64,2.19,25.0,25% korting,,,20 stuks,,True,AH,25% korting,2026-08-03,2026-08-09,B,True,AH,https://www.ah.nl/producten/product/wi457852,2026-08-09,Pickwick Orange mandarin groene thee,coffee-tea
381388,841308,AH Biologisch Groene thee gember sinaasappel,AH Biologisch,koffie-thee,"Koffie, thee",AH Biologisch groene thee,1.5,1.89,20.6,2 voor 3.00,3.0,2.0,20 stuks,,True,AH,2 VOOR 3.00,2026-08-03,2026-08-09,B,True,AH,https://www.ah.nl/producten/product/wi381388,2026-08-09,AH Biologisch Groene thee gember sinaasappel,coffee-tea
469353,720952,Clipper Earl grey organic tea,Clipper,koffie-thee,"Koffie, thee",Clipper zwarte thee,3.79,3.79,,,,,20 stuks,,False,,,,,B,True,AH,https://www.ah.nl/producten/product/wi469353,2026-08-09,Clipper Earl gray organic tea,coffee-tea
171148,761723,Pickwick Variatiebox oranje vruchtenthee,Pickwick,koffie-thee,"Koffie, thee",Variatiebox thee,1.49,1.99,25.0,25% korting,,,20 stuks,,True,AH,25% korting,2026-08-03,2026-08-09,B,True,AH,https://www.ah.nl/producten/product/wi171148,2026-08-09,Pickwick Variatiebox oranje vruchtenthee,coffee-tea
607960,0,Nescafé Dolce Gusto Lungo capsules 5-pack,Nescafé Dolce Gusto,koffie-thee,"Koffie, thee",Nescafe Dolce Gusto cups,30.5,32.45,6.0,6% volume voordeel,,,5 stuks,,True,AHOO,6% volume voordeel,2026-08-09,2999-12-31,,True,AH,https://www.ah.nl/producten/product/wi607960,2026-08-09,Nescafé Dolce Gusto Lungo capsules 5-pack,coffee-tea
161534,628675,Perla Huisblends Aroma koffiebonen,Perla Huisblends,koffie-thee,"Koffie, thee",Perla koffiebonen,8.49,8.49,,,,,500 g,prijs per kg €16.98,False,,,,,B,True,AH,https://www.ah.nl/producten/product/wi161534,2026-08-09,Perla House Blends Aroma coffee beans,coffee-tea
381411,841333,AH Zwarte thee sinaasappel,AH,koffie-thee,"Koffie, thee",AH zwarte thee,0.99,0.99,,,,,20 stuks,,False,,,,,B,True,AH,https://www.ah.nl/producten/product/wi381411,2026-08-09,AH Black tea orange,coffee-tea
438720,68441,L'OR Espresso lungo estremo capsules,L'OR,koffie-thee,"Koffie, thee",L'OR Nespresso cups,8.19,8.19,,,,,20 stuks,,False,,,,,B,True,AH,https://www.ah.nl/producten/product/wi438720,2026-08-09,L'OR Espresso lungo estremo capsules,coffee-tea
471202,723526,Perla Superiore Origins Sumatra espresso capsules,Perla Superiore,koffie-thee,"Koffie, thee",Perla Superiore Nespresso cups,3.49,3.49,,,,,10 stuks,,False,,,,,B,True,AH,https://www.ah.nl/producten/product/wi471202,2026-08-09,Perla Superiore Origins Sumatra espresso capsules,coffee-tea
598606,46653,Perla Superiore Finest espresso decaffeinato capsules,Perla Superiore,koffie-thee,"Koffie, thee",Perla Superiore Nespresso cups,3.49,3.49,,,,,10 stuks,,False,,,,,B,True,AH,https://www.ah.nl/producten/product/wi598606,2026-08-09,Perla Superiore Finest espresso decaffeinato capsules,coffee-tea
615486,0,L'OR Espresso lungo estremo capsules 5-pack,L'OR,koffie-thee,"Koffie, thee",L'OR Nespresso cups,38.9,40.95,5.0,5% volume voordeel,,,5 stuks,,True,AHOO,5% volume voordeel,2026-08-09,2999-12-31,,True,AH,https://www.ah.nl/producten/product/wi615486,2026-08-09,L'OR Espresso lungo estremo capsules 5-pack,coffee-tea
618720,0,Perla Superiore Origins Sumatra espresso capsules 2-pack,Perla Superiore,koffie-thee,"Koffie, thee",Perla Superiore Nespresso cups,6.63,6.98,5.0,5% volume voordeel,,,2 stuks,,True,AHOO,5% volume voordeel,2026-08-09,2999-12-31,,True,AH,https://www.ah.nl/producten/product/wi618720,2026-08-09,Perla Superiore Origins Sumatra espresso capsules 2-pack,coffee-tea
618721,0,Perla Superiore Origins Sumatra espresso capsules 3-pack,Perla Superiore,koffie-thee,"Koffie, thee",Perla Superiore Nespresso cups,9.42,10.47,10.0,10% volume voordeel,,,3 stuks,,True,AHOO,10% volume voordeel,2026-08-09,2999-12-31,,True,AH,https://www.ah.nl/producten/product/wi618721,2026-08-09,Perla Superiore Origins Sumatra espresso capsules 3-pack,coffee-tea
618722,0,Perla Superiore Origins Sumatra espresso capsules 5-pack,Perla Superiore,koffie-thee,"Koffie, thee",Perla Superiore Nespresso cups,14.83,17.45,15.0,15% volume voordeel,,,5 stuks,,True,AHOO,15% volume voordeel,2026-08-09,2999-12-31,,True,AH,https://www.ah.nl/producten/product/wi618722,2026-08-09,Perla Superiore Origins Sumatra espresso capsules 5-pack,coffee-tea
508325,723203,AH Biologisch Groene thee mandarijn sinaasappel,AH Biologisch,koffie-thee,"Koffie, thee",AH Biologisch groene thee,1.5,1.89,20.6,2 voor 3.00,3.0,2.0,20 stuks,,True,AH,2 VOOR 3.00,2026-08-03,2026-08-09,B,True,AH,https://www.ah.nl/producten/product/wi508325,2026-08-09,AH Biologisch Groene thee mandarijn sinaasappel,coffee-tea
2348,41310,Van Gilse Mini suikerklontjes,Van Gilse,koffie-thee,"Maaltijden, salades","Suiker, poedersuiker",1.49,1.49,,,,,500 g,prijs per kg €2.98,False,,,,,E,True,AH,https://www.ah.nl/producten/product/wi2348,2026-08-09,Van Gilse Mini suikerklontjes,coffee-tea
607786,0,Starbucks Nespresso blonde espresso roast cap 14pk,Starbucks,koffie-thee,"Koffie, thee",Starbucks Nespresso cups,62.37,69.3,10.0,10% volume voordeel,,,14 stuks,,True,AHOO,10% volume voordeel,2026-08-09,2999-12-31,,True,AH,https://www.ah.nl/producten/product/wi607786,2026-08-09,Starbucks Nespresso blonde espresso roast cap 14pk,coffee-tea
607961,0,Nescafé Dolce Gusto Lungo capsules 8-pack,Nescafé Dolce Gusto,koffie-thee,"Koffie, thee",Nescafe Dolce Gusto cups,46.73,51.92,10.0,10% volume voordeel,,,8 stuks,,True,AHOO,10% volume voordeel,2026-08-09,2999-12-31,,True,AH,https://www.ah.nl/producten/product/wi607961,2026-08-09,Nescafé Dolce Gusto Lungo capsules 8-pack,coffee-tea
622032,0,Perla Superiore Finest espresso decaffeinato capsu 5-pck,Perla Superiore,koffie-thee,"Koffie, thee",Perla Superiore Nespresso cups,14.83,17.45,15.0,15% volume voordeel,,,5 stuks,,True,AHOO,15% volume voordeel,2026-08-09,2999-12-31,,True,AH,https://www.ah.nl/producten/product/wi622032,2026-08-09,Perla Superiore Finest espresso decaffeinato capsu 5-pck,coffee-tea
622030,0,Perla Superiore Finest espresso decaffeinato capsu 2-pck,Perla Superiore,koffie-thee,"Koffie, thee",Perla Superiore Nespresso cups,6.63,6.98,5.0,5% volume voordeel,,,2 stuks,,True,AHOO,5% volume voordeel,2026-08-09,2999-12-31,,True,AH,https://www.ah.nl/producten/product/wi622030,2026-08-09,Perla Superiore Finest espresso decaffeinato capsu 2-pck,coffee-tea
622031,0,Perla Superiore Finest espresso decaffeinato capsu 3-pck,Perla Superiore,koffie-thee,"Koffie, thee",Perla Superiore Nespresso cups,9.42,10.47,10.0,10% volume voordeel,,,3 stuks,,True,AHOO,10% volume voordeel,2026-08-09,2999-12-31,,True,AH,https://www.ah.nl/producten/product/wi622031,2026-08-09,Perla Superiore Finest espresso decaffeinato capsu 3-pck,coffee-tea
1102,35876,AH Koffieroom,AH,koffie-thee,"Koffie, thee",Koffieroom,1.29,1.29,,,,,185 ml,prijs per liter €6.97,False,,,,,,True,AH,https://www.ah.nl/producten/product/wi1102,2026-08-09,AH Coffee cream,coffee-tea
455916,611364,Perla Huisblends Dolce gusto compatible lungo,Perla Huisblends,koffie-thee,"Koffie, thee",Perla Dolce Gusto cups,3.99,3.99,,1 + 1 gratis,,1.0,12 stuks,,True,AH,1 + 1 gratis,2026-08-10,2026-08-16,B,True,AH,https://www.ah.nl/producten/product/wi455916,2026-08-09,Perla Huisblends Dolce gusto compatible lungo,coffee-tea
608483,0,Friesche Vlag Halvamel 3-pack140ml,Friesche Vlag,koffie-thee,"Zuivel, eieren",Koffiemelk,2.54,2.67,5.0,5% volume voordeel,,,3 stuks,,True,AHOO,5% volume voordeel,2026-08-09,2999-12-31,,True,AH,https://www.ah.nl/producten/product/wi608483,2026-08-09,Friesche Vlag Halvamel 3-pack140ml,coffee-tea
140098,599588,Senseo Extra strong koffiepads,Senseo,koffie-thee,"Koffie, thee",Senseo koffiepads,6.39,6.39,,,,,36 stuks,,False,,,,,B,True,AH,https://www.ah.nl/producten/product/wi140098,2026-08-09,Senseo Extra strong coffee pods,coffee-tea
615500,0,Senseo Extra strong koffiepads 4-pack,Senseo,koffie-thee,"Koffie, thee",Senseo koffiepads,24.28,25.56,5.0,5% volume voordeel,,,4 stuks,,True,AHOO,5% volume voordeel,2026-08-09,2999-12-31,,True,AH,https://www.ah.nl/producten/product/wi615500,2026-08-09,Senseo Extra strong coffee pods 4-pack,coffee-tea
508289,709652,Caffè Gondoliere Tradition ground coffee,Caffè Gondoliere,koffie-thee,"Koffie, thee",Caffe Gondoliere filterkoffie,3.49,3.49,,,,,500 g,prijs per kg €6.98,False,,,,,B,True,AH,https://www.ah.nl/producten/product/wi508289,2026-08-09,Caffè Gondoliere Tradition ground coffee,coffee-tea
1893,57893,Friesche Vlag Balance,Friesche Vlag,koffie-thee,"Zuivel, eieren",Koffiemelk,2.19,2.19,,,,,466 ml,prijs per liter €4.70,False,,,,,B,True,AH,https://www.ah.nl/producten/product/wi1893,2026-08-09,Frisian Flag Balance,coffee-tea
161540,628681,Perla Superiore Origins Colombia koffiebonen,Perla Superiore,koffie-thee,"Koffie, thee",Perla Superiore koffiebonen,9.49,9.49,,,,,500 g,prijs per kg €18.98,False,,,,,B,True,AH,https://www.ah.nl/producten/product/wi161540,2026-08-09,Perla Superiore Origins Colombia koffiebonen,coffee-tea
508276,706481,Starbucks Nespresso Italian style roast capsules,Starbucks,koffie-thee,"Koffie, thee",Starbucks Nespresso cups,4.99,4.99,,,,,10 stuks,,False,,,,,B,True,AH,https://www.ah.nl/producten/product/wi508276,2026-08-09,Starbucks Nespresso Italian style roast capsules,coffee-tea
161501,559224,Pickwick Honing rooibos thee,Pickwick,koffie-thee,"Koffie, thee",Cafeïnevrije thee,1.49,1.99,25.0,25% korting,,,20 stuks,,True,AH,25% korting,2026-08-03,2026-08-09,B,True,AH,https://www.ah.nl/producten/product/wi161501,2026-08-09,Pickwick Honing rooibos thee,coffee-tea
388995,846010,Starbucks Frappuccino caramel ijskoffie,Starbucks,koffie-thee,"Koffie, thee",IJskoffie,2.29,2.29,,1 + 1 gratis,,1.0,250 ml,normale prijs per liter €9.16,True,AH,1 + 1 gratis,2026-08-10,2026-08-16,D,True,AH,https://www.ah.nl/producten/product/wi388995,2026-08-09,Starbucks Frappuccino caramel ijskoffie,coffee-tea
588117,33504,Starbucks Oat caramel macchiato ijskoffie,Starbucks,koffie-thee,"Koffie, thee",IJskoffie,2.29,2.29,,1 + 1 gratis,,1.0,220 ml,normale prijs per liter €10.41,True,AH,1 + 1 gratis,2026-08-10,2026-08-16,E,True,AH,https://www.ah.nl/producten/product/wi588117,2026-08-09,Starbucks Oat caramel macchiato ijskoffie,coffee-tea
127411,576398,Nescafé Mocca oploskoffie,Nescafé,koffie-thee,"Koffie, thee",Oploskoffie (regular),3.75,3.75,,,,,20 stuks,,False,,,,,D,True,AH,https://www.ah.nl/producten/product/wi127411,2026-08-09,Nescafé Mocca oploskoffie,coffee-tea
164573,633456,Douwe Egberts Aroma rood koffiebonen,Douwe Egberts,koffie-thee,"Koffie, thee",Douwe Egberts koffiebonen,9.99,9.99,,,,,500 g,prijs per kg €19.98,False,,,,,B,True,AH,https://www.ah.nl/producten/product/wi164573,2026-08-09,Douwe Egberts Aroma rood koffiebonen,coffee-tea
214575,809940,Clipper Lemon & Ginger organic infusion,Clipper,koffie-thee,"Koffie, thee",Clipper kruidenthee,3.79,3.79,,,,,20 stuks,,False,,,,,B,True,AH,https://www.ah.nl/producten/product/wi214575,2026-08-09,Clipper Lemon & Ginger organic infusion,coffee-tea
238684,831434,Perla Biologisch Espresso koffiebonen,Perla Biologisch,koffie-thee,"Koffie, thee",Perla koffiebonen,8.99,8.99,,,,,500 g,prijs per kg €17.98,False,,,,,B,True,AH,https://www.ah.nl/producten/product/wi238684,2026-08-09,Perla Organic Espresso coffee beans,coffee-tea
143411,615168,Pickwick Spices minty morocco kruidenthee,Pickwick,koffie-thee,"Koffie, thee",Pickwick kruidenthee,1.64,2.19,25.0,25% korting,,,20 stuks,,True,AH,25% korting,2026-08-03,2026-08-09,B,True,AH,https://www.ah.nl/producten/product/wi143411,2026-08-09,Pickwick Spices minty morocco herbal tea,coffee-tea
414692,856934,L'OR Espresso ristretto capsules,L'OR,koffie-thee,"Koffie, thee",L'OR Nespresso cups,8.19,8.19,,,,,20 stuks,,False,,,,,B,True,AH,https://www.ah.nl/producten/product/wi414692,2026-08-09,L'OR Espresso ristretto capsules,coffee-tea
607814,0,Starbucks Nespresso Italian style roast cap 4-pack,Starbucks,koffie-thee,"Koffie, thee",Starbucks Nespresso cups,19.36,19.96,3.0,3% volume voordeel,,,4 stuks,,True,AHOO,3% volume voordeel,2026-08-09,2999-12-31,,True,AH,https://www.ah.nl/producten/product/wi607814,2026-08-09,Starbucks Nespresso Italian style roast cap 4-pack,coffee-tea
609596,0,Starbucks Oat caramel macchiato ijskoffie 4-pack,Starbucks,koffie-thee,"Koffie, thee",IJskoffie,8.7,9.16,5.0,5% volume voordeel,,,4 stuks,,True,AHOO,5% volume voordeel,2026-08-09,2026-08-09,,True,AH,https://www.ah.nl/producten/product/wi609596,2026-08-09,Starbucks Oat caramel macchiato ijskoffie 4-pack,coffee-tea
608940,65273,Starbucks Frappuccino mocha delight flavour,Starbucks,koffie-thee,"Koffie, thee",IJskoffie,3.99,3.99,,1 + 1 gratis,,1.0,"0,7 l",normale prijs per liter €5.70,True,AH,1 + 1 gratis,2026-08-10,2026-08-16,D,True,AH,https://www.ah.nl/producten/product/wi608940,2026-08-09,Starbucks Frappuccino mocha delight flavour,coffee-tea
196706,798558,Pickwick Aardbei vruchtenthee,Pickwick,koffie-thee,"Koffie, thee",Vruchtenthee,1.49,1.99,25.0,25% korting,,,20 stuks,,True,AH,25% korting,2026-08-03,2026-08-09,B,True,AH,https://www.ah.nl/producten/product/wi196706,2026-08-09,Pickwick Strawberry fruit tea,coffee-tea
609597,0,Starbucks Oat caramel macchiato ijskoffie 6-pack,Starbucks,koffie-thee,"Koffie, thee",IJskoffie,12.37,13.74,10.0,10% volume voordeel,,,6 stuks,,True,AHOO,10% volume voordeel,2026-08-09,2026-08-09,,True,AH,https://www.ah.nl/producten/product/wi609597,2026-08-09,Starbucks Oat caramel macchiato ijskoffie 6-pack,coffee-tea
599795,0,L'OR Espresso ristretto capsules 3-pack,L'OR,koffie-thee,"Koffie, thee",L'OR Nespresso cups,23.34,24.57,5.0,5% volume voordeel,,,3 stuks,,True,AHOO,5% volume voordeel,2026-08-09,2999-12-31,,True,AH,https://www.ah.nl/producten/product/wi599795,2026-08-09,L'OR Espresso ristretto capsules 3-pack,coffee-tea
607815,0,Starbucks Nespresso Italian style roast cap 6-pack,Starbucks,koffie-thee,"Koffie, thee",Starbucks Nespresso cups,28.14,29.94,6.0,6% volume voordeel,,,6 stuks,,True,AHOO,6% volume voordeel,2026-08-09,2999-12-31,,True,AH,https://www.ah.nl/producten/product/wi607815,2026-08-09,Starbucks Nespresso Italian style roast cap 6-pack,coffee-tea
523268,74353,Pickwick Ginger goodness orange kruidenthee,Pickwick,koffie-thee,"Koffie, thee",Gemberthee,1.79,2.39,25.0,25% korting,,,15 stuks,,True,AH,25% korting,2026-08-03,2026-08-09,B,True,AH,https://www.ah.nl/producten/product/wi523268,2026-08-09,Pickwick Ginger goodness orange herbal tea,coffee-tea
566135,3579,AH IJskoffie skinny latte,AH,koffie-thee,"Koffie, thee",IJskoffie,1.99,1.99,,,,,1 l,prijs per liter €1.99,False,,,,,C,True,AH,https://www.ah.nl/producten/product/wi566135,2026-08-09,AH Iced coffee skinny latte,coffee-tea
615497,0,Pickwick Ginger goodness orange kruidenthee 4-pck,Pickwick,koffie-thee,"Koffie, thee",Gemberthee,7.17,9.56,25.0,pakketkorting,,,4 stuks,,True,AHOO,,2026-08-09,2026-08-09,,True,AH,https://www.ah.nl/producten/product/wi615497,2026-08-09,Pickwick Ginger goodness orange kruidenthee 4-pck,coffee-tea
195573,798916,Completa Koffiecreamer navulverpakking,Completa,koffie-thee,"Koffie, thee",Koffiecreamer,2.59,2.59,,,,,370 g,prijs per kg €7.00,False,,,,,E,True,AH,https://www.ah.nl/producten/product/wi195573,2026-08-09,Completa Koffiecreamer navulverpakking,coffee-tea
550311,734229,Pickwick Jasmin passionfruit witte en groene thee,Pickwick,koffie-thee,"Koffie, thee",Pickwick groene thee,1.64,2.19,25.0,25% korting,,,20 stuks,,True,AH,25% korting,2026-08-03,2026-08-09,B,True,AH,https://www.ah.nl/producten/product/wi550311,2026-08-09,Pickwick Jasmin passionfruit white and green tea,coffee-tea
615601,0,Starbucks Frappuccino mocha delight flavour 2-pack,Starbucks,koffie-thee,"Koffie, thee",IJskoffie,7.58,7.98,5.0,5% volume voordeel,,,2 stuks,,True,AHOO,5% volume voordeel,2026-08-09,2026-08-09,,True,AH,https://www.ah.nl/producten/product/wi615601,2026-08-09,Starbucks Frappuccino mocha delight flavour 2-pack,coffee-tea
615602,0,Starbucks Frappuccino mocha delight flavour 4-pack,Starbucks,koffie-thee,"Koffie, thee",IJskoffie,14.36,15.96,10.0,10% volume voordeel,,,4 stuks,,True,AHOO,10% volume voordeel,2026-08-09,2026-08-09,,True,AH,https://www.ah.nl/producten/product/wi615602,2026-08-09,Starbucks Frappuccino mocha delight flavour 4-pack,coffee-tea
508344,724357,AH Biologisch Moment ochtend melange,AH Biologisch,koffie-thee,"Koffie, thee",AH Biologisch kruidenthee,1.5,1.89,20.6,2 voor 3.00,3.0,2.0,20 stuks,,True,AH,2 VOOR 3.00,2026-08-03,2026-08-09,B,True,AH,https://www.ah.nl/producten/product/wi508344,2026-08-09,AH Organic Moment morning blend,coffee-tea
607813,0,Starbucks Nespresso Italian style roast cap 14-pck,Starbucks,koffie-thee,"Koffie, thee",Starbucks Nespresso cups,62.87,69.86,10.0,10% volume voordeel,,,14 stuks,,True,AHOO,10% volume voordeel,2026-08-09,2999-12-31,,True,AH,https://www.ah.nl/producten/product/wi607813,2026-08-09,Starbucks Nespresso Italian style roast cap 14-pck,coffee-tea
608485,0,Friesche Vlag Halvamel 5-pack140ml,Friesche Vlag,koffie-thee,"Zuivel, eieren",Koffiemelk,4.0,4.45,10.0,10% volume voordeel,,,5 stuks,,True,AHOO,10% volume voordeel,2026-08-09,2999-12-31,,True,AH,https://www.ah.nl/producten/product/wi608485,2026-08-09,Friesche Vlag Halvamel 5-pack140ml,coffee-tea
609586,0,Starbucks Frappuccino caramel ijskoffie 4-pack,Starbucks,koffie-thee,"Koffie, thee",IJskoffie,8.7,9.16,5.0,5% volume voordeel,,,4 stuks,,True,AHOO,5% volume voordeel,2026-08-09,2026-08-09,,True,AH,https://www.ah.nl/producten/product/wi609586,2026-08-09,Starbucks Frappuccino caramel ijskoffie 4-pack,coffee-tea
381402,841322,Australian Organic dark roast koffiebonen,Australian,koffie-thee,"Koffie, thee",Australian koffiebonen,9.09,12.99,30.0,30% korting,,,500 g,normale prijs per kg €25.98,True,AH,30% korting,2026-08-03,2026-08-09,B,True,AH,https://www.ah.nl/producten/product/wi381402,2026-08-09,Australian Organic dark roast coffee beans,coffee-tea
609587,0,Starbucks Frappuccino caramel ijskoffie 6-pack,Starbucks,koffie-thee,"Koffie, thee",IJskoffie,12.37,13.74,10.0,10% volume voordeel,,,6 stuks,,True,AHOO,10% volume voordeel,2026-08-09,2026-08-09,,True,AH,https://www.ah.nl/producten/product/wi609587,2026-08-09,Starbucks Frappuccino caramel ijskoffie 6-pack,coffee-tea
615489,0,L'OR Espresso ristretto capsules 5-pack,L'OR,koffie-thee,"Koffie, thee",L'OR Nespresso cups,38.9,40.95,5.0,5% volume voordeel,,,5 stuks,,True,AHOO,5% volume voordeel,2026-08-09,2999-12-31,,True,AH,https://www.ah.nl/producten/product/wi615489,2026-08-09,L'OR Espresso ristretto capsules 5-pack,coffee-tea
608411,0,Friesche Vlag Balance 3-pack,Friesche Vlag,koffie-thee,"Zuivel, eieren",Koffiemelk,6.24,6.57,5.0,5% volume voordeel,,,3 stuks,,True,AHOO,5% volume voordeel,2026-08-09,2999-12-31,,True,AH,https://www.ah.nl/producten/product/wi608411,2026-08-09,Friesche Vlag Balance 3-pack,coffee-tea
381375,841295,AH Groene thee puur,AH,koffie-thee,"Koffie, thee",AH groene thee,1.15,1.15,,,,,50 stuks,,False,,,,,B,True,AH,https://www.ah.nl/producten/product/wi381375,2026-08-09,AH Groene thee puur,coffee-tea
495567,768682,Simon Lévelt Peruvian opal bonen,Simon Lévelt,koffie-thee,"Koffie, thee",Simon Levelt koffiebonen,13.49,13.49,,,,,500 g,prijs per kg €26.98,False,,,,,B,True,AH,https://www.ah.nl/producten/product/wi495567,2026-08-09,Simon Lévelt Peruvian opal bonen,coffee-tea
548274,616121,Starbucks Caramel macchiato ijskoffie,Starbucks,koffie-thee,"Koffie, thee",IJskoffie,3.89,3.89,,,,,"0,75 l",prijs per liter €5.19,False,,,,,C,True,AH,https://www.ah.nl/producten/product/wi548274,2026-08-09,Starbucks Caramel macchiato ijskoffie,coffee-tea
609703,0,Starbucks Caramel macchiato ijskoffie 4-pack,Starbucks,koffie-thee,"Koffie, thee",IJskoffie,14.0,15.56,10.0,10% volume voordeel,,,4 stuks,,True,AHOO,10% volume voordeel,2026-08-09,2999-12-31,,True,AH,https://www.ah.nl/producten/product/wi609703,2026-08-09,Starbucks Caramel macchiato ijskoffie 4-pack,coffee-tea
485616,740545,Nescafé Latte macchiato oploskoffie,Nescafé,koffie-thee,"Koffie, thee",Oploskoffie (melkbasis),3.69,3.69,,,,,8 stuks,,False,,,,,D,True,AH,https://www.ah.nl/producten/product/wi485616,2026-08-09,Nescafé Latte macchiato instant coffee,coffee-tea
2375,61800,Melitta Original koffiefilters 1x4 bruin,Melitta,koffie-thee,"Koffie, thee","Koffiefilters, theefilters",2.99,2.99,,,,,80 stuks,,False,,,,,,True,AH,https://www.ah.nl/producten/product/wi2375,2026-08-09,Melitta Original koffiefilters 1x4 bruin,coffee-tea
196938,751716,Van Gilse Fijne kaneelsuiker,Van Gilse,koffie-thee,"Maaltijden, salades","Suiker, poedersuiker",0.99,0.99,,,,,200 g,prijs per kg €4.95,False,,,,,E,True,AH,https://www.ah.nl/producten/product/wi196938,2026-08-09,Van Gilse Fijne kaneelsuiker,coffee-tea
238690,831466,Perla Superiore Finest forte koffiebonen,Perla Superiore,koffie-thee,"Koffie, thee",Perla Superiore koffiebonen,17.99,17.99,,,,,1 kg,prijs per kg €17.99,False,,,,,B,True,AH,https://www.ah.nl/producten/product/wi238690,2026-08-09,Perla Superiore Finest forte koffiebonen,coffee-tea
162981,632634,AH Creamerstaafjes,AH,koffie-thee,"Koffie, thee",Koffiecreamer,1.99,1.99,,,,,50 stuks,,False,,,,,,True,AH,https://www.ah.nl/producten/product/wi162981,2026-08-09,AH Creamer sticks,coffee-tea
408110,853318,Douwe Egberts Verwenkoffie latte macchiato oploskoffie,Douwe Egberts,koffie-thee,"Koffie, thee",Oploskoffie (melkbasis),3.29,3.29,,,,,8 stuks,,False,,,,,C,True,AH,https://www.ah.nl/producten/product/wi408110,2026-08-09,Douwe Egberts Verwenkoffie latte macchiato oploskoffie,coffee-tea
595583,0,AH Creamerstaafjes 3-pack,AH,koffie-thee,"Koffie, thee",Koffiecreamer,5.55,5.97,7.0,7% volume voordeel,,,3 stuks,,True,AHOO,7% volume voordeel,2026-08-09,2999-12-31,,True,AH,https://www.ah.nl/producten/product/wi595583,2026-08-09,AH Creamer sticks 3-pack,coffee-tea
469382,721482,Zonnatura 100% kamille kruideninfusie,Zonnatura,koffie-thee,"Koffie, thee",Zonnatura kruidenthee,2.69,2.69,,,,,20 stuks,,False,,,,,B,True,AH,https://www.ah.nl/producten/product/wi469382,2026-08-09,Zonnatura 100% kamille kruideninfusie,coffee-tea
516384,99507,Perla Huisblends Lungo decaf capsules,Perla Huisblends,koffie-thee,"Koffie, thee",Perla Nespresso cups,2.995,5.29,43.4,2 voor 5.99,5.99,2.0,20 stuks,,True,AH,2 voor 5.99,2026-08-10,2026-08-16,B,True,AH,https://www.ah.nl/producten/product/wi516384,2026-08-09,Perla Huisblends Lungo decaf capsules,coffee-tea
619474,0,Perla Huisblends Lungo decaf capsules 3-pack,Perla Huisblends,koffie-thee,"Koffie, thee",Perla Nespresso cups,15.39,15.87,3.0,3% volume voordeel,,,3 stuks,,True,AHOO,3% volume voordeel,2026-08-09,2026-08-09,,True,AH,https://www.ah.nl/producten/product/wi619474,2026-08-09,Perla Huisblends Lungo decaf capsules 3-pack,coffee-tea
190201,790782,Pickwick Spices caramelised pear zwarte thee,Pickwick,koffie-thee,"Koffie, thee",Pickwick zwarte thee,1.64,2.19,25.0,25% korting,,,20 stuks,,True,AH,25% korting,2026-08-03,2026-08-09,B,True,AH,https://www.ah.nl/producten/product/wi190201,2026-08-09,Pickwick Spices caramelised pear black tea,coffee-tea
381296,841276,Perla Huisblends Mokka snelfiltermaling,Perla Huisblends,koffie-thee,"Koffie, thee",Perla filterkoffie,4.79,4.79,,1 + 1 GRATIS,,1.0,250 g,normale prijs per kg €19.16,True,AH,1 + 1 GRATIS,2026-08-03,2026-08-09,B,True,AH,https://www.ah.nl/producten/product/wi381296,2026-08-09,Perla Huisblends Mokka snelfiltermaling,coffee-tea
455878,69226,Café Royal Caramel capsules,Café Royal,koffie-thee,"Koffie, thee",Café Royal Nespresso cups,4.49,4.49,,,,,10 stuks,,False,,,,,,True,AH,https://www.ah.nl/producten/product/wi455878,2026-08-09,Café Royal Caramel capsules,coffee-tea
458809,620542,AH Biologisch Groene thee puur,AH Biologisch,koffie-thee,"Koffie, thee",AH Biologisch groene thee,1.5,1.89,20.6,2 voor 3.00,3.0,2.0,20 stuks,,True,AH,2 VOOR 3.00,2026-08-03,2026-08-09,B,True,AH,https://www.ah.nl/producten/product/wi458809,2026-08-09,AH Biologisch Groene thee puur,coffee-tea
471088,90740,Perla Superiore Finest decaffeinato lungo capsules,Perla Superiore,koffie-thee,"Koffie, thee",Perla Superiore Nespresso cups,3.49,3.49,,,,,10 stuks,,False,,,,,B,True,AH,https://www.ah.nl/producten/product/wi471088,2026-08-09,Perla Superiore Finest decaffeinato lungo capsules,coffee-tea
520712,63342,Spa Fruit peach pear,Spa,frisdrank-sappen-water,"Frisdrank, sappen, water",Fruitwater,2.49,2.49,,,,,"1,25 l",prijs per liter €1.99,False,,,,,D,True,AH,https://www.ah.nl/producten/product/wi520712,2026-08-09,Spa Fruit peach pear,soft drinks-juices-water
576009,17394,Coca-Cola Zero sugar 20-pack,Coca-Cola,frisdrank-sappen-water,"Frisdrank, sappen, water","Cola zero, suikervrij, light",11.85,11.85,,,,,"20 x 0,25 l",prijs per liter €2.37,False,,,,,C,True,AH,https://www.ah.nl/producten/product/wi576009,2026-08-09,Coca-Cola Zero sugar 20-pack,soft drinks-juices-water
137739,606983,Coca-Cola Zero sugar,Coca-Cola,frisdrank-sappen-water,"Frisdrank, sappen, water","Cola zero, suikervrij, light",2.39,2.39,,,,,"1,5 l",prijs per liter €1.59,False,,,,,C,True,AH,https://www.ah.nl/producten/product/wi137739,2026-08-09,Coca Cola Zero sugar,soft drinks-juices-water
572502,0,Coca-Cola Zero sugar 4-pack,Coca-Cola,frisdrank-sappen-water,"Frisdrank, sappen, water","Cola zero, suikervrij, light",8.27,9.56,13.0,13.5% volume voordeel,,,4 stuks,,True,AHOO,13.5% volume voordeel,2026-08-09,2999-12-31,,True,AH,https://www.ah.nl/producten/product/wi572502,2026-08-09,Coca-Cola Zero sugar 4-pack,soft drinks-juices-water
616709,0,"Coca-Cola Coca Cola Zero 1,5L 6-pack",Coca-Cola,frisdrank-sappen-water,"Frisdrank, sappen, water","Cola zero, suikervrij, light",12.19,14.34,15.0,15% volume voordeel,,,6 stuks,,True,AHOO,15% volume voordeel,2026-08-09,2999-12-31,,True,AH,https://www.ah.nl/producten/product/wi616709,2026-08-09,Coca-Cola Coca Cola Zero 1.5L 6-pack,soft drinks-juices-water
520765,732335,Spa Fruit strawberry watermelon,Spa,frisdrank-sappen-water,"Frisdrank, sappen, water",Fruitwater,2.49,2.49,,,,,"1,25 l",prijs per liter €1.99,False,,,,,D,True,AH,https://www.ah.nl/producten/product/wi520765,2026-08-09,Spa Fruit strawberry watermelon,soft drinks-juices-water
2800,593459,Coca-Cola Original taste,Coca-Cola,frisdrank-sappen-water,"Frisdrank, sappen, water",Cola regular,2.39,2.39,,,,,"1,5 l",prijs per liter €1.59,False,,,,,E,True,AH,https://www.ah.nl/producten/product/wi2800,2026-08-09,Coca-Cola Original taste,soft drinks-juices-water
137741,606985,Coca-Cola Zero sugar,Coca-Cola,frisdrank-sappen-water,"Frisdrank, sappen, water","Cola zero, suikervrij, light",2.29,2.29,,1 + 1 GRATIS,,1.0,1 l,normale prijs per liter €2.29,True,AH,1 + 1 GRATIS,2026-08-03,2026-08-09,C,True,AH,https://www.ah.nl/producten/product/wi137741,2026-08-09,Coca Cola Zero sugar,soft drinks-juices-water
573407,0,Coca-Cola Original taste 4-pack,Coca-Cola,frisdrank-sappen-water,"Frisdrank, sappen, water",Cola regular,8.27,9.56,13.0,13.5% volume voordeel,,,4 stuks,,True,AHOO,13.5% volume voordeel,2026-08-09,2999-12-31,,True,AH,https://www.ah.nl/producten/product/wi573407,2026-08-09,Coca-Cola Original taste 4-pack,soft drinks-juices-water
618377,0,Coca-Cola Zero sugar 4pk,Coca-Cola,frisdrank-sappen-water,"Frisdrank, sappen, water","Cola zero, suikervrij, light",4.58,9.16,50.0,pakketkorting,,,4 stuks,,True,AHOO,,2026-08-09,2026-08-09,,True,AH,https://www.ah.nl/producten/product/wi618377,2026-08-09,Coca-Cola Zero sugar 4pk,soft drinks-juices-water
616731,0,Coca-Cola Zero sugar 10-pack,Coca-Cola,frisdrank-sappen-water,"Frisdrank, sappen, water","Cola zero, suikervrij, light",11.45,22.9,50.0,pakketkorting,,,10 stuks,,True,AHOO,,2026-08-09,2026-08-09,,True,AH,https://www.ah.nl/producten/product/wi616731,2026-08-09,Coca-Cola Zero sugar 10-pack,soft drinks-juices-water
616735,0,Coca-Cola Zero sugar 5-pack,Coca-Cola,frisdrank-sappen-water,"Frisdrank, sappen, water","Cola zero, suikervrij, light",6.87,11.45,40.0,pakketkorting,,,5 stuks,,True,AHOO,,2026-08-09,2026-08-09,,True,AH,https://www.ah.nl/producten/product/wi616735,2026-08-09,Coca-Cola Zero sugar 5-pack,soft drinks-juices-water
476710,729916,AH Cola no sugar,AH,frisdrank-sappen-water,"Frisdrank, sappen, water","Cola zero, suikervrij, light",0.95,0.95,,,,,"1,5 l",prijs per liter €0.63,False,,,,,C,True,AH,https://www.ah.nl/producten/product/wi476710,2026-08-09,AH Cola no sugar,soft drinks-juices-water
130874,593448,Coca-Cola Original taste,Coca-Cola,frisdrank-sappen-water,"Frisdrank, sappen, water",Cola regular,2.29,2.29,,1 + 1 GRATIS,,1.0,1 l,normale prijs per liter €2.29,True,AH,1 + 1 GRATIS,2026-08-03,2026-08-09,E,True,AH,https://www.ah.nl/producten/product/wi130874,2026-08-09,Coca-Cola Original taste,soft drinks-juices-water
616714,0,Coca-Cola Original taste 10-pack,Coca-Cola,frisdrank-sappen-water,"Frisdrank, sappen, water",Cola regular,11.45,22.9,50.0,pakketkorting,,,10 stuks,,True,AHOO,,2026-08-09,2026-08-09,,True,AH,https://www.ah.nl/producten/product/wi616714,2026-08-09,Coca-Cola Original taste 10-pack,soft drinks-juices-water
476713,729921,Coca-Cola Zero sugar 8-pack,Coca-Cola,frisdrank-sappen-water,"Frisdrank, sappen, water","Cola zero, suikervrij, light",4.75,4.75,,,,,"8 x 0,25 l",prijs per liter €2.38,False,,,,,C,True,AH,https://www.ah.nl/producten/product/wi476713,2026-08-09,Coca-Cola Zero sugar 8-pack,soft drinks-juices-water
616715,0,Coca-Cola Original taste 6-pack,Coca-Cola,frisdrank-sappen-water,"Frisdrank, sappen, water",Cola regular,6.87,13.74,50.0,pakketkorting,,,6 stuks,,True,AHOO,,2026-08-09,2026-08-09,,True,AH,https://www.ah.nl/producten/product/wi616715,2026-08-09,Coca-Cola Original taste 6-pack,soft drinks-juices-water
375004,837504,Lipton Ice tea green,Lipton,frisdrank-sappen-water,"Frisdrank, sappen, water",Ice tea green,2.99,2.99,,,,,"1,5 l",prijs per liter €1.99,False,,,,,D,True,AH,https://www.ah.nl/producten/product/wi375004,2026-08-09,Lipton Ice tea green,soft drinks-juices-water
605795,0,Coca-Cola Zero sugar 24-pack,Coca-Cola,frisdrank-sappen-water,"Frisdrank, sappen, water","Cola zero, suikervrij, light",12.82,14.25,10.0,10% volume voordeel,,,3 stuks,,True,AHOO,10% volume voordeel,2026-08-09,2999-12-31,,True,AH,https://www.ah.nl/producten/product/wi605795,2026-08-09,Coca-Cola Zero sugar 24-pack,soft drinks-juices-water
616722,0,Coca-Cola Regular 6-pack,Coca-Cola,frisdrank-sappen-water,"Frisdrank, sappen, water",Cola regular,12.91,14.34,10.0,10% volume voordeel,,,6 stuks,,True,AHOO,10% volume voordeel,2026-08-09,2999-12-31,,True,AH,https://www.ah.nl/producten/product/wi616722,2026-08-09,Coca-Cola Regular 6-pack,soft drinks-juices-water
608748,0,Lipton Ice tea green 1.5L 6-pack,Lipton,frisdrank-sappen-water,"Frisdrank, sappen, water",Ice tea green,15.25,17.94,15.0,15% volume voordeel,,,6 stuks,,True,AHOO,15% volume voordeel,2026-08-09,2999-12-31,,True,AH,https://www.ah.nl/producten/product/wi608748,2026-08-09,Lipton Ice tea green 1.5L 6-pack,soft drinks-juices-water
608746,0,Lipton Ice tea green 1.5L 4-pack,Lipton,frisdrank-sappen-water,"Frisdrank, sappen, water",Ice tea green,10.76,11.96,10.0,10% volume voordeel,,,4 stuks,,True,AHOO,10% volume voordeel,2026-08-09,2999-12-31,,True,AH,https://www.ah.nl/producten/product/wi608746,2026-08-09,Lipton Ice tea green 1.5L 4-pack,soft drinks-juices-water
608744,0,Lipton Ice tea green 1.5L 2-pack,Lipton,frisdrank-sappen-water,"Frisdrank, sappen, water",Ice tea green,5.68,5.98,5.0,5% volume voordeel,,,2 stuks,,True,AHOO,5% volume voordeel,2026-08-09,2999-12-31,,True,AH,https://www.ah.nl/producten/product/wi608744,2026-08-09,Lipton Ice tea green 1.5L 2-pack,soft drinks-juices-water
616736,0,Coca-Cola Zero sugar 40-pack,Coca-Cola,frisdrank-sappen-water,"Frisdrank, sappen, water","Cola zero, suikervrij, light",20.19,23.75,15.0,15% volume voordeel,,,5 stuks,,True,AHOO,15% volume voordeel,2026-08-09,2999-12-31,,True,AH,https://www.ah.nl/producten/product/wi616736,2026-08-09,Coca-Cola Zero sugar 40-pack,soft drinks-juices-water
415185,686633,AH Ice tea green koolzuurvrij,AH,frisdrank-sappen-water,"Frisdrank, sappen, water",Ice tea green,1.25,1.25,,,,,"1,5 l",prijs per liter €0.83,False,,,,,C,True,AH,https://www.ah.nl/producten/product/wi415185,2026-08-09,AH Ice tea green koolzuurvrij,soft drinks-juices-water
123416,577176,AH Mineraalwater koolzuurvrij 6-pack,AH,frisdrank-sappen-water,"Frisdrank, sappen, water",Koolzuurvrij water,2.29,2.29,,,,,"6 x 0,5 l",prijs per liter €0.76,False,,,,,,True,AH,https://www.ah.nl/producten/product/wi123416,2026-08-09,AH Mineraalwater koolzuurvrij 6-pack,soft drinks-juices-water
569283,9552,Bar-le-Duc Mineraalwater koolzuurhoudend,Bar-le-Duc,frisdrank-sappen-water,"Frisdrank, sappen, water",Koolzuurhoudend water,0.85,0.85,,,,,"1,5 l",prijs per liter €0.57,False,,,,,A,True,AH,https://www.ah.nl/producten/product/wi569283,2026-08-09,Bar-le-Duc Mineraalwater koolzuurhoudend,soft drinks-juices-water
485568,740420,AH Appelsap,AH,frisdrank-sappen-water,"Frisdrank, sappen, water",Appelsap en perensap,1.69,1.69,,,,,"1,5 l",prijs per liter €1.13,False,,,,,C,True,AH,https://www.ah.nl/producten/product/wi485568,2026-08-09,AH Appelsap,soft drinks-juices-water
371500,836558,AH Bruisend mineraalwater citroen,AH,frisdrank-sappen-water,"Frisdrank, sappen, water",Water met smaak,1.09,1.09,,,,,"1,5 l",prijs per liter €0.73,False,,,,,B,True,AH,https://www.ah.nl/producten/product/wi371500,2026-08-09,AH Sparkling mineral water lemon,soft drinks-juices-water
63922,607072,AH Cola regular,AH,frisdrank-sappen-water,"Frisdrank, sappen, water",Cola regular,0.95,0.95,,,,,"1,5 l",prijs per liter €0.63,False,,,,,E,True,AH,https://www.ah.nl/producten/product/wi63922,2026-08-09,AH Cola regular,soft drinks-juices-water
477062,730721,Pepsi Zero sugar,Pepsi,frisdrank-sappen-water,"Frisdrank, sappen, water","Cola zero, suikervrij, light",2.29,2.29,,,,,1 l,prijs per liter €2.29,False,,,,,C,True,AH,https://www.ah.nl/producten/product/wi477062,2026-08-09,Pepsi Zero sugar,soft drinks-juices-water
614663,0,Pepsi Zero sugar 4-pack,Pepsi,frisdrank-sappen-water,"Frisdrank, sappen, water","Cola zero, suikervrij, light",8.24,9.16,10.0,10% volume voordeel,,,4 stuks,,True,AHOO,10% volume voordeel,2026-08-09,2999-12-31,,True,AH,https://www.ah.nl/producten/product/wi614663,2026-08-09,Pepsi Zero sugar 4-pack,soft drinks-juices-water
614664,0,Pepsi Zero sugar 6-pack,Pepsi,frisdrank-sappen-water,"Frisdrank, sappen, water","Cola zero, suikervrij, light",11.68,13.74,15.0,15% volume voordeel,,,6 stuks,,True,AHOO,15% volume voordeel,2026-08-09,2999-12-31,,True,AH,https://www.ah.nl/producten/product/wi614664,2026-08-09,Pepsi Zero sugar 6-pack,soft drinks-juices-water
614662,0,Pepsi Zero sugar 10-pack,Pepsi,frisdrank-sappen-water,"Frisdrank, sappen, water","Cola zero, suikervrij, light",18.32,22.9,20.0,20% volume voordeel,,,10 stuks,,True,AHOO,20% volume voordeel,2026-08-09,2999-12-31,,True,AH,https://www.ah.nl/producten/product/wi614662,2026-08-09,Pepsi Zero sugar 10 pack,soft drinks-juices-water
477060,730719,Coca-Cola Original taste 8-pack,Coca-Cola,frisdrank-sappen-water,"Frisdrank, sappen, water",Cola regular,5.29,5.29,,,,,"8 x 0,25 l",prijs per liter €2.65,False,,,,,E,True,AH,https://www.ah.nl/producten/product/wi477060,2026-08-09,Coca-Cola Original taste 8-pack,soft drinks-juices-water
519034,886057,Lipton Ice tea green zero sugar,Lipton,frisdrank-sappen-water,"Frisdrank, sappen, water",Ice tea zero,3.69,3.69,,,,,"1,5 l",prijs per liter €2.46,False,,,,,C,True,AH,https://www.ah.nl/producten/product/wi519034,2026-08-09,Lipton Ice tea green zero sugar,soft drinks-juices-water
177570,779454,Lipton Ice tea sparkling original,Lipton,frisdrank-sappen-water,"Frisdrank, sappen, water",Ice tea regular,2.99,2.99,,,,,"1,5 l",prijs per liter €1.99,False,,,,,D,True,AH,https://www.ah.nl/producten/product/wi177570,2026-08-09,Lipton Ice tea sparkling original,soft drinks-juices-water
605793,0,Coca-Cola Original taste 24-pack,Coca-Cola,frisdrank-sappen-water,"Frisdrank, sappen, water",Cola regular,14.28,15.87,10.0,10% volume voordeel,,,3 stuks,,True,AHOO,10% volume voordeel,2026-08-09,2999-12-31,,True,AH,https://www.ah.nl/producten/product/wi605793,2026-08-09,Coca-Cola Original taste 24-pack,soft drinks-juices-water
476866,729911,AH Lemon & lime zero,AH,frisdrank-sappen-water,"Frisdrank, sappen, water",Lemon en lime,0.86,0.86,,,,,"1,5 l",prijs per liter €0.57,False,,,,,C,True,AH,https://www.ah.nl/producten/product/wi476866,2026-08-09,AH Lemon & lime zero,soft drinks-juices-water
608758,0,Lipton Ice tea sparkling original 4-pack,Lipton,frisdrank-sappen-water,"Frisdrank, sappen, water",Ice tea regular,10.76,11.96,10.0,10% volume voordeel,,,4 stuks,,True,AHOO,10% volume voordeel,2026-08-09,2999-12-31,,True,AH,https://www.ah.nl/producten/product/wi608758,2026-08-09,Lipton Ice tea sparkling original 4-pack,soft drinks-juices-water
608757,0,Lipton Ice tea sparkling original 2-pack,Lipton,frisdrank-sappen-water,"Frisdrank, sappen, water",Ice tea regular,5.68,5.98,5.0,5% volume voordeel,,,2 stuks,,True,AHOO,5% volume voordeel,2026-08-09,2999-12-31,,True,AH,https://www.ah.nl/producten/product/wi608757,2026-08-09,Lipton Ice tea sparkling original 2-pack,soft drinks-juices-water
616716,0,Coca-Cola Original taste 40-pack,Coca-Cola,frisdrank-sappen-water,"Frisdrank, sappen, water",Cola regular,22.48,26.45,15.0,15% volume voordeel,,,5 stuks,,True,AHOO,15% volume voordeel,2026-08-09,2999-12-31,,True,AH,https://www.ah.nl/producten/product/wi616716,2026-08-09,Coca-Cola Original taste 40-pack,soft drinks-juices-water
608759,0,Lipton Ice tea sparkling original 6-pack,Lipton,frisdrank-sappen-water,"Frisdrank, sappen, water",Ice tea regular,15.25,17.94,15.0,15% volume voordeel,,,6 stuks,,True,AHOO,15% volume voordeel,2026-08-09,2999-12-31,,True,AH,https://www.ah.nl/producten/product/wi608759,2026-08-09,Lipton Ice tea sparkling original 6-pack,soft drinks-juices-water
140123,611314,Royal Club Tonic classic 0% suiker,Royal Club,frisdrank-sappen-water,"Frisdrank, sappen, water",Tonic,2.49,2.49,,,,,1 l,prijs per liter €2.49,False,,,,,C,True,AH,https://www.ah.nl/producten/product/wi140123,2026-08-09,Royal Club Tonic classic 0% sugar,soft drinks-juices-water
140130,611356,Rivella Original,Rivella,frisdrank-sappen-water,"Frisdrank, sappen, water",Rivella,2.49,2.49,,,,,1 l,prijs per liter €2.49,False,,,,,C,True,AH,https://www.ah.nl/producten/product/wi140130,2026-08-09,Rivella Original,soft drinks-juices-water
614595,0,Rivella Original 4-pack,Rivella,frisdrank-sappen-water,"Frisdrank, sappen, water",Rivella,8.96,9.96,10.0,10% volume voordeel,,,4 stuks,,True,AHOO,10% volume voordeel,2026-08-09,2999-12-31,,True,AH,https://www.ah.nl/producten/product/wi614595,2026-08-09,Rivella Original 4-pack,soft drinks-juices-water
597121,0,Royal Club Tonic classic 0% suiker 4-pack,Royal Club,frisdrank-sappen-water,"Frisdrank, sappen, water",Tonic,8.96,9.96,10.0,10% volume voordeel,,,4 stuks,,True,AHOO,10% volume voordeel,2026-08-09,2999-12-31,,True,AH,https://www.ah.nl/producten/product/wi597121,2026-08-09,Royal Club Tonic classic 0% sugar 4-pack,soft drinks-juices-water
614594,0,Rivella Original 10-pack,Rivella,frisdrank-sappen-water,"Frisdrank, sappen, water",Rivella,19.92,24.9,20.0,20% volume voordeel,,,10 stuks,,True,AHOO,20% volume voordeel,2026-08-09,2999-12-31,,True,AH,https://www.ah.nl/producten/product/wi614594,2026-08-09,Rivella Original 10-pack,soft drinks-juices-water
614597,0,Rivella Original 6-pack,Rivella,frisdrank-sappen-water,"Frisdrank, sappen, water",Rivella,12.7,14.94,15.0,15% volume voordeel,,,6 stuks,,True,AHOO,15% volume voordeel,2026-08-09,2999-12-31,,True,AH,https://www.ah.nl/producten/product/wi614597,2026-08-09,Rivella Original 6-pack,soft drinks-juices-water
137777,607446,AH Mineraalwater koolzuurhoudend,AH,frisdrank-sappen-water,"Frisdrank, sappen, water",Koolzuurhoudend water,0.65,0.65,,,,,"1,5 l",prijs per liter €0.43,False,,,,,,True,AH,https://www.ah.nl/producten/product/wi137777,2026-08-09,AH Mineral water carbonated,soft drinks-juices-water
389544,846380,Raak Vruchtensiroop frambozen zero sugar,Raak,frisdrank-sappen-water,"Frisdrank, sappen, water",Limonadesiroop (suikerbewust en suikervrij),2.89,2.89,,,,,"0,75 l",prijs per liter €3.85,False,,,,,C,True,AH,https://www.ah.nl/producten/product/wi389544,2026-08-09,Raak Vruchtensiroop frambozen zero sugar,soft drinks-juices-water
171607,767898,Coca-Cola Zero sugar zero caffeïne,Coca-Cola,frisdrank-sappen-water,"Frisdrank, sappen, water",Cola caffeïnevrij,2.49,2.49,,,,,"1,5 l",prijs per liter €1.66,False,,,,,C,True,AH,https://www.ah.nl/producten/product/wi171607,2026-08-09,Coca-Cola Zero sugar zero caffeine,soft drinks-juices-water
161329,628964,Fanta Orange zero sugar,Fanta,frisdrank-sappen-water,"Frisdrank, sappen, water",Sinas,2.59,2.59,,,,,"1,5 l",prijs per liter €1.73,False,,,,,C,True,AH,https://www.ah.nl/producten/product/wi161329,2026-08-09,Fanta Orange zero sugar,soft drinks-juices-water
616769,0,Fanta Orange Zero Sugar 4-pack,Fanta,frisdrank-sappen-water,"Frisdrank, sappen, water",Sinas,9.32,10.36,10.0,10% volume voordeel,,,4 stuks,,True,AHOO,10% volume voordeel,2026-08-09,2999-12-31,,True,AH,https://www.ah.nl/producten/product/wi616769,2026-08-09,Fanta Orange Zero Sugar 4-pack,soft drinks-juices-water
614484,0,Royal Club Tonic classic 0% suiker 10-pack,Royal Club,frisdrank-sappen-water,"Frisdrank, sappen, water",Tonic,19.92,24.9,20.0,20% volume voordeel,,,10 stuks,,True,AHOO,20% volume voordeel,2026-08-09,2999-12-31,,True,AH,https://www.ah.nl/producten/product/wi614484,2026-08-09,Royal Club Tonic classic 0% sugar 10-pack,soft drinks-juices-water
614479,0,Royal Club Tonic classic 0% suiker 6-pack,Royal Club,frisdrank-sappen-water,"Frisdrank, sappen, water",Tonic,12.7,14.94,15.0,15% volume voordeel,,,6 stuks,,True,AHOO,15% volume voordeel,2026-08-09,2999-12-31,,True,AH,https://www.ah.nl/producten/product/wi614479,2026-08-09,Royal Club Tonic classic 0% suiker 6-pack,soft drinks-juices-water
614403,0,Raak Vruchtensiroop frambozen zs 3-pack,Raak,frisdrank-sappen-water,"Frisdrank, sappen, water",Limonadesiroop (suikerbewust en suikervrij),7.8,8.67,10.0,10% volume voordeel,,,3 stuks,,True,AHOO,10% volume voordeel,2026-08-09,2999-12-31,,True,AH,https://www.ah.nl/producten/product/wi614403,2026-08-09,Raak Vruchtensiroop frambozen zs 3-pack,soft drinks-juices-water
614404,0,Raak Vruchtensiroop frambozen zs 4-pack,Raak,frisdrank-sappen-water,"Frisdrank, sappen, water",Limonadesiroop (suikerbewust en suikervrij),9.83,11.56,15.0,15% volume voordeel,,,4 stuks,,True,AHOO,15% volume voordeel,2026-08-09,2999-12-31,,True,AH,https://www.ah.nl/producten/product/wi614404,2026-08-09,Raak Fruit syrup raspberries zs 4-pack,soft drinks-juices-water
511929,745620,Fanta Orange zero sugar,Fanta,frisdrank-sappen-water,"Frisdrank, sappen, water",Sinas,2.09,2.09,,1 + 1 GRATIS,,1.0,1 l,normale prijs per liter €2.09,True,AH,1 + 1 GRATIS,2026-08-03,2026-08-09,C,True,AH,https://www.ah.nl/producten/product/wi511929,2026-08-09,Fanta Orange zero sugar,soft drinks-juices-water
202453,788567,Spa Intense rood bruisend mineraalwater,Spa,frisdrank-sappen-water,"Frisdrank, sappen, water",Koolzuurhoudend water,1.15,1.15,,,,,1 l,prijs per liter €1.15,False,,,,,A,True,AH,https://www.ah.nl/producten/product/wi202453,2026-08-09,Spa Intense rood bruisend mineraalwater,soft drinks-juices-water
211783,779455,Lipton Ice tea sparkling zero sugar,Lipton,frisdrank-sappen-water,"Frisdrank, sappen, water",Ice tea zero,3.69,3.69,,,,,"1,5 l",prijs per liter €2.46,False,,,,,C,True,AH,https://www.ah.nl/producten/product/wi211783,2026-08-09,Lipton Ice tea sparkling zero sugar,soft drinks-juices-water
604612,0,Lipton Ice tea sparkling zero sugar 2-pack,Lipton,frisdrank-sappen-water,"Frisdrank, sappen, water",Ice tea zero,6.64,7.38,10.0,10% volume voordeel,,,2 stuks,,True,AHOO,10% volume voordeel,2026-08-09,2999-12-31,,True,AH,https://www.ah.nl/producten/product/wi604612,2026-08-09,Lipton Ice tea sparkling zero sugar 2-pack,soft drinks-juices-water
523334,7210,AH Ice tea green mango zero zonder koolzuur,AH,frisdrank-sappen-water,"Frisdrank, sappen, water",Ice tea zero,1.25,1.25,,,,,"1,5 l",prijs per liter €0.83,False,,,,,C,True,AH,https://www.ah.nl/producten/product/wi523334,2026-08-09,AH Ice tea green mango zero zonder koolzuur,soft drinks-juices-water
550293,670921,Bar-le-Duc Mineraalwater bruisend,Bar-le-Duc,frisdrank-sappen-water,"Frisdrank, sappen, water",Koolzuurhoudend water,0.79,0.79,,,,,1 l,prijs per liter €0.79,False,,,,,A,True,AH,https://www.ah.nl/producten/product/wi550293,2026-08-09,Bar-le-Duc Mineral water sparkling,soft drinks-juices-water
553872,86225,Sprite Zero sugar lemon-lime,Sprite,frisdrank-sappen-water,"Frisdrank, sappen, water",Lemon en lime,2.29,2.29,,1 + 1 GRATIS,,1.0,1 l,normale prijs per liter €2.29,True,AH,1 + 1 GRATIS,2026-08-03,2026-08-09,C,True,AH,https://www.ah.nl/producten/product/wi553872,2026-08-09,Sprite Zero sugar lemon-lime,soft drinks-juices-water
616770,0,Fanta Orange zero sugar 5-pack,Fanta,frisdrank-sappen-water,"Frisdrank, sappen, water",Sinas,6.27,10.45,40.0,pakketkorting,,,5 stuks,,True,AHOO,,2026-08-09,2026-08-09,,True,AH,https://www.ah.nl/producten/product/wi616770,2026-08-09,Fanta Orange zero sugar 5-pack,soft drinks-juices-water
616768,0,Fanta Orange zero sugar 10-pack,Fanta,frisdrank-sappen-water,"Frisdrank, sappen, water",Sinas,10.45,20.9,50.0,pakketkorting,,,10 stuks,,True,AHOO,,2026-08-09,2026-08-09,,True,AH,https://www.ah.nl/producten/product/wi616768,2026-08-09,Fanta Orange zero sugar 10-pack,soft drinks-juices-water
518942,883308,Coca-Cola Zero sugar zero caffeïne,Coca-Cola,frisdrank-sappen-water,"Frisdrank, sappen, water",Cola caffeïnevrij,2.29,2.29,,1 + 1 GRATIS,,1.0,1 l,normale prijs per liter €2.29,True,AH,1 + 1 GRATIS,2026-08-03,2026-08-09,C,True,AH,https://www.ah.nl/producten/product/wi518942,2026-08-09,Coca-Cola Zero sugar zero caffeine,soft drinks-juices-water
616838,0,Sprite Zero sugar lemon-lime 10-pack,Sprite,frisdrank-sappen-water,"Frisdrank, sappen, water",Lemon en lime,11.45,22.9,50.0,pakketkorting,,,10 stuks,,True,AHOO,,2026-08-09,2026-08-09,,True,AH,https://www.ah.nl/producten/product/wi616838,2026-08-09,Sprite Zero sugar lemon-lime 10-pack,soft drinks-juices-water
616841,0,Sprite Zero sugar lemon-lime 5pack,Sprite,frisdrank-sappen-water,"Frisdrank, sappen, water",Lemon en lime,6.87,11.45,40.0,pakketkorting,,,5 stuks,,True,AHOO,,2026-08-09,2026-08-09,,True,AH,https://www.ah.nl/producten/product/wi616841,2026-08-09,Sprite Zero sugar lemon-lime 5pack,soft drinks-juices-water
554753,86317,Fanta Orange zero sugar 8-pack,Fanta,frisdrank-sappen-water,"Frisdrank, sappen, water",Sinas,5.29,5.29,,,,,"8 x 0,25 l",prijs per liter €2.65,False,,,,,C,True,AH,https://www.ah.nl/producten/product/wi554753,2026-08-09,Fanta Orange zero sugar 8-pack,soft drinks-juices-water
137779,607448,AH Mineraalwater licht bruisend,AH,frisdrank-sappen-water,"Frisdrank, sappen, water",Koolzuurhoudend water,0.65,0.65,,,,,"1,5 l",prijs per liter €0.43,False,,,,,,True,AH,https://www.ah.nl/producten/product/wi137779,2026-08-09,AH Mineraalwater licht bruisend,soft drinks-juices-water
553873,69118,Sprite Zero sugar lemon-lime,Sprite,frisdrank-sappen-water,"Frisdrank, sappen, water",Lemon en lime,2.59,2.59,,,,,"1,5 l",prijs per liter €1.73,False,,,,,C,True,AH,https://www.ah.nl/producten/product/wi553873,2026-08-09,Sprite Zero sugar lemon-lime,soft drinks-juices-water
616842,0,Sprite Zero sugar lemon-lime 5-pack,Sprite,frisdrank-sappen-water,"Frisdrank, sappen, water",Lemon en lime,11.01,12.95,15.0,15% volume voordeel,,,5 stuks,,True,AHOO,15% volume voordeel,2026-08-09,2999-12-31,,True,AH,https://www.ah.nl/producten/product/wi616842,2026-08-09,Sprite Zero sugar lemon-lime 5-pack,soft drinks-juices-water
2803,593446,Fanta Orange,Fanta,frisdrank-sappen-water,"Frisdrank, sappen, water",Sinas,2.59,2.59,,,,,"1,5 l",prijs per liter €1.73,False,,,,,D,True,AH,https://www.ah.nl/producten/product/wi2803,2026-08-09,Fanta Orange,soft drinks-juices-water
553278,0,"Fanta Orange 1,5L 4-pack",Fanta,frisdrank-sappen-water,"Frisdrank, sappen, water",Sinas,9.32,10.36,10.0,10% volume voordeel,,,4x1.5 l,,True,AHOO,10% volume voordeel,2026-08-09,2999-12-31,,True,AH,https://www.ah.nl/producten/product/wi553278,2026-08-09,Fanta Orange 1.5L 4-pack,soft drinks-juices-water
137776,607445,AH Mineraalwater koolzuurvrij 6-pack,AH,frisdrank-sappen-water,"Frisdrank, sappen, water",Koolzuurvrij water,3.89,3.89,,,,,"6 x 1,5 l",prijs per liter €0.43,False,,,,,,True,AH,https://www.ah.nl/producten/product/wi137776,2026-08-09,AH Mineraalwater koolzuurvrij 6-pack,soft drinks-juices-water
369371,834972,Raak Vruchtensiroop multivruchten zero sugar,Raak,frisdrank-sappen-water,"Frisdrank, sappen, water",Limonadesiroop (suikerbewust en suikervrij),3.19,3.19,,,,,"0,75 l",prijs per liter €4.25,False,,,,,C,True,AH,https://www.ah.nl/producten/product/wi369371,2026-08-09,Raak Vruchtensiroop multivruchten zero sugar,soft drinks-juices-water
616771,0,Fanta Orange zero sugar 24-pack,Fanta,frisdrank-sappen-water,"Frisdrank, sappen, water",Sinas,15.08,15.87,5.0,5% volume voordeel,,,3 stuks,,True,AHOO,5% volume voordeel,2026-08-09,2999-12-31,,True,AH,https://www.ah.nl/producten/product/wi616771,2026-08-09,Fanta Orange zero sugar 24 pack,soft drinks-juices-water
550295,68877,Bar-le-Duc Natuurlijk mineraal water 6-pack,Bar-le-Duc,frisdrank-sappen-water,"Frisdrank, sappen, water",Koolzuurvrij water,6.49,6.49,,,,,6 x 2 l,prijs per liter €0.54,False,,,,,A,True,AH,https://www.ah.nl/producten/product/wi550295,2026-08-09,Bar-le-Duc Natuurlijk mineraal water 6-pack,soft drinks-juices-water
616743,0,Coca-Cola Zero sugar zero caffeïne 10-pack,Coca-Cola,frisdrank-sappen-water,"Frisdrank, sappen, water",Cola caffeïnevrij,11.45,22.9,50.0,pakketkorting,,,10 stuks,,True,AHOO,,2026-08-09,2026-08-09,,True,AH,https://www.ah.nl/producten/product/wi616743,2026-08-09,Coca-Cola Zero sugar zero caffeïne 10-pack,soft drinks-juices-water
616744,0,Coca-Cola Zero sugar zero caffeïne 5-pack,Coca-Cola,frisdrank-sappen-water,"Frisdrank, sappen, water",Cola caffeïnevrij,6.87,11.45,40.0,pakketkorting,,,5 stuks,,True,AHOO,,2026-08-09,2026-08-09,,True,AH,https://www.ah.nl/producten/product/wi616744,2026-08-09,Coca-Cola Zero sugar zero caffeïne 5-pack,soft drinks-juices-water
457839,621424,Royal Club Ginger ale 0% suiker,Royal Club,frisdrank-sappen-water,"Frisdrank, sappen, water","Ginger ale, ginger beer",2.39,2.39,,,,,1 l,prijs per liter €2.39,False,,,,,C,True,AH,https://www.ah.nl/producten/product/wi457839,2026-08-09,Royal Club Ginger ale 0% suiker,soft drinks-juices-water
436053,700496,Spa Touch of lemon,Spa,frisdrank-sappen-water,"Frisdrank, sappen, water",Water met smaak,1.79,1.79,,,,,1 l,prijs per liter €1.79,False,,,,,B,True,AH,https://www.ah.nl/producten/product/wi436053,2026-08-09,Spa Touch of lemon,soft drinks-juices-water
597114,0,Royal Club Ginger ale 0% suiker 4-pack,Royal Club,frisdrank-sappen-water,"Frisdrank, sappen, water","Ginger ale, ginger beer",8.6,9.56,10.0,10% volume voordeel,,,4 stuks,,True,AHOO,10% volume voordeel,2026-08-09,2999-12-31,,True,AH,https://www.ah.nl/producten/product/wi597114,2026-08-09,Royal Club Ginger ale 0% suiker 4-pack,soft drinks-juices-water
603316,0,Raak Vruchtensiroop multivruchten zero 3-pack,Raak,frisdrank-sappen-water,"Frisdrank, sappen, water",Limonadesiroop (suikerbewust en suikervrij),8.61,9.57,10.0,10% volume voordeel,,,3 stuks,,True,AHOO,10% volume voordeel,2026-08-09,2999-12-31,,True,AH,https://www.ah.nl/producten/product/wi603316,2026-08-09,Raak Vruchtensiroop multivruchten zero 3-pack,soft drinks-juices-water
389513,846376,Raak Vruchtensiroop aardbeien zero sugar,Raak,frisdrank-sappen-water,"Frisdrank, sappen, water",Limonadesiroop (suikerbewust en suikervrij),2.95,2.95,,,,,"0,75 l",prijs per liter €3.93,False,,,,,C,True,AH,https://www.ah.nl/producten/product/wi389513,2026-08-09,Touch Fruit syrup strawberries zero sugar,soft drinks-juices-water
616772,0,Fanta Orange zero sugar 40-pack,Fanta,frisdrank-sappen-water,"Frisdrank, sappen, water",Sinas,23.8,26.45,10.0,10% volume voordeel,,,5 stuks,,True,AHOO,10% volume voordeel,2026-08-09,2999-12-31,,True,AH,https://www.ah.nl/producten/product/wi616772,2026-08-09,Fanta Orange zero sugar 40-pack,soft drinks-juices-water
611838,0,Spa Touch of lemon 4-pack,Spa,frisdrank-sappen-water,"Frisdrank, sappen, water",Water met smaak,6.44,7.16,10.0,10% volume voordeel,,,4 stuks,,True,AHOO,10% volume voordeel,2026-08-09,2999-12-31,,True,AH,https://www.ah.nl/producten/product/wi611838,2026-08-09,Spa Touch of lemon 4-pack,soft drinks-juices-water
485577,740436,DubbelFrisss 1Kcal Appel & perzik,DubbelFrisss,frisdrank-sappen-water,"Frisdrank, sappen, water",Frisse fruitdranken,2.75,2.75,,,,,"1,5 l",prijs per liter €1.83,False,,,,,C,True,AH,https://www.ah.nl/producten/product/wi485577,2026-08-09,DubbelFrisss 1Kcal Appel & perzik,soft drinks-juices-water
531001,614157,Karvan Cévitam Original aardbei siroop,Karvan Cévitam,frisdrank-sappen-water,"Frisdrank, sappen, water",Limonadesiroop,4.19,4.19,,,,,"0,6 l",prijs per liter €6.98,False,,,,,E,True,AH,https://www.ah.nl/producten/product/wi531001,2026-08-09,Karvan Cévitam Original strawberry syrup,soft drinks-juices-water
398597,848514,S. Pellegrino Natuurlijk mineraalwater,S. Pellegrino,frisdrank-sappen-water,"Frisdrank, sappen, water",Koolzuurhoudend water,1.35,1.35,,,,,1 l,prijs per liter €1.35,False,,,,,A,True,AH,https://www.ah.nl/producten/product/wi398597,2026-08-09,S. Pellegrino Natural mineral water,soft drinks-juices-water
171022,632640,Taksi Tropisch fruit geen suiker toegevoegd,Taksi,frisdrank-sappen-water,"Frisdrank, sappen, water",Frisse fruitdranken,1.85,1.85,,VOOR 0.99,0.99,,"1,5 l",normale prijs per liter €1.23,True,AH,VOOR 0.99,2026-08-03,2026-08-09,D,True,AH,https://www.ah.nl/producten/product/wi171022,2026-08-09,Taksi Tropisch fruit geen suiker toegevoegd,soft drinks-juices-water
594418,0,Taksi GST Tropisch Fruit 3-pack,Taksi,frisdrank-sappen-water,"Frisdrank, sappen, water",Frisse fruitdranken,2.97,5.55,46.5,pakketkorting,,,3 stuks,,True,AHOO,,2026-08-09,2026-08-09,,True,AH,https://www.ah.nl/producten/product/wi594418,2026-08-09,Taksi GST Tropical Fruit 3-pack,soft drinks-juices-water
614405,0,Raak Vruchtensiroop multivruchten zs 4-pack,Raak,frisdrank-sappen-water,"Frisdrank, sappen, water",Limonadesiroop (suikerbewust en suikervrij),10.85,12.76,15.0,15% volume voordeel,,,4 stuks,,True,AHOO,15% volume voordeel,2026-08-09,2999-12-31,,True,AH,https://www.ah.nl/producten/product/wi614405,2026-08-09,Raak Vruchtensiroop multivruchten zs 4-pack,soft drinks-juices-water
614516,0,Royal Club Ginger ale 0% suiker 10-pack,Royal Club,frisdrank-sappen-water,"Frisdrank, sappen, water","Ginger ale, ginger beer",19.12,23.9,20.0,20% volume voordeel,,,10 stuks,,True,AHOO,20% volume voordeel,2026-08-09,2999-12-31,,True,AH,https://www.ah.nl/producten/product/wi614516,2026-08-09,Royal Club Ginger ale 0% suiker 10-pack,soft drinks-juices-water
63923,607074,AH Cola light,AH,frisdrank-sappen-water,"Frisdrank, sappen, water","Cola zero, suikervrij, light",0.95,0.95,,,,,"1,5 l",prijs per liter €0.63,False,,,,,C,True,AH,https://www.ah.nl/producten/product/wi63923,2026-08-09,AH Diet Coke,soft drinks-juices-water
614517,0,Royal Club Ginger ale 0% suiker 6-pack,Royal Club,frisdrank-sappen-water,"Frisdrank, sappen, water","Ginger ale, ginger beer",12.19,14.34,15.0,15% volume voordeel,,,6 stuks,,True,AHOO,15% volume voordeel,2026-08-09,2999-12-31,,True,AH,https://www.ah.nl/producten/product/wi614517,2026-08-09,Royal Club Ginger ale 0% sugar 6-pack,soft drinks-juices-water
137775,607444,AH Mineraalwater koolzuurvrij,AH,frisdrank-sappen-water,"Frisdrank, sappen, water",Koolzuurvrij water,0.65,0.65,,,,,"1,5 l",prijs per liter €0.43,False,,,,,,True,AH,https://www.ah.nl/producten/product/wi137775,2026-08-09,AH Mineraalwater koolzuurvrij,soft drinks-juices-water
603314,0,Raak Vruchtensiroop aardbeien zero 3-pack,Raak,frisdrank-sappen-water,"Frisdrank, sappen, water",Limonadesiroop (suikerbewust en suikervrij),7.96,8.85,10.0,10% volume voordeel,,,3 stuks,,True,AHOO,10% volume voordeel,2026-08-09,2999-12-31,,True,AH,https://www.ah.nl/producten/product/wi603314,2026-08-09,Raak Vruchtensiroop aardbeien zero 3-pack,soft drinks-juices-water
130862,593390,Fanta Orange,Fanta,frisdrank-sappen-water,"Frisdrank, sappen, water",Sinas,2.09,2.09,,1 + 1 GRATIS,,1.0,1 l,normale prijs per liter €2.09,True,AH,1 + 1 GRATIS,2026-08-03,2026-08-09,D,True,AH,https://www.ah.nl/producten/product/wi130862,2026-08-09,Fanta Orange,soft drinks-juices-water
612348,0,Karvan Cévitam Original aardbei siroop 3-pack,Karvan Cévitam,frisdrank-sappen-water,"Frisdrank, sappen, water",Limonadesiroop,11.94,12.57,5.0,5% volume voordeel,,,3 stuks,,True,AHOO,5% volume voordeel,2026-08-09,2999-12-31,,True,AH,https://www.ah.nl/producten/product/wi612348,2026-08-09,Karvan Cévitam Original strawberry syrup 3-pack,soft drinks-juices-water
614401,0,Raak Vruchtensiroop aardbeien zs 4-pack,Raak,frisdrank-sappen-water,"Frisdrank, sappen, water",Limonadesiroop (suikerbewust en suikervrij),10.03,11.8,15.0,15% volume voordeel,,,4 stuks,,True,AHOO,15% volume voordeel,2026-08-09,2999-12-31,,True,AH,https://www.ah.nl/producten/product/wi614401,2026-08-09,Raak Vruchtensiroop aardbeien zs 4-pack,soft drinks-juices-water
569883,8626,CoolBest Fruit drink mango,CoolBest,frisdrank-sappen-water,"Fruit, verse sappen",Multivruchtensap (vers),2.29,2.29,,,,,1 l,prijs per liter €2.29,False,,,,,D,True,AH,https://www.ah.nl/producten/product/wi569883,2026-08-09,CoolBest Fruit drink mango,soft drinks-juices-water
137778,607447,AH Mineraalwater koolzuurhoudend,AH,frisdrank-sappen-water,"Frisdrank, sappen, water",Koolzuurhoudend water,3.89,3.89,,,,,"6 x 1,5 l",prijs per liter €0.43,False,,,,,,True,AH,https://www.ah.nl/producten/product/wi137778,2026-08-09,AH Mineral water carbonated,soft drinks-juices-water
612135,0,CoolBest Fruit drink mango 3-pack,CoolBest,frisdrank-sappen-water,"Fruit, verse sappen",Multivruchtensap (vers),6.18,6.87,10.0,10% volume voordeel,,,3 stuks,,True,AHOO,10% volume voordeel,2026-08-09,2999-12-31,,True,AH,https://www.ah.nl/producten/product/wi612135,2026-08-09,CoolBest Fruit drink mango 3-pack,soft drinks-juices-water
451111,572214,Liefmans On the rocks 4-pack,Liefmans,bier-wijn-aperitieven,"Bier, wijn, aperitieven","Rosé bier, fruitbier",5.84,7.79,25.0,25% korting,,,"4 x 0,25 l",normale prijs per liter €7.79,True,AH,25% korting,2026-08-03,2026-08-09,,True,AH,https://www.ah.nl/producten/product/wi451111,2026-08-09,Liefmans On the rocks 4-pack,beer-wine aperitifs
166755,771875,Liefmans On the rocks,Liefmans,bier-wijn-aperitieven,"Bier, wijn, aperitieven","Rosé bier, fruitbier",1.3,1.73,25.0,25% korting,,,250 ml,normale prijs per liter €6.92,True,AH,25% KORTING,2026-08-03,2026-08-09,,True,AH,https://www.ah.nl/producten/product/wi166755,2026-08-09,Liefmans On the rocks,beer-wine aperitifs
222563,816815,Amstel Radler citroen 0.0 6-pack,Amstel,bier-wijn-aperitieven,"Bier, wijn, aperitieven","Alcoholvrij wit, weizen, radler",6.49,6.49,,1 + 1 GRATIS,,1.0,"6 x 0,33 l",normale prijs per liter €3.28,True,AH,1 + 1 GRATIS,2026-08-03,2026-08-09,C,True,AH,https://www.ah.nl/producten/product/wi222563,2026-08-09,Amstel Radler lemon 0.0 6-pack,beer-wine aperitifs
600733,0,Amstel Amstel Radler citroen 0.0 6-pack 8-pack,Amstel,bier-wijn-aperitieven,"Bier, wijn, aperitieven","Alcoholvrij wit, weizen, radler",25.96,51.92,50.0,pakketkorting,,,8 stuks,,True,AHOO,,2026-08-09,2026-08-09,,True,AH,https://www.ah.nl/producten/product/wi600733,2026-08-09,Amstel Amstel Radler citroen 0.0 6-pack 8-pack,beer-wine aperitifs
222510,816813,Amstel Radler citroen 0.0% 6-pack,Amstel,bier-wijn-aperitieven,"Bier, wijn, aperitieven","Alcoholvrij wit, weizen, radler",5.99,5.99,,1 + 1 GRATIS,,1.0,"6 x 0,3 l",normale prijs per liter €3.33,True,AH,1 + 1 GRATIS,2026-08-03,2026-08-09,C,True,AH,https://www.ah.nl/producten/product/wi222510,2026-08-09,Amstel Radler citroen 0.0% 6-pack,beer-wine aperitifs
500334,816029,Duvel 666 4-pack,Duvel,bier-wijn-aperitieven,"Bier, wijn, aperitieven",Blond bier,6.37,8.49,25.0,25% korting,,," 4 x 0,33 l",normale prijs per liter €6.43,True,AH,25% korting,2026-08-03,2026-08-09,,True,AH,https://www.ah.nl/producten/product/wi500334,2026-08-09,Duvel 666 4-pack,beer-wine aperitifs
606634,0,Amstel Radler citroen 0.0%12-pack,Amstel,bier-wijn-aperitieven,"Bier, wijn, aperitieven","Alcoholvrij wit, weizen, radler",5.99,11.98,50.0,pakketkorting,,,2 stuks,,True,AHOO,,2026-08-09,2026-08-09,,True,AH,https://www.ah.nl/producten/product/wi606634,2026-08-09,Amstel Radler lemon 0.0%12-pack,beer-wine aperitifs
238802,828378,Grolsch Radler citroen alcoholvrij 0.0 6-pack,Grolsch,bier-wijn-aperitieven,"Bier, wijn, aperitieven","Alcoholvrij wit, weizen, radler",5.29,5.29,,1 + 1 gratis,,1.0,"6 x 0,3 l",normale prijs per liter €2.94,True,AH,1 + 1 gratis,2026-08-10,2026-08-16,C,True,AH,https://www.ah.nl/producten/product/wi238802,2026-08-09,Grolsch Radler lemon alcohol-free 0.0 6-pack,beer-wine aperitifs
611328,0,Grolsch Radler citroen alcoholvrij 0.0 18-pack,Grolsch,bier-wijn-aperitieven,"Bier, wijn, aperitieven","Alcoholvrij wit, weizen, radler",14.28,15.87,10.0,10% volume voordeel,,,3 stuks,,True,AHOO,10% volume voordeel,2026-08-09,2026-08-09,,True,AH,https://www.ah.nl/producten/product/wi611328,2026-08-09,Grolsch Radler citroen alcoholvrij 0.0 18-pack,beer-wine aperitifs
611329,0,Grolsch Radler citroen alcoholvrij 0.0 30-pack,Grolsch,bier-wijn-aperitieven,"Bier, wijn, aperitieven","Alcoholvrij wit, weizen, radler",22.48,26.45,15.0,15% volume voordeel,,,5 stuks,,True,AHOO,15% volume voordeel,2026-08-09,2026-08-09,,True,AH,https://www.ah.nl/producten/product/wi611329,2026-08-09,Grolsch Radler lemon alcohol-free 0.0 30-pack,beer-wine aperitifs
228280,820730,Saint Louis De provence rosé,Saint Louis,bier-wijn-aperitieven,"Bier, wijn, aperitieven",Droge rosé,6.99,6.99,,,,,"0,75 l",prijs per liter €9.32,False,,,,,,True,AH,https://www.ah.nl/producten/product/wi228280,2026-08-09,Saint Louis De Provence rosé,beer-wine aperitifs
584742,0,Saint Louis De provence rose 6 flessen,Saint Louis,bier-wijn-aperitieven,"Bier, wijn, aperitieven",Droge rosé,37.75,41.94,10.0,10% volume voordeel,,,6 stuks,,True,AHOO,10% volume voordeel,2026-08-09,2999-12-31,,True,AH,https://www.ah.nl/producten/product/wi584742,2026-08-09,Saint Louis De Provence rose 6 bottles,beer-wine aperitifs
566588,4706,Vandestreek Playground non alcoholic IPA,Vandestreek,bier-wijn-aperitieven,"Bier, wijn, aperitieven",Alcoholvrij IPA,2.19,2.19,,,,,330 ml,prijs per liter €6.64,False,,,,,C,True,AH,https://www.ah.nl/producten/product/wi566588,2026-08-09,Vandestreek Playground non-alcoholic IPA,beer-wine aperitifs
615888,0,Saint Louis Saint Louis Provence Rosé 4 flessen,Saint Louis,bier-wijn-aperitieven,"Bier, wijn, aperitieven",Droge rosé,26.56,27.96,5.0,5% volume voordeel,,,4 stuks,,True,AHOO,5% volume voordeel,2026-08-09,2999-12-31,,True,AH,https://www.ah.nl/producten/product/wi615888,2026-08-09,Saint Louis Saint Louis Provence Rosé 4 flessen,beer-wine aperitifs
516627,46619,Corona Cero 0.0 alcoholvrij bier 6-pack,Corona,bier-wijn-aperitieven,"Bier, wijn, aperitieven","Alcoholvrij wit, weizen, radler",7.12,9.49,25.0,25% korting,,,"6 x 0,33 l",normale prijs per liter €4.79,True,AH,25% korting,2026-08-10,2026-08-16,C,True,AH,https://www.ah.nl/producten/product/wi516627,2026-08-09,Corona Cero 0.0 alcohol-free beer 6-pack,beer-wine aperitifs
610142,0,Corona Cero 0.0 alcoholvrij bier 18-pack,Corona,bier-wijn-aperitieven,"Bier, wijn, aperitieven","Alcoholvrij wit, weizen, radler",24.2,28.47,15.0,15% volume voordeel,,,3 stuks,,True,AHOO,15% volume voordeel,2026-08-09,2026-08-09,,True,AH,https://www.ah.nl/producten/product/wi610142,2026-08-09,Corona Cero 0.0 alcoholvrij bier 18-pack,beer-wine aperitifs
611748,0,Corona Cero 0.0 alcoholvrij bier 30-pack,Corona,bier-wijn-aperitieven,"Bier, wijn, aperitieven","Alcoholvrij wit, weizen, radler",37.96,47.45,20.0,20% volume voordeel,,,5 stuks,,True,AHOO,20% volume voordeel,2026-08-09,2026-08-09,,True,AH,https://www.ah.nl/producten/product/wi611748,2026-08-09,Corona Cero 0.0 alcoholvrij bier 30-pack,beer-wine aperitifs
396207,847557,Settesoli Pinot grigio blush rosé,Settesoli,bier-wijn-aperitieven,"Bier, wijn, aperitieven",Droge rosé,4.49,5.99,25.0,€1.50 euro korting,,,"0,75 l",normale prijs per liter €7.99,True,AH,1.50 EURO KORTING,2026-08-03,2026-08-09,,True,AH,https://www.ah.nl/producten/product/wi396207,2026-08-09,Settesoli Pinot grigio blush rosé,beer-wine aperitifs
586377,0,Settesoli Pinot grigio blush rosé 6 flessen,Settesoli,bier-wijn-aperitieven,"Bier, wijn, aperitieven",Droge rosé,26.94,35.94,25.0,pakketkorting,,,6 stuks,,True,AHOO,,2026-08-09,2026-08-09,,True,AH,https://www.ah.nl/producten/product/wi586377,2026-08-09,Settesoli Pinot grigio blush rosé 6 bottles,beer-wine aperitifs
482639,737544,Grange de Malivet Chardonnay wooded,Grange de Malivet,bier-wijn-aperitieven,"Bier, wijn, aperitieven",Chardonnay (Vol en droog),6.65,6.65,,,,,"0,75 l",prijs per liter €8.87,False,,,,,,True,AH,https://www.ah.nl/producten/product/wi482639,2026-08-09,Grange de Malivet Chardonnay wooded,beer-wine aperitifs
163546,626435,Settesoli Pinot grigio,Settesoli,bier-wijn-aperitieven,"Bier, wijn, aperitieven",Pinot Grigio (Fris en droog),4.49,5.99,25.0,€1.50 euro korting,,,"0,75 l",normale prijs per liter €7.99,True,AH,1.50 EURO KORTING,2026-08-03,2026-08-09,,True,AH,https://www.ah.nl/producten/product/wi163546,2026-08-09,Settesoli Pinot grigio,beer-wine aperitifs
586717,0,Grange de Malivet Chardonnay wooded 6 flessen,Grange de Malivet,bier-wijn-aperitieven,"Bier, wijn, aperitieven",Chardonnay (Fris en droog),35.91,39.9,10.0,10% volume voordeel,,,6 stuks,,True,AHOO,10% volume voordeel,2026-08-09,2999-12-31,,True,AH,https://www.ah.nl/producten/product/wi586717,2026-08-09,Grange de Malivet Chardonnay wooded 6 bottles,beer-wine aperitifs
571813,14095,Texels Skuumkoppe 0.0 speciaalbier 6-pack,Texels,bier-wijn-aperitieven,"Bier, wijn, aperitieven","Alcoholvrij wit, weizen, radler",7.04,9.39,25.0,25% korting,,,"6 x 0,3 l",normale prijs per liter €5.22,True,AH,25% korting,2026-08-10,2026-08-16,C,True,AH,https://www.ah.nl/producten/product/wi571813,2026-08-09,Texels Skuumkoppe 0.0 speciaalbier 6-pack,beer-wine aperitifs
435814,700320,AH Excellent Selectie prosecco,AH Excellent,bier-wijn-aperitieven,"Bier, wijn, aperitieven",Prosecco droog,7.99,7.99,,,,,"0,75 l",prijs per liter €10.65,False,,,,,,True,AH,https://www.ah.nl/producten/product/wi435814,2026-08-09,AH Excellent Selectie prosecco,beer-wine aperitifs
616349,0,Settesoli Settesoli PG Blush Rosé 4 flessen,Settesoli,bier-wijn-aperitieven,"Bier, wijn, aperitieven",Droge rosé,17.96,23.96,25.0,pakketkorting,,,4 stuks,,True,AHOO,,2026-08-09,2026-08-09,,True,AH,https://www.ah.nl/producten/product/wi616349,2026-08-09,Settesoli Settesoli PG Blush Rosé 4 flessen,beer-wine aperitifs
615768,0,Texels Skuumkoppe 0.0 speciaalbier 12-pack,Texels,bier-wijn-aperitieven,"Bier, wijn, aperitieven","Alcoholvrij wit, weizen, radler",17.84,18.78,5.0,5% volume voordeel,,,2 stuks,,True,AHOO,5% volume voordeel,2026-08-09,2026-08-09,,True,AH,https://www.ah.nl/producten/product/wi615768,2026-08-09,Texels Skuumkoppe 0.0 specialty beer 12-pack,beer-wine aperitifs
594988,0,Texels Skuumkoppe 0.0 speciaalbier 12-pack,Texels,bier-wijn-aperitieven,"Bier, wijn, aperitieven","Alcoholvrij wit, weizen, radler",17.84,18.78,5.0,5% volume voordeel,,,2 stuks,,True,AHOO,5% volume voordeel,2026-08-09,2026-08-09,,True,AH,https://www.ah.nl/producten/product/wi594988,2026-08-09,Texels Skuumkoppe 0.0 specialty beer 12-pack,beer-wine aperitifs
584728,0,Settesoli Pinot grigio 6 flessen,Settesoli,bier-wijn-aperitieven,"Bier, wijn, aperitieven",Pinot Grigio (Fris en droog),26.94,35.94,25.0,pakketkorting,,,6 stuks,,True,AHOO,,2026-08-09,2026-08-09,,True,AH,https://www.ah.nl/producten/product/wi584728,2026-08-09,Settesoli Pinot grigio 6 bottles,beer-wine aperitifs
96577,543391,Hertog Jan Pilsener bier 6-pack,Hertog Jan,bier-wijn-aperitieven,"Bier, wijn, aperitieven",Pils blik,5.49,7.32,25.0,25% korting,,,6 x 33 cl,normale prijs per liter €3.70,True,AH,25% korting,2026-08-03,2026-08-09,,True,AH,https://www.ah.nl/producten/product/wi96577,2026-08-09,Hertog Jan Pilsener beer 6-pack,beer-wine aperitifs
460649,675079,Leffe Blond 0.0% 6-pack,Leffe,bier-wijn-aperitieven,"Bier, wijn, aperitieven","Alcoholvrij blond, dubbel, tripel",4.99,6.65,25.0,25% korting,,,6 x 0.30 l,normale prijs per liter €3.69,True,AH,25% korting,2026-08-03,2026-08-09,C,True,AH,https://www.ah.nl/producten/product/wi460649,2026-08-09,Leffe Blond 0.0% 6-pack,beer-wine aperitifs
471354,723681,Hertog Jan 0.0 Alcoholvrij bier 6-pack,Hertog Jan,bier-wijn-aperitieven,"Bier, wijn, aperitieven",Alcoholvrij pils,4.99,4.99,,1 + 1 GRATIS,,1.0,"6 x 0,3 l",normale prijs per liter €2.77,True,AH,1 + 1 GRATIS,2026-08-03,2026-08-09,B,True,AH,https://www.ah.nl/producten/product/wi471354,2026-08-09,Hertog Jan 0.0 Alcoholvrij bier 6-pack,beer-wine aperitifs
610152,0,Leffe Blond 0.0% 12-pack,Leffe,bier-wijn-aperitieven,"Bier, wijn, aperitieven","Alcoholvrij blond, dubbel, tripel",9.97,13.3,25.0,pakketkorting,,,2 stuks,,True,AHOO,,2026-08-09,2026-08-09,,True,AH,https://www.ah.nl/producten/product/wi610152,2026-08-09,Leffe Blond 0.0% 12-pack,beer-wine aperitifs
591521,0,AH Excellent Selectie Prosecco 6 flessen,AH Excellent,bier-wijn-aperitieven,"Bier, wijn, aperitieven",Prosecco droog,43.15,47.94,10.0,10% volume voordeel,,,6 stuks,,True,AHOO,10% volume voordeel,2026-08-09,2999-12-31,,True,AH,https://www.ah.nl/producten/product/wi591521,2026-08-09,AH Excellent Selectie Prosecco 6 flessen,beer-wine aperitifs
575711,0,AH Excellent Selectie Prosecco 6 flessen,AH Excellent,bier-wijn-aperitieven,"Bier, wijn, aperitieven",Prosecco droog,43.15,47.94,10.0,10% volume voordeel,,,6 stuks,,True,AHOO,10% volume voordeel,2026-08-09,2999-12-31,,True,AH,https://www.ah.nl/producten/product/wi575711,2026-08-09,AH Excellent Selectie Prosecco 6 flessen,beer-wine aperitifs
590462,36601,Royal Club Pink grapefruit 0% suiker,Royal Club,bier-wijn-aperitieven,"Frisdrank, sappen, water",Craft en speciaal fris,2.49,2.49,,,,,1 l,prijs per liter €2.49,False,,,,,C,True,AH,https://www.ah.nl/producten/product/wi590462,2026-08-09,Royal Club Pink grapefruit 0% suiker,beer-wine aperitifs
610153,0,Leffe Blond 0.0% 24-pack,Leffe,bier-wijn-aperitieven,"Bier, wijn, aperitieven","Alcoholvrij blond, dubbel, tripel",19.95,26.6,25.0,pakketkorting,,,4 stuks,,True,AHOO,,2026-08-09,2026-08-09,,True,AH,https://www.ah.nl/producten/product/wi610153,2026-08-09,Leffe Blond 0.0% 24-pack,beer-wine aperitifs
225279,818528,Mesta Verdejo organic wine,Mesta,bier-wijn-aperitieven,"Bier, wijn, aperitieven",Verdejo (Fris en droog),4.12,5.49,25.0,25% korting,,,"0,75 l",normale prijs per liter €7.32,True,AH,25% korting,2026-08-10,2026-08-16,,True,AH,https://www.ah.nl/producten/product/wi225279,2026-08-09,Mesta Verdejo organic wine,beer-wine aperitifs
458921,668941,AH Biologisch Pinot grigio,AH Biologisch,bier-wijn-aperitieven,"Bier, wijn, aperitieven",Pinot Grigio (Fris en droog),3.74,4.99,25.0,25% korting,,,"0,75 l",normale prijs per liter €6.65,True,AH,25% korting,2026-08-10,2026-08-16,,True,AH,https://www.ah.nl/producten/product/wi458921,2026-08-09,AH Biologisch Pinot grigio,beer-wine aperitifs
80101,779716,Heineken Premium pilsener 6-pack,Heineken,bier-wijn-aperitieven,"Bier, wijn, aperitieven",Pils blik,4.99,6.65,25.0,25% korting,,,"6 x 0,33 l",normale prijs per liter €3.36,True,AH,25% korting,2026-08-10,2026-08-16,,True,AH,https://www.ah.nl/producten/product/wi80101,2026-08-09,Heineken Premium pilsener 6-pack,beer-wine aperitifs
434438,41046,Biodermal After sun bruinverlengende melk,Biodermal,drogisterij,Drogisterij,Aftersun,27.49,27.49,,1 + 1 GRATIS,,1.0,200 ml,normale prijs per liter €137.45,True,AH,1 + 1 GRATIS,2026-08-03,2026-08-09,,True,AH,https://www.ah.nl/producten/product/wi434438,2026-08-09,Biodermal After sun bruinverlengende melk,drugstore
434443,41075,Biodermal Gevoelige huid zonnespray spf50,Biodermal,drogisterij,Drogisterij,Zonnebrandspray,39.99,39.99,,1 + 1 GRATIS,,1.0,175 ml,normale prijs per liter €228.51,True,AH,1 + 1 GRATIS,2026-08-03,2026-08-09,,True,AH,https://www.ah.nl/producten/product/wi434443,2026-08-09,Biodermal Sensitive skin sun spray spf50,drugstore
211047,806464,Aquafresh Fresh & minty bescherming tandpasta,Aquafresh,drogisterij,Drogisterij,Tandpasta frisse adem,2.39,2.39,,,,,75 ml,prijs per liter €31.87,False,,,,,,True,AH,https://www.ah.nl/producten/product/wi211047,2026-08-09,Aquafresh Fresh & minty bescherming tandpasta,drugstore
611908,0,Aquafresh Fresh & minty bescherming tandpasta 2pck,Aquafresh,drogisterij,Drogisterij,Tandpasta frisse adem,4.06,4.78,15.0,15% volume voordeel,,,2 stuks,,True,AHOO,15% volume voordeel,2026-08-09,2999-12-31,,True,AH,https://www.ah.nl/producten/product/wi611908,2026-08-09,Aquafresh Fresh & minty protection toothpaste 2pck,drugstore
611909,0,Aquafresh Fresh & minty bescherming tandpasta 4pck,Aquafresh,drogisterij,Drogisterij,Tandpasta frisse adem,7.65,9.56,20.0,20% volume voordeel,,,4 stuks,,True,AHOO,20% volume voordeel,2026-08-09,2999-12-31,,True,AH,https://www.ah.nl/producten/product/wi611909,2026-08-09,Aquafresh Fresh & minty protection toothpaste 4pck,drugstore
550354,65444,Biodermal Ultralichte zon gel-crème spf50+,Biodermal,drogisterij,Drogisterij,Zonnebrandcreme,44.99,44.99,,1 + 1 GRATIS,,1.0,200 ml,normale prijs per liter €224.95,True,AH,1 + 1 GRATIS,2026-08-03,2026-08-09,,True,AH,https://www.ah.nl/producten/product/wi550354,2026-08-09,Biodermal Ultralichte zon gel-crème spf50+,drugstore
611910,0,Aquafresh Fresh & minty bescherming tandpasta 6pck,Aquafresh,drogisterij,Drogisterij,Tandpasta frisse adem,10.75,14.34,25.0,25% volume voordeel,,,6 stuks,,True,AHOO,25% volume voordeel,2026-08-09,2999-12-31,,True,AH,https://www.ah.nl/producten/product/wi611910,2026-08-09,Aquafresh Fresh & minty bescherming tandpasta 6pck,drugstore
553430,579424,Prodent Cool mint tandpasta,Prodent,drogisterij,Drogisterij,Tandpasta frisse adem,1.85,1.85,,1 + 1 GRATIS,,1.0,75 ml,normale prijs per liter €24.67,True,AH,1 + 1 GRATIS,2026-08-03,2026-08-09,,True,AH,https://www.ah.nl/producten/product/wi553430,2026-08-09,Prodent Cool mint tandpasta,drugstore
590443,0,Prodent Cool mint tandpasta 4-pack,Prodent,drogisterij,Drogisterij,Tandpasta frisse adem,3.7,7.4,50.0,pakketkorting,,,4 stuks,,True,AHOO,,2026-08-09,2026-08-09,,True,AH,https://www.ah.nl/producten/product/wi590443,2026-08-09,Prodent Cool mint toothpaste 4-pack,drugstore
608767,0,Prodent Cool mint tandpasta 2-pack,Prodent,drogisterij,Drogisterij,Tandpasta frisse adem,1.85,3.7,50.0,pakketkorting,,,2 stuks,,True,AHOO,,2026-08-09,2026-08-09,,True,AH,https://www.ah.nl/producten/product/wi608767,2026-08-09,Prodent Cool mint toothpaste 2-pack,drugstore
608768,0,Prodent Cool mint tandpasta 6-pack,Prodent,drogisterij,Drogisterij,Tandpasta frisse adem,5.55,11.1,50.0,pakketkorting,,,6 stuks,,True,AHOO,,2026-08-09,2026-08-09,,True,AH,https://www.ah.nl/producten/product/wi608768,2026-08-09,Prodent Cool mint tandpasta 6-pack,drugstore
600499,51926,Care Almond soft hand soap,Care,drogisterij,Drogisterij,Vloeibare zeep,1.15,1.15,,,,,"0,5 l",prijs per liter €2.30,False,,,,,,True,AH,https://www.ah.nl/producten/product/wi600499,2026-08-09,Care Almond soft hand soap,drugstore
600132,51721,Care Cotton pads,Care,drogisterij,Drogisterij,Watten & wattenstaafjes,0.85,0.85,,,,,140 stuks,,False,,,,,,True,AH,https://www.ah.nl/producten/product/wi600132,2026-08-09,Care Cotton pads,drugstore
600133,51722,Care Cotton buds,Care,drogisterij,Drogisterij,Watten & wattenstaafjes,0.95,0.95,,,,,300 stuks,,False,,,,,,True,AH,https://www.ah.nl/producten/product/wi600133,2026-08-09,Care Cotton buds,drugstore
177112,771759,Elmex Junior tandpasta 5-12 jaar,Elmex,drogisterij,Drogisterij,Kindertandpasta,3.75,3.75,,1 + 1 GRATIS,,1.0,75 ml,normale prijs per liter €50.00,True,AH,1 + 1 GRATIS,2026-08-03,2026-08-09,,True,AH,https://www.ah.nl/producten/product/wi177112,2026-08-09,Elmex Junior toothpaste 5-12 years,drugstore
600492,51918,Care Almond soft hand soap refill,Care,drogisterij,Drogisterij,Vloeibare zeep,1.05,1.05,,,,,"0,5 l",prijs per liter €2.10,False,,,,,,True,AH,https://www.ah.nl/producten/product/wi600492,2026-08-09,Care Almond soft hand soap refill,drugstore
172058,110202156, Wattenstaafjes hout,,drogisterij,Drogisterij,Watten & wattenstaafjes,0.69,0.69,,,,,100 stuks,,False,,,,,,True,ETOS,https://www.ah.nl/producten/product/wi172058,2026-08-09,Cotton swabs wood,drugstore
384970,844653,Oral-B 3D White luxe perfection tandpasta,Oral-B,drogisterij,Drogisterij,Tandpasta witte tanden,5.49,5.49,,1 + 1 GRATIS,,1.0,75 ml,normale prijs per liter €73.20,True,AH,1 + 1 GRATIS,2026-08-03,2026-08-09,,True,AH,https://www.ah.nl/producten/product/wi384970,2026-08-09,Oral-B 3D White luxe perfection tandpasta,drugstore
605870,0,Oral-B 3D White luxe perfection 4-pack,Oral-B,drogisterij,Drogisterij,Tandpasta witte tanden,10.98,21.96,50.0,pakketkorting,,,4 stuks,,True,AHOO,,2026-08-09,2026-08-09,,True,AH,https://www.ah.nl/producten/product/wi605870,2026-08-09,Oral-B 3D White luxury perfection 4-pack,drugstore
623028,0,Oral-B 3D White luxe perfection tandpasta 2pack,Oral-B,drogisterij,Drogisterij,Tandpasta witte tanden,5.49,10.98,50.0,pakketkorting,,,2 stuks,,True,AHOO,,2026-08-09,2026-08-09,,True,AH,https://www.ah.nl/producten/product/wi623028,2026-08-09,Oral-B 3D White luxe perfection tandpasta 2pack,drugstore
623029,0,Oral-B 3D White luxe perfection tandpasta 6pack,Oral-B,drogisterij,Drogisterij,Tandpasta witte tanden,16.47,32.94,50.0,pakketkorting,,,6 stuks,,True,AHOO,,2026-08-09,2026-08-09,,True,AH,https://www.ah.nl/producten/product/wi623029,2026-08-09,Oral-B 3D White luxe perfection tandpasta 6pack,drugstore
80823,587108,Dove Original deodorant spray,Dove,drogisterij,Drogisterij,Deospray vrouwen,4.99,4.99,,1 + 1 GRATIS,,1.0,150 ml,normale prijs per liter €33.27,True,AH,1 + 1 GRATIS,2026-08-03,2026-08-09,,True,AH,https://www.ah.nl/producten/product/wi80823,2026-08-09,Dove Original deodorant spray,drugstore
406458,852354,Elmex Sensitive tandpasta,Elmex,drogisterij,Drogisterij,Tandpasta gevoelige tanden,3.49,3.49,,1 + 1 GRATIS,,1.0,75 ml,normale prijs per liter €46.53,True,AH,1 + 1 GRATIS,2026-08-03,2026-08-09,,True,AH,https://www.ah.nl/producten/product/wi406458,2026-08-09,Elmex Sensitive toothpaste,drugstore
608662,0,Dove Original deodorant spray 2-pack,Dove,drogisterij,Drogisterij,Deospray vrouwen,4.99,9.98,50.0,pakketkorting,,,2 stuks,,True,AHOO,,2026-08-09,2026-08-09,,True,AH,https://www.ah.nl/producten/product/wi608662,2026-08-09,Dove Original deodorant spray 2-pack,drugstore
608664,0,Dove Original deodorant spray 6-pack,Dove,drogisterij,Drogisterij,Deospray vrouwen,14.97,29.94,50.0,pakketkorting,,,6 stuks,,True,AHOO,,2026-08-09,2026-08-09,,True,AH,https://www.ah.nl/producten/product/wi608664,2026-08-09,Dove Original deodorant spray 6-pack,drugstore
608663,0,Dove Original deodorant spray 4-pack,Dove,drogisterij,Drogisterij,Deospray vrouwen,9.98,19.96,50.0,pakketkorting,,,4 stuks,,True,AHOO,,2026-08-09,2026-08-09,,True,AH,https://www.ah.nl/producten/product/wi608663,2026-08-09,Dove Original deodorant spray 4-pack,drugstore
224830,818327,Dove Men+care clean comfort deodorant spray,Dove,drogisterij,Drogisterij,Deospray mannen,5.39,5.39,,1 + 1 GRATIS,,1.0,150 ml,normale prijs per liter €35.93,True,AH,1 + 1 GRATIS,2026-08-03,2026-08-09,,True,AH,https://www.ah.nl/producten/product/wi224830,2026-08-09,Dove Men+care clean comfort deodorant spray,drugstore
177757,644718,Unicura Balans antibacterieel handzeep,Unicura,drogisterij,Drogisterij,Vloeibare zeep,3.09,3.09,,,,,250 ml,prijs per liter €12.36,False,,,,,,True,AH,https://www.ah.nl/producten/product/wi177757,2026-08-09,Unicura Balans antibacterieel handzeep,drugstore
608643,0,Dove Men+care clean comfort deodorant 6-pack,Dove,drogisterij,Drogisterij,Deospray mannen,16.17,32.34,50.0,pakketkorting,,,6 stuks,,True,AHOO,,2026-08-09,2026-08-09,,True,AH,https://www.ah.nl/producten/product/wi608643,2026-08-09,Dove Men+care clean comfort deodorant 6-pack,drugstore
608641,0,Dove Men+care clean comfort deodorant 2-pack,Dove,drogisterij,Drogisterij,Deospray mannen,5.39,10.78,50.0,pakketkorting,,,2 stuks,,True,AHOO,,2026-08-09,2026-08-09,,True,AH,https://www.ah.nl/producten/product/wi608641,2026-08-09,Dove Men+care clean comfort deodorant 2-pack,drugstore
608642,0,Dove Men+care clean comfort deodorant 4-pack,Dove,drogisterij,Drogisterij,Deospray mannen,10.78,21.56,50.0,pakketkorting,,,4 stuks,,True,AHOO,,2026-08-09,2026-08-09,,True,AH,https://www.ah.nl/producten/product/wi608642,2026-08-09,Dove Men+care clean comfort deodorant 4-pack,drugstore
187203,111183364,Etos Ovale maxi wattenschijfjes,Etos,drogisterij,Drogisterij,Watten & wattenstaafjes,0.95,0.95,,,,,50 stuks,,False,,,,,,True,ETOS,https://www.ah.nl/producten/product/wi187203,2026-08-09,Etos Ovale maxi wattenschijfjes,drugstore
209280,804353,Prodent Tandpasta freshgel,Prodent,drogisterij,Drogisterij,Tandpasta frisse adem,2.55,2.55,,1 + 1 GRATIS,,1.0,75 ml,normale prijs per liter €34.00,True,AH,1 + 1 GRATIS,2026-08-03,2026-08-09,,True,AH,https://www.ah.nl/producten/product/wi209280,2026-08-09,Prodent Toothpaste freshgel,drugstore
595195,43814,Andrélon Iedere dag shampoo,Andrélon,drogisterij,Drogisterij,Shampoo alle haartypes,6.45,6.45,,1 + 1 GRATIS,,1.0,400 ml,normale prijs per liter €16.13,True,AH,1 + 1 GRATIS,2026-08-03,2026-08-09,,True,AH,https://www.ah.nl/producten/product/wi595195,2026-08-09,Andrélon Iedere dag shampoo,drugstore
608546,0,Andrélon Iedere dag shampoo 2-pack,Andrélon,drogisterij,Drogisterij,Shampoo alle haartypes,6.45,12.9,50.0,pakketkorting,,,2 stuks,,True,AHOO,,2026-08-09,2026-08-09,,True,AH,https://www.ah.nl/producten/product/wi608546,2026-08-09,Andrélon Iedere dag shampoo 2-pack,drugstore
608772,0,Prodent Tandpasta freshgel 2-pack,Prodent,drogisterij,Drogisterij,Tandpasta frisse adem,2.55,5.1,50.0,pakketkorting,,,2 stuks,,True,AHOO,,2026-08-09,2026-08-09,,True,AH,https://www.ah.nl/producten/product/wi608772,2026-08-09,Prodent Toothpaste freshgel 2-pack,drugstore
608548,0,Andrélon Iedere dag shampoo 6-pack,Andrélon,drogisterij,Drogisterij,Shampoo alle haartypes,51.12,102.24,50.0,pakketkorting,,,6 stuks,,True,AHOO,,2026-08-09,2026-08-09,,True,AH,https://www.ah.nl/producten/product/wi608548,2026-08-09,Andrélon Every day shampoo 6-pack,drugstore
608773,0,Prodent Tandpasta freshgel 4-pack,Prodent,drogisterij,Drogisterij,Tandpasta frisse adem,5.1,10.2,50.0,pakketkorting,,,4 stuks,,True,AHOO,,2026-08-09,2026-08-09,,True,AH,https://www.ah.nl/producten/product/wi608773,2026-08-09,Prodent Toothpaste freshgel 4-pack,drugstore
608547,0,Andrélon Iedere dag shampoo 4-pack,Andrélon,drogisterij,Drogisterij,Shampoo alle haartypes,34.08,68.16,50.0,pakketkorting,,,4 stuks,,True,AHOO,,2026-08-09,2026-08-09,,True,AH,https://www.ah.nl/producten/product/wi608547,2026-08-09,Andrélon Iedere dag shampoo 4-pack,drugstore
196983,789474,Fleuril Renew black & fiber vloeibaar wasmiddel,Fleuril,huishouden,Huishouden,Vloeibaar wasmiddel,14.99,14.99,,,,,29 wasbeurten,,False,,,,,,True,AH,https://www.ah.nl/producten/product/wi196983,2026-08-09,Fleuril Renew black & fiber vloeibaar wasmiddel,households
517433,68542,Vanish Vlekverwijderaar poeder voor witte was,Vanish,huishouden,Huishouden,Vlekverwijderaars,8.99,8.99,,,,,480 g,prijs per kg €18.73,False,,,,,,True,AH,https://www.ah.nl/producten/product/wi517433,2026-08-09,Vanish Vlekverwijderaar poeder voor witte was,households
584125,27776,AH Keukenpapier sterk & abs 2=3 rollen,AH,huishouden,Huishouden,Keukenpapier,1.995,2.99,33.3,2 voor 3.99,3.99,2.0,2 stuks,,True,AH,2 VOOR 3.99,2026-08-03,2026-08-09,,True,AH,https://www.ah.nl/producten/product/wi584125,2026-08-09,AH Kitchen paper strong & abs 2=3 rolls,households
595094,43281,AH Toiletpapier zacht 4-laags 12=18 rollen,AH,huishouden,Huishouden,Toiletpapier - 4 en 5 laags,6.99,8.35,16.3,voor 6.99,6.99,,12 stuks,,True,AH,VOOR 6.99,2026-08-10,2026-08-16,,True,AH,https://www.ah.nl/producten/product/wi595094,2026-08-09,AH Toiletpapier zacht 4-laags 12=18 rollen,households
63072,527965,Komo Trekbandzakken 60 liter,Komo,huishouden,Huishouden,Treksluitzakken,1.99,1.99,,,,,15 stuks,,False,,,,,,True,AH,https://www.ah.nl/producten/product/wi63072,2026-08-09,Komo Trekbandzakken 60 liter,households
517497,724051,Vanish Vlekverwijderaar poeder gekleurde was,Vanish,huishouden,Huishouden,Vlekverwijderaars,12.99,12.99,,,,,720 g,prijs per kg €18.04,False,,,,,,True,AH,https://www.ah.nl/producten/product/wi517497,2026-08-09,Vanish Stain Remover powder colored wax,households
595093,43280,AH Toiletpapier zacht 3-laags 12=18 rollen,AH,huishouden,Huishouden,Toiletpapier - 3 laags,5.49,5.49,,,,,12 stuks,,False,,,,,,True,AH,https://www.ah.nl/producten/product/wi595093,2026-08-09,AH Toiletpapier zacht 3-laags 12=18 rollen,households
367232,833838,AH Vochtige allesreiniger doekjes citrus,AH,huishouden,Huishouden,Vochtige doekjes,0.99,0.99,,2 + 1 GRATIS,,2.0,80 stuks,,True,AH,2 + 1 GRATIS,2026-08-03,2026-08-09,,True,AH,https://www.ah.nl/producten/product/wi367232,2026-08-09,AH Moist all-purpose cleaner wipes citrus,households
420703,692422,AH Bakpapier,AH,huishouden,Huishouden,Bakpapier,1.15,1.15,,,,,30 stuks,,False,,,,,,True,AH,https://www.ah.nl/producten/product/wi420703,2026-08-09,AH Bakpapier,households
2870,18488,Komo Huisvuilzakken 60 l,Komo,huishouden,Huishouden,Pedaalemmerzakken,2.39,2.39,,,,,20 stuks,,False,,,,,,True,AH,https://www.ah.nl/producten/product/wi2870,2026-08-09,Komo Huisvuilzakken 60 l,households
595310,43869,AH Toiletpapier zacht 4-laags 4=6 rollen,AH,huishouden,Huishouden,Toiletpapier - 4 en 5 laags,2.89,2.89,,,,,4 stuks,,False,,,,,,True,AH,https://www.ah.nl/producten/product/wi595310,2026-08-09,AH Toiletpapier zacht 4-laags 4=6 rollen,households
632,10636,AH Tissues zacht & sterk,AH,huishouden,Huishouden,Tissues,1.19,1.19,,,,,100 stuks,,False,,,,,,True,AH,https://www.ah.nl/producten/product/wi632,2026-08-09,AH Tissues soft & strong,households
584469,27629,AH Keukenpapier sterk 3=6 rollen,AH,huishouden,Huishouden,Keukenpapier,2.29,2.29,,,,,3 stuks,,False,,,,,,True,AH,https://www.ah.nl/producten/product/wi584469,2026-08-09,AH Kitchen paper strong 3=6 rolls,households
607518,63879,Glorix Dikke bleek,Glorix,huishouden,Huishouden,Bleekmiddel,2.15,2.15,,,,,1 l,prijs per liter €2.15,False,,,,,,True,AH,https://www.ah.nl/producten/product/wi607518,2026-08-09,Glorix Dikke bleek,households
160389,625632,AH Dikke bleek eucalyptus,AH,huishouden,Huishouden,Bleekmiddel,0.79,0.79,,,,,"0,75 l",prijs per liter €1.05,False,,,,,,True,AH,https://www.ah.nl/producten/product/wi160389,2026-08-09,AH Dikke bleek eucalyptus,households
625098,0,Glorix Dikke bleek 2-pack,Glorix,huishouden,Huishouden,Bleekmiddel,3.87,4.3,10.0,10% volume voordeel,,,2 stuks,,True,AHOO,10% volume voordeel,2026-08-09,2999-12-31,,True,AH,https://www.ah.nl/producten/product/wi625098,2026-08-09,Glorix Dikke bleek 2-pack,households
470204,722254,AH Vochtig toiletpapier fresh,AH,huishouden,Huishouden,Vochtig toiletpapier,0.95,0.95,,,,,80 stuks,,False,,,,,,True,AH,https://www.ah.nl/producten/product/wi470204,2026-08-09,AH Vochtig toiletpapier fresh,households
625099,0,Glorix Dikke bleek 4-pack,Glorix,huishouden,Huishouden,Bleekmiddel,6.88,8.6,20.0,20% volume voordeel,,,4 stuks,,True,AHOO,20% volume voordeel,2026-08-09,2999-12-31,,True,AH,https://www.ah.nl/producten/product/wi625099,2026-08-09,Glorix Thick bleach 4-pack,households
648,521954,AH Dikke bleek,AH,huishouden,Huishouden,Bleekmiddel,0.79,0.79,,,,,"0,75 l",prijs per liter €1.05,False,,,,,,True,AH,https://www.ah.nl/producten/product/wi648,2026-08-09,AH Big pale,households
625100,0,Glorix Dikke bleek 6-pack,Glorix,huishouden,Huishouden,Bleekmiddel,9.67,12.9,25.0,25% volume voordeel,,,6 stuks,,True,AHOO,25% volume voordeel,2026-08-09,2999-12-31,,True,AH,https://www.ah.nl/producten/product/wi625100,2026-08-09,Glorix Dikke bleek 6-pack,households
489313,743029,AH Tissues 2 lagen,AH,huishouden,Huishouden,Tissues,1.15,1.15,,,,,150 stuks,,False,,,,,,True,AH,https://www.ah.nl/producten/product/wi489313,2026-08-09,AH Tissues 2 layers,households
479596,733451,AH Classic vaatwastablet,AH,huishouden,Huishouden,Vaatwastabletten,3.69,3.69,,,,,60 stuks,,False,,,,,,True,AH,https://www.ah.nl/producten/product/wi479596,2026-08-09,AH Classic vaatwastablet,households
214277,806733,Page Sensitive vochtig toiletpapier,Page,huishouden,Huishouden,Vochtig toiletpapier,2.29,2.29,,,,,38 stuks,,False,,,,,,True,AH,https://www.ah.nl/producten/product/wi214277,2026-08-09,Page Sensitive moist toilet paper,households
610450,0,Page Sensitive vochtig toiletpapier 4-pack,Page,huishouden,Huishouden,Vochtig toiletpapier,7.79,9.16,15.0,15% volume voordeel,,,4 stuks,,True,AHOO,15% volume voordeel,2026-08-09,2999-12-31,,True,AH,https://www.ah.nl/producten/product/wi610450,2026-08-09,Page Sensitive vochtig toiletpapier 4-pack,households
610449,0,Page Sensitive vochtig toiletpapier 2-pack,Page,huishouden,Huishouden,Vochtig toiletpapier,4.35,4.58,5.0,5% volume voordeel,,,2 stuks,,True,AHOO,5% volume voordeel,2026-08-09,2999-12-31,,True,AH,https://www.ah.nl/producten/product/wi610449,2026-08-09,Page Sensitive moist toilet paper 2-pack,households
435506,699878,AH Eco Afval en sanitairzakken 10 liter,AH Eco,huishouden,Huishouden,Pedaalemmerzakken,1.29,1.29,,,,,10 stuks,,False,,,,,,True,AH,https://www.ah.nl/producten/product/wi435506,2026-08-09,AH Eco Waste and sanitary bags 10 liters,households
570788,11314,AH Toiletpapier 2-laags 16=24 rollen,AH,huishouden,Huishouden,Toiletpapier - 2 laags,6.39,6.39,,,,,16 rollen,,False,,,,,,True,AH,https://www.ah.nl/producten/product/wi570788,2026-08-09,AH Toiletpapier 2-laags 16=24 rollen,households
610451,0,Page Sensitive vochtig toiletpapier 6-pack,Page,huishouden,Huishouden,Vochtig toiletpapier,10.3,13.74,25.0,25% volume voordeel,,,6 stuks,,True,AHOO,25% volume voordeel,2026-08-09,2999-12-31,,True,AH,https://www.ah.nl/producten/product/wi610451,2026-08-09,Page Sensitive vochtig toiletpapier 6-pack,households
48585,97052,Nalys Xtra power keukenpapier,Nalys,huishouden,Huishouden,Keukenpapier,3.59,3.59,,,,,2 rollen,,False,,,,,,True,AH,https://www.ah.nl/producten/product/wi48585,2026-08-09,Nalys Xtra power keukenpapier,households
610430,0,Nalys Xtra power keukenpapier 2-pack,Nalys,huishouden,Huishouden,Keukenpapier,6.1,7.18,15.0,15% volume voordeel,,,2 stuks,,True,AHOO,15% volume voordeel,2026-08-09,2999-12-31,,True,AH,https://www.ah.nl/producten/product/wi610430,2026-08-09,Nalys Xtra power kitchen paper 2-pack,households
570826,11286,Dreft Afwasmiddel max power original,Dreft,huishouden,Huishouden,Afwasmiddel,4.39,4.39,,,,,450 ml,prijs per liter €9.76,False,,,,,,True,AH,https://www.ah.nl/producten/product/wi570826,2026-08-09,Dreft Dishwashing liquid max power original,households
187181,634431,Page Aloe vera vochtig toiletpapier,Page,huishouden,Huishouden,Vochtig toiletpapier,2.29,2.29,,,,,38 stuks,,False,,,,,,True,AH,https://www.ah.nl/producten/product/wi187181,2026-08-09,Page Aloe vera vochtig toiletpapier,households
590109,36384,Robijn Wasverzachter morgenfris,Robijn,huishouden,Huishouden,Wasverzachters,6.45,6.45,,1 + 1 gratis,,1.0,39 wasbeurten,,True,AH,1 + 1 gratis,2026-08-10,2026-08-16,,True,AH,https://www.ah.nl/producten/product/wi590109,2026-08-09,Robijn Fabric softener fresh in the morning,households
136148,603221,AH Diepvrieszakjes met zipsluiting middel,AH,huishouden,Huishouden,Diepvries- en hersluitbare zakjes,1.55,1.55,,,,,40 stuks,,False,,,,,,True,AH,https://www.ah.nl/producten/product/wi136148,2026-08-09,AH Freezer bags with zip closure,households
597969,0,AH Eco Afval en sanitairzakken 10 liter 4-pack,AH Eco,huishouden,Huishouden,Pedaalemmerzakken,4.39,5.16,15.0,15% volume voordeel,,,4 stuks,,True,AHOO,15% volume voordeel,2026-08-09,2999-12-31,,True,AH,https://www.ah.nl/producten/product/wi597969,2026-08-09,AH Eco Afval en sanitairzakken 10 liter 4-pack,households
608831,0,Robijn Wasverzachter morgenfris 2-pack,Robijn,huishouden,Huishouden,Wasverzachters,9.03,12.9,30.0,30% volume voordeel,,,2 stuks,,True,AHOO,30% volume voordeel,2026-08-09,2026-08-09,,True,AH,https://www.ah.nl/producten/product/wi608831,2026-08-09,Robijn Wasverzachter morgenfris 2-pack,households
608832,0,Robijn Wasverzachter morgenfris 4-pack,Robijn,huishouden,Huishouden,Wasverzachters,15.48,25.8,40.0,40% volume voordeel,,,4 stuks,,True,AHOO,40% volume voordeel,2026-08-09,2026-08-09,,True,AH,https://www.ah.nl/producten/product/wi608832,2026-08-09,Robijn Fabric Softener Morning Fresh 4-pack,households
608833,0,Robijn Wasverzachter morgenfris 8-pack,Robijn,huishouden,Huishouden,Wasverzachters,25.8,51.6,50.0,50% volume voordeel,,,8 stuks,,True,AHOO,50% volume voordeel,2026-08-09,2026-08-09,,True,AH,https://www.ah.nl/producten/product/wi608833,2026-08-09,Robijn Wasverzachter morgenfris 8-pack,households
625722,0,Robijn Wasverzachter morgenfris 3-pack,Robijn,huishouden,Huishouden,Wasverzachters,11.61,19.35,40.0,40% volume voordeel,,,3 stuks,,True,AHOO,40% volume voordeel,2026-08-09,2026-08-09,,True,AH,https://www.ah.nl/producten/product/wi625722,2026-08-09,Robijn Wasverzachter morgenfris 3-pack,households
55043,524860,AH Pedaalemmerzakken 25 liter,AH,huishouden,Huishouden,Pedaalemmerzakken,1.49,1.49,,,,,50 stuks,,False,,,,,,True,AH,https://www.ah.nl/producten/product/wi55043,2026-08-09,AH Pedal bin bags 25 liters,households
610441,0,Page Aloe vera vochtig toiletpapier 4-pack,Page,huishouden,Huishouden,Vochtig toiletpapier,7.79,9.16,15.0,15% volume voordeel,,,4 stuks,,True,AHOO,15% volume voordeel,2026-08-09,2999-12-31,,True,AH,https://www.ah.nl/producten/product/wi610441,2026-08-09,Page Aloe vera vochtig toiletpapier 4-pack,households
610440,0,Page Aloe vera vochtig toiletpapier 2-pack,Page,huishouden,Huishouden,Vochtig toiletpapier,4.35,4.58,5.0,5% volume voordeel,,,2 stuks,,True,AHOO,5% volume voordeel,2026-08-09,2999-12-31,,True,AH,https://www.ah.nl/producten/product/wi610440,2026-08-09,Page Aloe vera moist toilet paper 2-pack,households
610442,0,Page Aloe vera vochtig toiletpapier 6-pack,Page,huishouden,Huishouden,Vochtig toiletpapier,10.3,13.74,25.0,25% volume voordeel,,,6 stuks,,True,AHOO,25% volume voordeel,2026-08-09,2999-12-31,,True,AH,https://www.ah.nl/producten/product/wi610442,2026-08-09,Page Aloe vera vochtig toiletpapier 6-pack,households
396807,847933,Glorix Power5 ocean wc-blok,Glorix,huishouden,Huishouden,Toiletblokken,3.65,3.65,,2 + 4 GRATIS,,2.0,per stuk,,True,AH,2 + 4 GRATIS,2026-08-10,2026-08-16,,True,AH,https://www.ah.nl/producten/product/wi396807,2026-08-09,Glorix Power5 ocean wc-blok,households
460934,664921,AH Gedemineraliseerdwater,AH,huishouden,Huishouden,Onderhouds- en poetsmiddelen,0.85,0.85,,,,,1 l,prijs per liter €0.85,False,,,,,,True,AH,https://www.ah.nl/producten/product/wi460934,2026-08-09,AH Demineralized water,households
547694,28925,Dreft Afwasmiddel platinum quick wash original,Dreft,huishouden,Huishouden,Afwasmiddel,2.99,2.99,,,,,350 ml,prijs per liter €8.54,False,,,,,,True,AH,https://www.ah.nl/producten/product/wi547694,2026-08-09,Dreft Afwasmiddel platinum quick wash original,households
608681,0,Glorix Power5 ocean wc-blok 6-pack,Glorix,huishouden,Huishouden,Toiletblokken,13.14,21.9,40.0,40% volume voordeel,,,6 stuks,,True,AHOO,40% volume voordeel,2026-08-09,2026-08-09,,True,AH,https://www.ah.nl/producten/product/wi608681,2026-08-09,Glorix Power5 ocean toilet block 6-pack,households
608680,0,Glorix Power5 ocean wc-blok 2-pack,Glorix,huishouden,Huishouden,Toiletblokken,5.84,7.3,20.0,20% volume voordeel,,,2 stuks,,True,AHOO,20% volume voordeel,2026-08-09,2026-08-09,,True,AH,https://www.ah.nl/producten/product/wi608680,2026-08-09,Glorix Power5 ocean toilet block 2-pack,households
608682,0,Glorix Power5 ocean wc-blok 9-pack,Glorix,huishouden,Huishouden,Toiletblokken,16.42,32.85,50.0,50% volume voordeel,,,9 stuks,,True,AHOO,50% volume voordeel,2026-08-09,2026-08-09,,True,AH,https://www.ah.nl/producten/product/wi608682,2026-08-09,Glorix Power5 ocean wc-blok 9-pack,households
124113,89203,AH Boterhamzakjes,AH,huishouden,Huishouden,Diepvries- en hersluitbare zakjes,0.99,0.99,,,,,80 stuks,,False,,,,,,True,AH,https://www.ah.nl/producten/product/wi124113,2026-08-09,AH Boterhamzakjes,households
593675,40590,AH Schuurspons,AH,huishouden,Huishouden,Sponzen,1.29,1.29,,,,,10 stuks,,False,,,,,,True,AH,https://www.ah.nl/producten/product/wi593675,2026-08-09,AH Schuurspons,households
584126,27777,AH Keukenpapier sterk & abs 4=6 rollen,AH,huishouden,Huishouden,Keukenpapier,5.95,5.95,,,,,4 stuks,,False,,,,,,True,AH,https://www.ah.nl/producten/product/wi584126,2026-08-09,AH Kitchen paper strong & abs 4=6 rolls,households
595092,43278,AH Eco Recycle toiletpapier 3-laags 4=6 rollen,AH Eco,huishouden,Huishouden,Toiletpapier - 3 laags,1.89,1.89,,,,,4 stuks,,False,,,,,,True,AH,https://www.ah.nl/producten/product/wi595092,2026-08-09,AH Eco Recycle toilet paper 3-layer 4=6 rolls,households
467465,718979,Page Compleet schoon toiletpapier voordeelpak,Page,huishouden,Huishouden,Toiletpapier - 3 laags,8.49,8.49,,,,,12 stuks,,False,,,,,,True,AH,https://www.ah.nl/producten/product/wi467465,2026-08-09,Page Completely clean toilet paper value pack,households
396808,847934,Glorix Power5 citrus wc-blok,Glorix,huishouden,Huishouden,Toiletblokken,3.65,3.65,,2 + 4 GRATIS,,2.0,per stuk,,True,AH,2 + 4 GRATIS,2026-08-10,2026-08-16,,True,AH,https://www.ah.nl/producten/product/wi396808,2026-08-09,Glorix Power5 citrus wc-blok,households
101016,548172,Page Compleet schoon vochtig toiletpapier,Page,huishouden,Huishouden,Vochtig toiletpapier,1.99,1.99,,,,,38 stuks,,False,,,,,,True,AH,https://www.ah.nl/producten/product/wi101016,2026-08-09,Page Compleet schoon vochtig toiletpapier,households
608677,0,Glorix Power5 citrus wc-blok 2-pack,Glorix,huishouden,Huishouden,Toiletblokken,5.84,7.3,20.0,20% volume voordeel,,,2 stuks,,True,AHOO,20% volume voordeel,2026-08-09,2026-08-09,,True,AH,https://www.ah.nl/producten/product/wi608677,2026-08-09,Glorix Power5 citrus wc-blok 2-pack,households
608678,0,Glorix Power5 citrus wc-blok 6-pack,Glorix,huishouden,Huishouden,Toiletblokken,13.14,21.9,40.0,40% volume voordeel,,,6 stuks,,True,AHOO,40% volume voordeel,2026-08-09,2026-08-09,,True,AH,https://www.ah.nl/producten/product/wi608678,2026-08-09,Glorix Power5 citrus wc-blok 6-pack,households
608679,0,Glorix Power5 citrus wc-blok 9-pack,Glorix,huishouden,Huishouden,Toiletblokken,16.42,32.85,50.0,50% volume voordeel,,,9 stuks,,True,AHOO,50% volume voordeel,2026-08-09,2026-08-09,,True,AH,https://www.ah.nl/producten/product/wi608679,2026-08-09,Glorix Power5 citrus toilet block 9-pack,households
479793,733452,AH Spoelglans,AH,huishouden,Huishouden,Vaatwaspoeder en glansspoelmiddel,2.05,2.05,,,,,1 l,prijs per liter €2.05,False,,,,,,True,AH,https://www.ah.nl/producten/product/wi479793,2026-08-09,AH Rinse Gloss,households
610444,0,Page Compleet schoon vochtig toiletpapier 4pk,Page,huishouden,Huishouden,Vochtig toiletpapier,6.77,7.96,15.0,15% volume voordeel,,,4 stuks,,True,AHOO,15% volume voordeel,2026-08-09,2999-12-31,,True,AH,https://www.ah.nl/producten/product/wi610444,2026-08-09,Page Compleet schoon vochtig toiletpapier 4pk,households
610443,0,Page Compleet schoon vochtig toiletpapier 2pk,Page,huishouden,Huishouden,Vochtig toiletpapier,3.78,3.98,5.0,5% volume voordeel,,,2 stuks,,True,AHOO,5% volume voordeel,2026-08-09,2999-12-31,,True,AH,https://www.ah.nl/producten/product/wi610443,2026-08-09,Page Compleet schoon vochtig toiletpapier 2pk,households
143920,604228,AH Sanitairzakken met handvatten 10 liter,AH,huishouden,Huishouden,Pedaalemmerzakken,1.05,1.05,,,,,40 stuks,,False,,,,,,True,AH,https://www.ah.nl/producten/product/wi143920,2026-08-09,AH Sanitairzakken met handvatten 10 liter,households
571447,12752,Dreft Platinum plus vaatwascapsules citroen,Dreft,huishouden,Huishouden,Vaatwastabletten,14.99,14.99,,,,,19 stuks,,False,,,,,,True,AH,https://www.ah.nl/producten/product/wi571447,2026-08-09,Dreft Platinum plus lemon dishwasher capsules,households
610445,0,Page Compleet schoon vochtig toiletpapier 6pk,Page,huishouden,Huishouden,Vochtig toiletpapier,8.95,11.94,25.0,25% volume voordeel,,,6 stuks,,True,AHOO,25% volume voordeel,2026-08-09,2999-12-31,,True,AH,https://www.ah.nl/producten/product/wi610445,2026-08-09,Page Completely clean moist toilet paper 6pk,households
605840,0,Dreft Platinum+ vaatwascapsules citroen 4-pack,Dreft,huishouden,Huishouden,Vaatwastabletten,41.97,59.96,30.0,30% volume voordeel,,,4 stuks,,True,AHOO,30% volume voordeel,2026-08-09,2999-12-31,,True,AH,https://www.ah.nl/producten/product/wi605840,2026-08-09,Dreft Platinum+ vaatwascapsules citroen 4-pack,households
622903,0,Dreft Platinum pls vaatwascapsules citroen 2pk,Dreft,huishouden,Huishouden,Vaatwastabletten,25.48,29.98,15.0,15% volume voordeel,,,2 stuks,,True,AHOO,15% volume voordeel,2026-08-09,2999-12-31,,True,AH,https://www.ah.nl/producten/product/wi622903,2026-08-09,Dreft Platinum pls vaatwascapsules citroen 2pk,households
622904,0,Dreft Platinum pls vaatwascapsules citroen 6pk,Dreft,huishouden,Huishouden,Vaatwastabletten,49.47,89.94,45.0,45% volume voordeel,,,6 stuks,,True,AHOO,45% volume voordeel,2026-08-09,2999-12-31,,True,AH,https://www.ah.nl/producten/product/wi622904,2026-08-09,Dreft Platinum pls vaatwascapsules citroen 6pk,households
167981,617329,AH Trekbandzakken 120 liter,AH,huishouden,Huishouden,Treksluitzakken,1.85,1.85,,,,,10 stuks,,False,,,,,,True,AH,https://www.ah.nl/producten/product/wi167981,2026-08-09,AH Trekbandzakken 120 liter,households
434366,40416,Glorix WC Blok Lavendel,Glorix,huishouden,Huishouden,Toiletblokken,3.65,3.65,,2 + 4 GRATIS,,2.0,per stuk,,True,AH,2 + 4 GRATIS,2026-08-10,2026-08-16,,True,AH,https://www.ah.nl/producten/product/wi434366,2026-08-09,Glorix WC Blok Lavendel,households
608683,0,Glorix WC Blok Lavendel 2-pack,Glorix,huishouden,Huishouden,Toiletblokken,5.84,7.3,20.0,20% volume voordeel,,,2 stuks,,True,AHOO,20% volume voordeel,2026-08-09,2026-08-09,,True,AH,https://www.ah.nl/producten/product/wi608683,2026-08-09,Glorix WC Blok Lavendel 2-pack,households
608684,0,Glorix WC Blok Lavendel 6-pack,Glorix,huishouden,Huishouden,Toiletblokken,13.14,21.9,40.0,40% volume voordeel,,,6 stuks,,True,AHOO,40% volume voordeel,2026-08-09,2026-08-09,,True,AH,https://www.ah.nl/producten/product/wi608684,2026-08-09,Glorix WC Blok Lavendel 6-pack,households
608685,0,Glorix WC Blok Lavendel 9-pack,Glorix,huishouden,Huishouden,Toiletblokken,16.42,32.85,50.0,50% volume voordeel,,,9 stuks,,True,AHOO,50% volume voordeel,2026-08-09,2026-08-09,,True,AH,https://www.ah.nl/producten/product/wi608685,2026-08-09,Glorix WC Blok Lavendel 9-pack,households
163693,634276,Ajax Eucalyptus allesreiniger,Ajax,huishouden,Huishouden,Allesreiniger,2.95,2.95,,2 + 1 GRATIS,,2.0,"1,25 l",normale prijs per liter €2.36,True,AH,2 + 1 GRATIS,2026-08-03,2026-08-09,,True,AH,https://www.ah.nl/producten/product/wi163693,2026-08-09,Ajax Eucalyptus all-purpose cleaner,households
136146,603216,AH Pedaalemmerzakken 35 liter,AH,huishouden,Huishouden,Pedaalemmerzakken,2.19,2.19,,,,,20 stuks,,False,,,,,,True,AH,https://www.ah.nl/producten/product/wi136146,2026-08-09,AH Pedaalemmerzakken 35 liter,households
567130,0,AH Pedaalemmerzakken 35 liter 4-pack,AH,huishouden,Huishouden,Pedaalemmerzakken,7.45,8.76,15.0,15% volume voordeel,,,4 stuks,,True,AHOO,15% volume voordeel,2026-08-09,2999-12-31,,True,AH,https://www.ah.nl/producten/product/wi567130,2026-08-09,AH Pedaalemmerzakken 35 liter 4-pack,households
396809,847935,Glorix WC blok power 5 met bleek,Glorix,huishouden,Huishouden,Toiletblokken,4.55,4.55,,2 + 4 GRATIS,,2.0,per stuk,,True,AH,2 + 4 GRATIS,2026-08-10,2026-08-16,,True,AH,https://www.ah.nl/producten/product/wi396809,2026-08-09,Glorix toilet block power 5 with bleach,households
608686,0,Glorix WC blok power 5 met bleek 2-pack,Glorix,huishouden,Huishouden,Toiletblokken,7.28,9.1,20.0,20% volume voordeel,,,2 stuks,,True,AHOO,20% volume voordeel,2026-08-09,2026-08-09,,True,AH,https://www.ah.nl/producten/product/wi608686,2026-08-09,Glorix toilet block power 5 with bleach 2-pack,households
368663,834432,Kleenex Balsam tissues,Kleenex,huishouden,Huishouden,Tissues,2.39,2.39,,,,,64 stuks,,False,,,,,,True,AH,https://www.ah.nl/producten/product/wi368663,2026-08-09,Kleenex Balsam tissues,households
608687,0,Glorix WC blok power 5 met bleek 6-pack,Glorix,huishouden,Huishouden,Toiletblokken,16.38,27.3,40.0,40% volume voordeel,,,6 stuks,,True,AHOO,40% volume voordeel,2026-08-09,2026-08-09,,True,AH,https://www.ah.nl/producten/product/wi608687,2026-08-09,Glorix toilet block power 5 with bleach 6-pack,households
608688,0,Glorix WC blok power 5 met bleek 9-pack,Glorix,huishouden,Huishouden,Toiletblokken,20.47,40.95,50.0,50% volume voordeel,,,9 stuks,,True,AHOO,50% volume voordeel,2026-08-09,2026-08-09,,True,AH,https://www.ah.nl/producten/product/wi608688,2026-08-09,Glorix WC block power 5 with bleach 9-pack,households
189266,633256,Nalys Excellence 5-laags maxi-vel toiletpapier,Nalys,huishouden,Huishouden,Toiletpapier - 4 en 5 laags,5.89,5.89,,,,,6 stuks,,False,,,,,,True,AH,https://www.ah.nl/producten/product/wi189266,2026-08-09,Nalys Excellence 5-ply maxi-sheet toilet paper,households
610427,0,Nalys Excellence 5-laags toiletpapier 2-pack,Nalys,huishouden,Huishouden,Toiletpapier - 4 en 5 laags,10.01,11.78,15.0,15% volume voordeel,,,2 stuks,,True,AHOO,15% volume voordeel,2026-08-09,2999-12-31,,True,AH,https://www.ah.nl/producten/product/wi610427,2026-08-09,Nalys Excellence 5-laags toiletpapier 2-pack,households
603592,56096,AH Natuurlijke schoonmaak azijn,AH,huishouden,Huishouden,Schoonmaakazijn,3.29,3.29,,,,,5 l,prijs per liter €0.66,False,,,,,,True,AH,https://www.ah.nl/producten/product/wi603592,2026-08-09,AH Natuurlijke schoonmaak azijn,households
233499,825029,Edet Ultra soft toiletpapier stro voordeelpak,Edet,huishouden,Huishouden,Toiletpapier - 4 en 5 laags,17.99,17.99,,,,,16 stuks,,False,,,,,,True,AH,https://www.ah.nl/producten/product/wi233499,2026-08-09,Edet Ultra soft toiletpapier stro voordeelpak,households
164919,637427,AH Eco all in one vaatwastabletten,AH,huishouden,Huishouden,Vaatwastabletten,3.99,3.99,,,,,40 stuks,,False,,,,,,True,AH,https://www.ah.nl/producten/product/wi164919,2026-08-09,AH Eco all in one dishwasher tablets,households
594212,0,Ajax Allesreiniger Eucalyptus 2-pack,Ajax,huishouden,Huishouden,Allesreiniger,4.72,5.9,20.0,20% volume voordeel,,,2 stuks,,True,AHOO,20% volume voordeel,2026-08-10,2999-12-31,,True,AH,https://www.ah.nl/producten/product/wi594212,2026-08-09,Ajax Allesreiniger Eucalyptus 2-pack,households
67762,527720,AH Afwasmiddel extra hygiëne,AH,huishouden,Huishouden,Afwasmiddel,0.89,0.89,,,,,"0,5 l",prijs per liter €1.78,False,,,,,,True,AH,https://www.ah.nl/producten/product/wi67762,2026-08-09,AH Afwasmiddel extra hygiëne,households
155424,583430,AH Viscosedoekjes,AH,huishouden,Huishouden,Doekjes,1.99,1.99,,,,,10 stuks,,False,,,,,,True,AH,https://www.ah.nl/producten/product/wi155424,2026-08-09,AH Viscose wipes,households
405206,851962,Kleenex Family maxi pack tissues,Kleenex,huishouden,Huishouden,Tissues,3.19,3.19,,,,,128 stuks,,False,,,,,,True,AH,https://www.ah.nl/producten/product/wi405206,2026-08-09,Kleenex Family maxi pack tissues,households
616641,0,Ajax Eucalyptus allesreiniger 6-pack,Ajax,huishouden,Huishouden,Allesreiniger,11.8,17.7,33.3,pakketkorting,,,6 stuks,,True,AHOO,,2026-08-09,2026-08-09,,True,AH,https://www.ah.nl/producten/product/wi616641,2026-08-09,Ajax Eucalyptus allesreiniger 6-pack,households
616640,0,Ajax Eucalyptus allesreiniger 4-pack,Ajax,huishouden,Huishouden,Allesreiniger,8.85,11.8,25.0,pakketkorting,,,4 stuks,,True,AHOO,,2026-08-09,2026-08-09,,True,AH,https://www.ah.nl/producten/product/wi616640,2026-08-09,Ajax Eucalyptus all-purpose cleaner 4-pack,households
480995,735417,AH Eco Pedaalemmerzakken 20 liter,AH Eco,huishouden,Huishouden,Pedaalemmerzakken,3.75,3.75,,,,,20 stuks,,False,,,,,,True,AH,https://www.ah.nl/producten/product/wi480995,2026-08-09,AH Eco Pedaalemmerzakken 20 liter,households
565,70530,AH Vuilnisemmerzakken 35L,AH,huishouden,Huishouden,Pedaalemmerzakken,2.19,2.19,,,,,20 stuks,,False,,,,,,True,AH,https://www.ah.nl/producten/product/wi565,2026-08-09,AH Garbage bin bags 35L,households
617717,0,AH Eco Afval en sanitairzakken 10 liter 2-pack,AH Eco,huishouden,Huishouden,Pedaalemmerzakken,2.45,2.58,5.0,5% volume voordeel,,,2 stuks,,True,AHOO,5% volume voordeel,2026-08-09,2999-12-31,,True,AH,https://www.ah.nl/producten/product/wi617717,2026-08-09,AH Eco Afval en sanitairzakken 10 liter 2-pack,households
129279,563690,Glorix Glorix eucalyptus bleek,Glorix,huishouden,Huishouden,Bleekmiddel,2.49,2.49,,,,,"0,75 l",prijs per liter €3.32,False,,,,,,True,AH,https://www.ah.nl/producten/product/wi129279,2026-08-09,Glorix Glorix eucalyptus bleek,households
459979,77254,Nalys Vochtvangers dubbelrol keukenpapier,Nalys,huishouden,Huishouden,Keukenpapier,5.49,5.49,,,,,2 stuks,,False,,,,,,True,AH,https://www.ah.nl/producten/product/wi459979,2026-08-09,Nalys Moisture Absorbers double roll of kitchen paper,households
555022,0,Nalys Vochtvangers keukenpapier 2=4 rol 3-pack,Nalys,huishouden,Huishouden,Keukenpapier,13.18,16.47,20.0,20% volume voordeel,,,3 stuks,,True,AHOO,20% volume voordeel,2026-08-09,2999-12-31,,True,AH,https://www.ah.nl/producten/product/wi555022,2026-08-09,Nalys Moisture Absorbers kitchen paper 2=4 roll 3-pack,households
474379,727048,Witte Reus Toiletblok self active hygiene,Witte Reus,huishouden,Huishouden,Toiletblokken,1.8,4.49,60.0,60% korting,,,per stuk,,True,AH,60% korting,2026-08-03,2026-08-09,,True,AH,https://www.ah.nl/producten/product/wi474379,2026-08-09,Witte Reus Toilet block self active hygiene,households
617718,0,AH Eco Afval en sanitairzakken 10 liter 3-pack,AH Eco,huishouden,Huishouden,Pedaalemmerzakken,3.48,3.87,10.0,10% volume voordeel,,,3 stuks,,True,AHOO,10% volume voordeel,2026-08-09,2999-12-31,,True,AH,https://www.ah.nl/producten/product/wi617718,2026-08-09,AH Eco Afval en sanitairzakken 10 liter 3-pack,households
111163,544216,AH Afwasborstel lang,AH,huishouden,Huishouden,Afwasborstels,1.29,1.29,,,,,per stuk,,False,,,,,,True,AH,https://www.ah.nl/producten/product/wi111163,2026-08-09,AH Dishwashing brush long,households
169751,648026,Witte Reus Toiletblok kracht actief oceaan,Witte Reus,huishouden,Huishouden,Toiletblokken,1.6,3.99,60.0,60% korting,,,per stuk,,True,AH,60% korting,2026-08-03,2026-08-09,,True,AH,https://www.ah.nl/producten/product/wi169751,2026-08-09,Witte Reus Toiletblok kracht actief oceaan,households
417028,688203,Page Shea butter vochtig toiletpapier,Page,huishouden,Huishouden,Vochtig toiletpapier,2.29,2.29,,,,,38 stuks,,False,,,,,,True,AH,https://www.ah.nl/producten/product/wi417028,2026-08-09,Page Shea butter vochtig toiletpapier,households
538246,86668,AH Pedaalemmerzakken trekband lavendel 35l,AH,huishouden,Huishouden,Treksluitzakken,2.19,2.19,,,,,15 stuks,,False,,,,,,True,AH,https://www.ah.nl/producten/product/wi538246,2026-08-09,AH Pedaalemmerzakken trekband lavendel 35l,households
610453,0,Page Shea butter vochtig toiletpapier 4-pack,Page,huishouden,Huishouden,Vochtig toiletpapier,7.79,9.16,15.0,15% volume voordeel,,,4 stuks,,True,AHOO,15% volume voordeel,2026-08-09,2999-12-31,,True,AH,https://www.ah.nl/producten/product/wi610453,2026-08-09,Page Shea butter vochtig toiletpapier 4-pack,households
505213,840537,AH Tissues balsem,AH,huishouden,Huishouden,Tissues,1.75,1.75,,,,,150 stuks,,False,,,,,,True,AH,https://www.ah.nl/producten/product/wi505213,2026-08-09,AH Tissues balsem,households
610452,0,Page Shea butter vochtig toiletpapier 2-pack,Page,huishouden,Huishouden,Vochtig toiletpapier,4.35,4.58,5.0,5% volume voordeel,,,2 stuks,,True,AHOO,5% volume voordeel,2026-08-09,2999-12-31,,True,AH,https://www.ah.nl/producten/product/wi610452,2026-08-09,Page Shea butter moist toilet paper 2-pack,households
458217,666160,Kleenex Collection tissues,Kleenex,huishouden,Huishouden,Tissues,1.89,1.89,,,,,Per stuk,,False,,,,,,True,AH,https://www.ah.nl/producten/product/wi458217,2026-08-09,Kleenex Collection tissues,households
610454,0,Page Shea butter vochtig toiletpapier 6-pack,Page,huishouden,Huishouden,Vochtig toiletpapier,10.3,13.74,25.0,25% volume voordeel,,,6 stuks,,True,AHOO,25% volume voordeel,2026-08-09,2999-12-31,,True,AH,https://www.ah.nl/producten/product/wi610454,2026-08-09,Page Shea butter moist toilet paper 6-pack,households
567141,0,AH Vuilnisemmerzakken 35L 4-pack,AH,huishouden,Huishouden,Pedaalemmerzakken,7.71,8.76,12.0,12% volume voordeel,,,4 stuks,,True,AHOO,12% volume voordeel,2026-08-09,2999-12-31,,True,AH,https://www.ah.nl/producten/product/wi567141,2026-08-09,AH Garbage bin bags 35L 4-pack,households
570785,11302,Edet Easypull original navulling,Edet,huishouden,Huishouden,Keukenpapier,4.49,4.49,,1 + 1 gratis,,1.0,per stuk,,True,AH,1 + 1 gratis,2026-08-10,2026-08-16,,True,AH,https://www.ah.nl/producten/product/wi570785,2026-08-09,Edet Easypull original navulling,households
613766,0,Edet Easypull original navulling 6-pack,Edet,huishouden,Huishouden,Keukenpapier,13.47,26.94,50.0,50% volume voordeel,,,6 stuks,,True,AHOO,50% volume voordeel,2026-08-09,2026-08-09,,True,AH,https://www.ah.nl/producten/product/wi613766,2026-08-09,Edet Easypull original refill 6-pack,households
590112,36388,Robijn Wasverzachter puur & zacht,Robijn,huishouden,Huishouden,Hypoallergeen wasmiddel,6.45,6.45,,1 + 1 gratis,,1.0,39 wasbeurten,,True,AH,1 + 1 gratis,2026-08-10,2026-08-16,,True,AH,https://www.ah.nl/producten/product/wi590112,2026-08-09,Robijn Fabric Softener pure & soft,households
3013,24736,WC-Eend Wc eend nr. 1 ontkalker,WC-Eend,huishouden,Huishouden,Toiletreiniger,3.99,3.99,,,,,"0,75 l",prijs per liter €5.32,False,,,,,,True,AH,https://www.ah.nl/producten/product/wi3013,2026-08-09,WC Duck Toilet duck no. 1 descaler,households
608843,0,Robijn Wasverzachter puur & zacht 2-pack,Robijn,huishouden,Huishouden,Hypoallergeen wasmiddel,9.03,12.9,30.0,30% volume voordeel,,,2 stuks,,True,AHOO,30% volume voordeel,2026-08-09,2026-08-09,,True,AH,https://www.ah.nl/producten/product/wi608843,2026-08-09,Robijn Fabric Softener pure & soft 2-pack,households
213912,807817,AH Vershoudfolie,AH,huishouden,Huishouden,Vershoudfolie,1.05,1.05,,,,,50 meter,prijs per m €0.02,False,,,,,,True,AH,https://www.ah.nl/producten/product/wi213912,2026-08-09,AH Cling film,households
608844,0,Robijn Wasverzachter puur & zacht 4-pack,Robijn,huishouden,Huishouden,Hypoallergeen wasmiddel,15.48,25.8,40.0,40% volume voordeel,,,4 stuks,,True,AHOO,40% volume voordeel,2026-08-09,2026-08-09,,True,AH,https://www.ah.nl/producten/product/wi608844,2026-08-09,Robijn Fabric Softener pure & soft 4-pack,households
608845,0,Robijn Wasverzachter puur & zacht 8-pack,Robijn,huishouden,Huishouden,Hypoallergeen wasmiddel,25.8,51.6,50.0,50% volume voordeel,,,8 stuks,,True,AHOO,50% volume voordeel,2026-08-09,2026-08-09,,True,AH,https://www.ah.nl/producten/product/wi608845,2026-08-09,Robijn Fabric Softener pure & soft 8-pack,households
625726,0,Robijn Wasverzachter puur & zacht 3-pack,Robijn,huishouden,Huishouden,Hypoallergeen wasmiddel,11.61,19.35,40.0,40% volume voordeel,,,3 stuks,,True,AHOO,40% volume voordeel,2026-08-09,2026-08-09,,True,AH,https://www.ah.nl/producten/product/wi625726,2026-08-09,Robijn Fabric Softener pure & soft 3-pack,households
454836,602694,Glorix Pink magnolia blauw water wc-blok,Glorix,huishouden,Huishouden,Toiletblokken,3.65,3.65,,2 + 4 GRATIS,,2.0,55 g,,True,AH,2 + 4 GRATIS,2026-08-10,2026-08-16,,True,AH,https://www.ah.nl/producten/product/wi454836,2026-08-09,Glorix Pink magnolia blauw water wc-blok,households
608668,0,Glorix Glorix eucalyptus bleek 2-pack,Glorix,huishouden,Huishouden,Bleekmiddel,3.98,4.98,20.0,20% volume voordeel,,,2 stuks,,True,AHOO,20% volume voordeel,2026-08-09,2999-12-31,,True,AH,https://www.ah.nl/producten/product/wi608668,2026-08-09,Glorix Glorix eucalyptus pale 2-pack,households
625101,0,Glorix Pink magnolia blauw water wc-blok 2-pack,Glorix,huishouden,Huishouden,Toiletblokken,5.84,7.3,20.0,20% volume voordeel,,,2 stuks,,True,AHOO,20% volume voordeel,2026-08-09,2026-08-09,,True,AH,https://www.ah.nl/producten/product/wi625101,2026-08-09,Glorix Pink magnolia blue water toilet block 2-pack,households
625102,0,Glorix Pink magnolia blauw water wc-blok 6-pack,Glorix,huishouden,Huishouden,Toiletblokken,13.14,21.9,40.0,40% volume voordeel,,,6 stuks,,True,AHOO,40% volume voordeel,2026-08-09,2026-08-09,,True,AH,https://www.ah.nl/producten/product/wi625102,2026-08-09,Glorix Pink magnolia blue water toilet block 6-pack,households
625103,0,Glorix Pink magnolia blauw water wc-blok 9-pack,Glorix,huishouden,Huishouden,Toiletblokken,16.42,32.85,50.0,50% volume voordeel,,,9 stuks,,True,AHOO,50% volume voordeel,2026-08-09,2026-08-09,,True,AH,https://www.ah.nl/producten/product/wi625103,2026-08-09,Glorix Pink magnolia blauw water wc-blok 9-pack,households
590111,36387,Robijn Wasverzachter passiebloem & bergamot,Robijn,huishouden,Huishouden,Wasverzachters,6.65,6.65,,1 + 1 gratis,,1.0,39 wasbeurten,,True,AH,1 + 1 gratis,2026-08-10,2026-08-16,,True,AH,https://www.ah.nl/producten/product/wi590111,2026-08-09,Robijn Wasverzachter passiebloem & bergamot,households
522361,13883,Page Puur vochtig toiletpapier,Page,huishouden,Huishouden,Vochtig toiletpapier,2.29,2.29,,,,,38 stuks,,False,,,,,,True,AH,https://www.ah.nl/producten/product/wi522361,2026-08-09,Page Puur vochtig toiletpapier,households
376891,680163,Page Kussenzacht toiletpapier voordeelpak,Page,huishouden,Huishouden,Toiletpapier - 3 laags,15.99,15.99,,,,,24 stuks,,False,,,,,,True,AH,https://www.ah.nl/producten/product/wi376891,2026-08-09,Page Cushion-soft toilet paper value pack,households
608837,0,Robijn Wasverzachter passiebloem & berga 2-pack,Robijn,huishouden,Huishouden,Wasverzachters,9.31,13.3,30.0,30% volume voordeel,,,2 stuks,,True,AHOO,30% volume voordeel,2026-08-09,2026-08-09,,True,AH,https://www.ah.nl/producten/product/wi608837,2026-08-09,Robijn Wasverzachter passiebloem & berga 2-pack,households
608838,0,Robijn Wasverzachter passiebloem & berga 4-pack,Robijn,huishouden,Huishouden,Wasverzachters,15.96,26.6,40.0,40% volume voordeel,,,4 stuks,,True,AHOO,40% volume voordeel,2026-08-09,2026-08-09,,True,AH,https://www.ah.nl/producten/product/wi608838,2026-08-09,Robijn Wasverzachter passiebloem & berga 4-pack,households
608839,0,Robijn Wasverzachter passiebloem & berga 8-pack,Robijn,huishouden,Huishouden,Wasverzachters,26.6,53.2,50.0,50% volume voordeel,,,8 stuks,,True,AHOO,50% volume voordeel,2026-08-09,2026-08-09,,True,AH,https://www.ah.nl/producten/product/wi608839,2026-08-09,Robijn Fabric softener passion flower & berga 8-pack,households
625725,0,Robijn Wasverzachter passiebl & bergamot 3-pack,Robijn,huishouden,Huishouden,Wasverzachters,11.97,19.95,40.0,40% volume voordeel,,,3 stuks,,True,AHOO,40% volume voordeel,2026-08-09,2026-08-09,,True,AH,https://www.ah.nl/producten/product/wi625725,2026-08-09,Robijn Fabric softener passionbl & bergamot 3-pack,households
597524,0,AH Afwasborstel lang 2-pack,AH,huishouden,Huishouden,Afwasborstels,2.45,2.58,5.0,5% volume voordeel,,,2 stuks,,True,AHOO,5% volume voordeel,2026-08-09,2999-12-31,,True,AH,https://www.ah.nl/producten/product/wi597524,2026-08-09,AH Dishwashing brush long 2-pack,households
610448,0,Page Puur vochtig toiletpapier 6-pack,Page,huishouden,Huishouden,Vochtig toiletpapier,10.3,13.74,25.0,25% volume voordeel,,,6 stuks,,True,AHOO,25% volume voordeel,2026-08-09,2999-12-31,,True,AH,https://www.ah.nl/producten/product/wi610448,2026-08-09,Page Pure moist toilet paper 6-pack,households
610447,0,Page Puur vochtig toiletpapier 4-pack,Page,huishouden,Huishouden,Vochtig toiletpapier,7.79,9.16,15.0,15% volume voordeel,,,4 stuks,,True,AHOO,15% volume voordeel,2026-08-09,2999-12-31,,True,AH,https://www.ah.nl/producten/product/wi610447,2026-08-09,Page Puur vochtig toiletpapier 4-pack,households
610446,0,Page Puur vochtig toiletpapier 2-pack,Page,huishouden,Huishouden,Vochtig toiletpapier,4.35,4.58,5.0,5% volume voordeel,,,2 stuks,,True,AHOO,5% volume voordeel,2026-08-09,2999-12-31,,True,AH,https://www.ah.nl/producten/product/wi610446,2026-08-09,Page Pure moist toilet paper 2-pack,households
478098,731448,Witte Reus Toiletblok deluxe delicate magnolia,Witte Reus,huishouden,Huishouden,Toiletblokken,1.8,4.49,60.0,60% korting,,,per stuk,,True,AH,60% korting,2026-08-03,2026-08-09,,True,AH,https://www.ah.nl/producten/product/wi478098,2026-08-09,Witte Reus Toiletblok deluxe delicate magnolia,households
505039,839138,AH Toiletreiniger oceaan,AH,huishouden,Huishouden,Toiletreiniger,0.95,0.95,,,,,1 l,prijs per liter €0.95,False,,,,,,True,AH,https://www.ah.nl/producten/product/wi505039,2026-08-09,AH Toiletreiniger oceaan,households
590115,36393,Robijn Wasverzachter paradise secret,Robijn,huishouden,Huishouden,Wasverzachters,7.89,7.89,,1 + 1 gratis,,1.0,38 wasbeurten,,True,AH,1 + 1 gratis,2026-08-10,2026-08-16,,True,AH,https://www.ah.nl/producten/product/wi590115,2026-08-09,Robijn Wasverzachter paradise secret,households
608834,0,Robijn Wasverzachter paradise secret 2-pack,Robijn,huishouden,Huishouden,Wasverzachters,11.05,15.78,30.0,30% volume voordeel,,,2 stuks,,True,AHOO,30% volume voordeel,2026-08-09,2026-08-09,,True,AH,https://www.ah.nl/producten/product/wi608834,2026-08-09,Robijn Wasverzachter paradise secret 2-pack,households
608835,0,Robijn Wasverzachter paradise secret 4-pack,Robijn,huishouden,Huishouden,Wasverzachters,18.94,31.56,40.0,40% volume voordeel,,,4 stuks,,True,AHOO,40% volume voordeel,2026-08-09,2026-08-09,,True,AH,https://www.ah.nl/producten/product/wi608835,2026-08-09,Robijn Wasverzachter paradise secret 4-pack,households
608836,0,Robijn Wasverzachter paradise secret 8-pack,Robijn,huishouden,Huishouden,Wasverzachters,31.56,63.12,50.0,50% volume voordeel,,,8 stuks,,True,AHOO,50% volume voordeel,2026-08-09,2026-08-09,,True,AH,https://www.ah.nl/producten/product/wi608836,2026-08-09,Robijn Wasverzachter paradise secret 8-pack,households
625718,0,Robijn Wasverzachter paradise secret 3-pack,Robijn,huishouden,Huishouden,Wasverzachters,14.2,23.67,40.0,40% volume voordeel,,,3 stuks,,True,AHOO,40% volume voordeel,2026-08-09,2026-08-09,,True,AH,https://www.ah.nl/producten/product/wi625718,2026-08-09,Robijn Fabric Softener paradise secret 3-pack,households
184609,773628,WC-Eend Wc eend action gel ocean,WC-Eend,huishouden,Huishouden,Toiletgel,3.75,3.75,,,,,"0,75 l",prijs per liter €5.00,False,,,,,,True,AH,https://www.ah.nl/producten/product/wi184609,2026-08-09,WC-Eend Wc eend action gel ocean,households
505041,840544,AH Tissues extra zacht & sterk 4 lagen,AH,huishouden,Huishouden,Tissues,1.59,1.59,,,,,80 stuks,,False,,,,,,True,AH,https://www.ah.nl/producten/product/wi505041,2026-08-09,AH Tissues extra soft & strong 4 layers,households
608669,0,Glorix Glorix eucalyptus bleek 4-pack,Glorix,huishouden,Huishouden,Bleekmiddel,7.47,9.96,25.0,25% volume voordeel,,,4 stuks,,True,AHOO,25% volume voordeel,2026-08-09,2999-12-31,,True,AH,https://www.ah.nl/producten/product/wi608669,2026-08-09,Glorix Glorix eucalyptus bleek 4-pack,households
211029,806412,Robijn Klein & krachtig color wasmiddel,Robijn,huishouden,Huishouden,Vloeibaar wasmiddel,17.79,17.79,,1 + 1 gratis,,1.0,22 wasbeurten,,True,AH,1 + 1 gratis,2026-08-10,2026-08-16,,True,AH,https://www.ah.nl/producten/product/wi211029,2026-08-09,Robijn Klein & krachtig color wasmiddel,households
570825,11285,Dreft Max power vloeibaar afwasmiddel citroen,Dreft,huishouden,Huishouden,Afwasmiddel,4.99,4.99,,,,,450 ml,prijs per liter €11.09,False,,,,,,True,AH,https://www.ah.nl/producten/product/wi570825,2026-08-09,Dreft Max power vloeibaar afwasmiddel citroen,households
598061,0,AH Pedaalemmerzakken lavendel 35l 4-pack,AH,huishouden,Huishouden,Treksluitzakken,7.45,8.76,15.0,15% volume voordeel,,,4 stuks,,True,AHOO,15% volume voordeel,2026-08-09,2999-12-31,,True,AH,https://www.ah.nl/producten/product/wi598061,2026-08-09,AH Pedal bin bags lavender 35l 4-pack,households
579129,22163,Glorix WC blok wildberries,Glorix,huishouden,Huishouden,Toiletblokken,3.99,3.99,,2 + 4 GRATIS,,2.0,per stuk,,True,AH,2 + 4 GRATIS,2026-08-10,2026-08-16,,True,AH,https://www.ah.nl/producten/product/wi579129,2026-08-09,Glorix toilet block wildberries,households
625119,0,Glorix WC blok wildberries 2-pack,Glorix,huishouden,Huishouden,Toiletblokken,6.38,7.98,20.0,20% volume voordeel,,,2 stuks,,True,AHOO,20% volume voordeel,2026-08-09,2026-08-09,,True,AH,https://www.ah.nl/producten/product/wi625119,2026-08-09,Glorix WC blok wildberries 2-pack,households
625120,0,Glorix WC blok wildberries 6-pack,Glorix,huishouden,Huishouden,Toiletblokken,14.36,23.94,40.0,40% volume voordeel,,,6 stuks,,True,AHOO,40% volume voordeel,2026-08-09,2026-08-09,,True,AH,https://www.ah.nl/producten/product/wi625120,2026-08-09,Glorix WC block wildberries 6-pack,households
625121,0,Glorix WC blok wildberries 9-pack,Glorix,huishouden,Huishouden,Toiletblokken,17.95,35.91,50.0,50% volume voordeel,,,9 stuks,,True,AHOO,50% volume voordeel,2026-08-09,2026-08-09,,True,AH,https://www.ah.nl/producten/product/wi625121,2026-08-09,Glorix WC blok wildberries 9-pack,households
569661,0,Robijn K&K color wasmiddel 4-pack,Robijn,huishouden,Huishouden,Vloeibaar wasmiddel,49.81,71.16,30.0,30% volume voordeel,,,4 stuks,,True,AHOO,30% volume voordeel,2026-08-09,2026-08-09,,True,AH,https://www.ah.nl/producten/product/wi569661,2026-08-09,Robijn K&K color detergent 4-pack,households
584468,27632,AH Keukenpapier sterk XXXL 1=8 rollen,AH,huishouden,Huishouden,Keukenpapier,3.05,3.05,,,,,per stuk,,False,,,,,,True,AH,https://www.ah.nl/producten/product/wi584468,2026-08-09,AH Kitchen paper strong XXXL 1=8 rolls,households
608670,0,Glorix Glorix eucalyptus bleek 6-pack,Glorix,huishouden,Huishouden,Bleekmiddel,10.46,14.94,30.0,30% volume voordeel,,,6 stuks,,True,AHOO,30% volume voordeel,2026-08-09,2999-12-31,,True,AH,https://www.ah.nl/producten/product/wi608670,2026-08-09,Glorix Glorix eucalyptus bleek 6-pack,households
459994,666101,Nalys Wish dubbelrol keukenpapier,Nalys,huishouden,Huishouden,Keukenpapier,4.99,4.99,,,,,2 stuks,,False,,,,,,True,AH,https://www.ah.nl/producten/product/wi459994,2026-08-09,Nalys Wish double roll of kitchen paper,households
579829,0,Robijn Klein & krachtig color wasmiddel 2-pack,Robijn,huishouden,Huishouden,Vloeibaar wasmiddel,24.91,35.58,30.0,30% volume voordeel,,,2 stuks,,True,AHOO,30% volume voordeel,2026-08-09,2026-08-09,,True,AH,https://www.ah.nl/producten/product/wi579829,2026-08-09,Robijn Klein & powerful color detergent 2-pack,households
608807,0,Robijn K&K color wasmiddel 6-pack,Robijn,huishouden,Huishouden,Vloeibaar wasmiddel,64.04,106.74,40.0,40% volume voordeel,,,6 stuks,,True,AHOO,40% volume voordeel,2026-08-09,2026-08-09,,True,AH,https://www.ah.nl/producten/product/wi608807,2026-08-09,Robijn K&K color wasmiddel 6-pack,households
610429,0,Nalys Wish dubbelrol keukenpapier 2-pack,Nalys,huishouden,Huishouden,Keukenpapier,8.48,9.98,15.0,15% volume voordeel,,,2 stuks,,True,AHOO,15% volume voordeel,2026-08-09,2999-12-31,,True,AH,https://www.ah.nl/producten/product/wi610429,2026-08-09,Nalys Wish double roll of kitchen paper 2-pack,households
238142,831574,AH Allesreiniger citrus spray,AH,huishouden,Huishouden,Allesreiniger,1.99,1.99,,,,,"0,75 l",prijs per liter €2.65,False,,,,,,True,AH,https://www.ah.nl/producten/product/wi238142,2026-08-09,AH Allesreiniger citrus spray,households
55068,510373,AH Ijsblokzakjes,AH,huishouden,Huishouden,IJsblokzakjes,0.59,0.59,,,,,10 stuks,,False,,,,,,True,AH,https://www.ah.nl/producten/product/wi55068,2026-08-09,AH Ijsblokzakjes,households
367293,851957,Edet Amandelmelk vochtig toiletpapier,Edet,huishouden,Huishouden,Vochtig toiletpapier,2.99,2.99,,,,,42 stuks,,False,,,,,,True,AH,https://www.ah.nl/producten/product/wi367293,2026-08-09,Edet Amandelmelk vochtig toiletpapier,households
175214,110430706,Etos Brilpoetsdoekjes,Etos,huishouden,Huishouden,"Beeldscherm, brilreiniger",0.95,0.95,,,,,30 stuks,,False,,,,,,True,ETOS,https://www.ah.nl/producten/product/wi175214,2026-08-09,Etos Brilpoetsdoekjes,households
226712,820198,Glorix Glorix pink flower bleek,Glorix,huishouden,Huishouden,Bleekmiddel,2.49,2.49,,,,,"0,75 l",prijs per liter €3.32,False,,,,,,True,AH,https://www.ah.nl/producten/product/wi226712,2026-08-09,Glorix Glorix pink flower bleek,households
237831,828872,AH Waspoeder kleur,AH,huishouden,Huishouden,Waspoeder,1.69,1.69,,,,,30 wasbeurten,,False,,,,,,True,AH,https://www.ah.nl/producten/product/wi237831,2026-08-09,AH Waspoeder kleur,households
610199,0,Edet Amandelmelk vochtig toiletpapier 4-pack,Edet,huishouden,Huishouden,Vochtig toiletpapier,9.57,11.96,20.0,20% volume voordeel,,,4 stuks,,True,AHOO,20% volume voordeel,2026-08-09,2999-12-31,,True,AH,https://www.ah.nl/producten/product/wi610199,2026-08-09,Edet Amandelmelk vochtig toiletpapier 4-pack,households
498787,811526,AH Glasspray,AH,huishouden,Huishouden,Glasreiniger en reinigingsspray,1.69,1.69,,,,,1 l,prijs per liter €1.69,False,,,,,,True,AH,https://www.ah.nl/producten/product/wi498787,2026-08-09,AH Glasspray,households
365784,832791,Edet Kamille vochtig toiletpapier,Edet,huishouden,Huishouden,Vochtig toiletpapier,2.99,2.99,,,,,42 stuks,,False,,,,,,True,AH,https://www.ah.nl/producten/product/wi365784,2026-08-09,Edet Kamille vochtig toiletpapier,households
511998,884097,Glorix Aroma lux white rose & tea tree oil,Glorix,huishouden,Huishouden,Toiletblokken,3.89,3.89,,2 + 4 GRATIS,,2.0,per stuk,,True,AH,2 + 4 GRATIS,2026-08-10,2026-08-16,,True,AH,https://www.ah.nl/producten/product/wi511998,2026-08-09,Glorix Aroma lux white rose & tea tree oil,households
570946,12474,Finish Quantum vaatwastabletten,Finish,huishouden,Huishouden,Vaatwastabletten,20.99,20.99,,2 + 3 GRATIS,,2.0,44 stuks,,True,AH,2 + 3 GRATIS,2026-08-03,2026-08-09,,True,AH,https://www.ah.nl/producten/product/wi570946,2026-08-09,Finish Quantum vaatwastabletten,households
625095,0,Glorix Aroma lux white rose & tea tree 2-pack,Glorix,huishouden,Huishouden,Toiletblokken,6.22,7.78,20.0,20% volume voordeel,,,2 stuks,,True,AHOO,20% volume voordeel,2026-08-09,2026-08-09,,True,AH,https://www.ah.nl/producten/product/wi625095,2026-08-09,Glorix Aroma lux white rose & tea tree 2-pack,households
625096,0,Glorix Aroma lux white rose & tea tree 6-pack,Glorix,huishouden,Huishouden,Toiletblokken,14.0,23.34,40.0,40% volume voordeel,,,6 stuks,,True,AHOO,40% volume voordeel,2026-08-09,2026-08-09,,True,AH,https://www.ah.nl/producten/product/wi625096,2026-08-09,Glorix Aroma lux white rose & tea tree 6-pack,households
625097,0,Glorix Aroma lux white rose & tea tree 9-pack,Glorix,huishouden,Huishouden,Toiletblokken,17.5,35.01,50.0,50% volume voordeel,,,9 stuks,,True,AHOO,50% volume voordeel,2026-08-09,2026-08-09,,True,AH,https://www.ah.nl/producten/product/wi625097,2026-08-09,Glorix Aroma lux white rose & tea tree 9-pack,households
587722,32980,Dreft 3in1 power spray citroen,Dreft,huishouden,Huishouden,Afwasmiddel,7.99,7.99,,,,,"0,5 l",prijs per liter €15.98,False,,,,,,True,AH,https://www.ah.nl/producten/product/wi587722,2026-08-09,Dreft 3in1 power spray citroen,households
610200,0,Edet Amandelmelk vochtig toiletpapier 6-pack,Edet,huishouden,Huishouden,Vochtig toiletpapier,12.56,17.94,30.0,30% volume voordeel,,,6 stuks,,True,AHOO,30% volume voordeel,2026-08-09,2999-12-31,,True,AH,https://www.ah.nl/producten/product/wi610200,2026-08-09,Edet Amandelmelk vochtig toiletpapier 6-pack,households
127999,583613,AH Allesreiniger bloemen & fruit,AH,huishouden,Huishouden,Allesreiniger,0.69,0.69,,,,,"1,25 l",prijs per liter €0.55,False,,,,,,True,AH,https://www.ah.nl/producten/product/wi127999,2026-08-09,AH Allesreiniger bloemen & fruit,households
560708,99250,Edet Limited edition vochtig toiletpapier,Edet,huishouden,Huishouden,Vochtig toiletpapier,2.99,2.99,,,,,42 stuks,,False,,,,,,True,AH,https://www.ah.nl/producten/product/wi560708,2026-08-09,Edet Limited edition vochtig toiletpapier,households
618348,0,AH Vuilnisemmerzakken 35L 2-pack,AH,huishouden,Huishouden,Pedaalemmerzakken,4.2,4.38,4.0,4% volume voordeel,,,2 stuks,,True,AHOO,4% volume voordeel,2026-08-09,2999-12-31,,True,AH,https://www.ah.nl/producten/product/wi618348,2026-08-09,AH Vuilnisemmerzakken 35L 2-pack,households
154339,558991,Klok Eco afwasmiddel,Klok,huishouden,Huishouden,Afwasmiddel,1.49,1.49,,,,,"0,5 l",prijs per liter €2.98,False,,,,,,True,AH,https://www.ah.nl/producten/product/wi154339,2026-08-09,Klok Eco afwasmiddel,households
396792,847900,AH Toilet reinigingsdoekjes vochtig,AH,huishouden,Huishouden,Vochtige doekjes,1.59,1.59,,2 + 1 GRATIS,,2.0,40 stuks,,True,AH,2 + 1 GRATIS,2026-08-03,2026-08-09,,True,AH,https://www.ah.nl/producten/product/wi396792,2026-08-09,AH Toilet reinigingsdoekjes vochtig,households
584467,27631,AH Keukenpapier extra sterk 3=4 rollen,AH,huishouden,Huishouden,Keukenpapier,3.29,3.29,,,,,3 stuks,,False,,,,,,True,AH,https://www.ah.nl/producten/product/wi584467,2026-08-09,AH Keukenpapier extra sterk 3=4 rollen,households
600226,51012,Robijn Wasparfum morgenfris,Robijn,huishouden,Huishouden,Textielverfrissers,6.99,6.99,,1 + 1 gratis,,1.0,17 wasbeurten,normale prijs per liter €20.44,True,AH,1 + 1 gratis,2026-08-10,2026-08-16,,True,AH,https://www.ah.nl/producten/product/wi600226,2026-08-09,Robijn Wasparfum morgenfris,households
625186,0,Robijn Wasparfum morgenfris 2-pack,Robijn,huishouden,Huishouden,Textielverfrissers,9.79,13.98,30.0,30% volume voordeel,,,2 stuks,,True,AHOO,30% volume voordeel,2026-08-09,2026-08-09,,True,AH,https://www.ah.nl/producten/product/wi625186,2026-08-09,Robijn Wasparfum morgenfris 2-pack,households
625187,0,Robijn Wasparfum morgenfris 4-pack,Robijn,huishouden,Huishouden,Textielverfrissers,16.78,27.96,40.0,40% volume voordeel,,,4 stuks,,True,AHOO,40% volume voordeel,2026-08-09,2026-08-09,,True,AH,https://www.ah.nl/producten/product/wi625187,2026-08-09,Robijn Wasparfum morgenfris 4-pack,households
43243,91640,Popla Megarol toiletpapier,Popla,huishouden,Huishouden,Toiletpapier - 2 laags,4.49,4.49,,,,,4 rollen,,False,,,,,,True,AH,https://www.ah.nl/producten/product/wi43243,2026-08-09,Popla Megarol toiletpapier,households
587719,32984,Dreft Quickwash original vloeibaar afwasmiddel,Dreft,huishouden,Huishouden,Afwasmiddel,4.39,4.39,,,,,"0,52 l",prijs per liter €8.44,False,,,,,,True,AH,https://www.ah.nl/producten/product/wi587719,2026-08-09,Dreft Quickwash original vloeibaar afwasmiddel,households
610201,0,Edet Kamille vochtig toiletpapier 2-pack,Edet,huishouden,Huishouden,Vochtig toiletpapier,5.38,5.98,10.0,10% volume voordeel,,,2 stuks,,True,AHOO,10% volume voordeel,2026-08-09,2999-12-31,,True,AH,https://www.ah.nl/producten/product/wi610201,2026-08-09,Edet Kamille vochtig toiletpapier 2-pack,households
583328,25997,Lenor Geurbooster zeebries,Lenor,huishouden,Huishouden,Textielverfrissers,4.9967,12.29,59.3,3 voor 14.99,14.99,3.0,240 g,normale prijs per kg €51.21,True,AH,3 VOOR 14.99,2026-08-03,2026-08-09,,True,AH,https://www.ah.nl/producten/product/wi583328,2026-08-09,Lenor Geurbooster zeebries,households
586486,0,Lenor Geurparels Zeebries 4-pack,Lenor,huishouden,Huishouden,Wasverzachters,27.28,49.16,44.5,pakketkorting,,,4 stuks,,True,AHOO,,2026-08-09,2026-08-09,,True,AH,https://www.ah.nl/producten/product/wi586486,2026-08-09,Lenor Geurparels Zeebries 4-pack,households
587225,32617,AH Trekbandzak pmd 60 liter,AH,huishouden,Huishouden,Treksluitzakken,1.39,1.39,,,,,10 stuks,,False,,,,,,True,AH,https://www.ah.nl/producten/product/wi587225,2026-08-09,AH Trekbandzak pmd 60 liter,households
608674,0,Glorix Glorix pink flower bleek 2-pack,Glorix,huishouden,Huishouden,Bleekmiddel,3.98,4.98,20.0,20% volume voordeel,,,2 stuks,,True,AHOO,20% volume voordeel,2026-08-09,2999-12-31,,True,AH,https://www.ah.nl/producten/product/wi608674,2026-08-09,Glorix Glorix pink flower bleek 2-pack,households
610202,0,Edet Kamille vochtig toiletpapier 4-pack,Edet,huishouden,Huishouden,Vochtig toiletpapier,9.57,11.96,20.0,20% volume voordeel,,,4 stuks,,True,AHOO,20% volume voordeel,2026-08-09,2999-12-31,,True,AH,https://www.ah.nl/producten/product/wi610202,2026-08-09,Edet Kamille vochtig toiletpapier 4-pack,households
478095,731438,Witte Reus Toiletblok deluxe lovely jasmin,Witte Reus,huishouden,Huishouden,Toiletblokken,1.8,4.49,60.0,60% korting,,,per stuk,,True,AH,60% korting,2026-08-03,2026-08-09,,True,AH,https://www.ah.nl/producten/product/wi478095,2026-08-09,Witte Reus Toiletblok deluxe lovely jasmin,households
610203,0,Edet Kamille vochtig toiletpapier 6-pack,Edet,huishouden,Huishouden,Vochtig toiletpapier,12.56,17.94,30.0,30% volume voordeel,,,6 stuks,,True,AHOO,30% volume voordeel,2026-08-09,2999-12-31,,True,AH,https://www.ah.nl/producten/product/wi610203,2026-08-09,Edet Kamille vochtig toiletpapier 6-pack,households
618349,0,AH Vuilnisemmerzakken 35L 3-pack,AH,huishouden,Huishouden,Pedaalemmerzakken,6.04,6.57,8.0,8% volume voordeel,,,3 stuks,,True,AHOO,8% volume voordeel,2026-08-09,2999-12-31,,True,AH,https://www.ah.nl/producten/product/wi618349,2026-08-09,AH Vuilnisemmerzakken 35L 3-pack,households
162362,631309,AH Allesreiniger eucalyptus,AH,huishouden,Huishouden,Allesreiniger,0.69,0.69,,,,,"1,25 l",prijs per liter €0.55,False,,,,,,True,AH,https://www.ah.nl/producten/product/wi162362,2026-08-09,AH Allesreiniger eucalyptus,households
505224,847527,AH Wascapsules 3-in-1 kleur,AH,huishouden,Huishouden,Waspods,4.45,4.45,,,,,22 wasbeurten,,False,,,,,,True,AH,https://www.ah.nl/producten/product/wi505224,2026-08-09,AH Wascapsules 3-in-1 kleur,households
610206,0,Edet Limited edition vochtig toiletpapier 6pk,Edet,huishouden,Huishouden,Vochtig toiletpapier,12.56,17.94,30.0,30% volume voordeel,,,6 stuks,,True,AHOO,30% volume voordeel,2026-08-09,2999-12-31,,True,AH,https://www.ah.nl/producten/product/wi610206,2026-08-09,Edet Limited edition vochtig toiletpapier 6pk,households
617910,0,AH Afwasborstel lang 4-pack,AH,huishouden,Huishouden,Afwasborstels,4.39,5.16,15.0,15% volume voordeel,,,4 stuks,,True,AHOO,15% volume voordeel,2026-08-09,2999-12-31,,True,AH,https://www.ah.nl/producten/product/wi617910,2026-08-09,AH Afwasborstel lang 4-pack,households
610204,0,Edet Limited edition vochtig toiletpapier 2pk,Edet,huishouden,Huishouden,Vochtig toiletpapier,5.38,5.98,10.0,10% volume voordeel,,,2 stuks,,True,AHOO,10% volume voordeel,2026-08-09,2999-12-31,,True,AH,https://www.ah.nl/producten/product/wi610204,2026-08-09,Edet Limited edition vochtig toiletpapier 2pk,households
610205,0,Edet Limited edition vochtig toiletpapier 4pk,Edet,huishouden,Huishouden,Vochtig toiletpapier,9.57,11.96,20.0,20% volume voordeel,,,4 stuks,,True,AHOO,20% volume voordeel,2026-08-09,2999-12-31,,True,AH,https://www.ah.nl/producten/product/wi610205,2026-08-09,Edet Limited edition vochtig toiletpapier 4pk,households
619787,0,AH Pedaalemmerzak trekband lavendel 35l 2pk,AH,huishouden,Huishouden,Treksluitzakken,4.16,4.38,5.0,5% volume voordeel,,,2 stuks,,True,AHOO,5% volume voordeel,2026-08-09,2999-12-31,,True,AH,https://www.ah.nl/producten/product/wi619787,2026-08-09,AH Pedaalemmerzak trekband lavendel 35l 2pk,households
590113,36389,Robijn Wasverzachter zwitsal,Robijn,huishouden,Huishouden,Wasverzachters,7.89,7.89,,1 + 1 gratis,,1.0,38 wasbeurten,,True,AH,1 + 1 gratis,2026-08-10,2026-08-16,,True,AH,https://www.ah.nl/producten/product/wi590113,2026-08-09,Robijn Wasverzachter zwitsal,households
608852,0,Robijn Wasverzachter zwitsal 2-pack,Robijn,huishouden,Huishouden,Wasverzachters,11.05,15.78,30.0,30% volume voordeel,,,2 stuks,,True,AHOO,30% volume voordeel,2026-08-09,2026-08-09,,True,AH,https://www.ah.nl/producten/product/wi608852,2026-08-09,Robijn Wasverzachter zwitsal 2-pack,households
232367,825038,Nalys Blitz huishoudrol,Nalys,huishouden,Huishouden,Keukenpapier,4.29,4.29,,,,,per stuk,,False,,,,,,True,AH,https://www.ah.nl/producten/product/wi232367,2026-08-09,Nalys Blitz huishoudrol,households
587704,32965,Antikal Original spray,Antikal,huishouden,Huishouden,Anti-kalkmiddel,5.99,5.99,,2 + 1 GRATIS,,2.0,"0,8 l",normale prijs per liter €7.49,True,AH,2 + 1 GRATIS,2026-08-03,2026-08-09,,True,AH,https://www.ah.nl/producten/product/wi587704,2026-08-09,Antikal Original spray,households
610426,0,Nalys Blitz huishoudrol 2-pack,Nalys,huishouden,Huishouden,Keukenpapier,7.29,8.58,15.0,15% volume voordeel,,,2 stuks,,True,AHOO,15% volume voordeel,2026-08-09,2999-12-31,,True,AH,https://www.ah.nl/producten/product/wi610426,2026-08-09,Nalys Blitz huishoudrol 2-pack,households
608853,0,Robijn Wasverzachter zwitsal 4-pack,Robijn,huishouden,Huishouden,Wasverzachters,18.94,31.56,40.0,40% volume voordeel,,,4 stuks,,True,AHOO,40% volume voordeel,2026-08-09,2026-08-09,,True,AH,https://www.ah.nl/producten/product/wi608853,2026-08-09,Robijn Wasverzachter zwitsal 4-pack,households
608854,0,Robijn Wasverzachter zwitsal 8-pack,Robijn,huishouden,Huishouden,Wasverzachters,31.56,63.12,50.0,50% volume voordeel,,,8 stuks,,True,AHOO,50% volume voordeel,2026-08-09,2026-08-09,,True,AH,https://www.ah.nl/producten/product/wi608854,2026-08-09,Robijn Wasverzachter zwitsal 8-pack,households
625716,0,Robijn Wasverzachter zwitsal 3-pack,Robijn,huishouden,Huishouden,Wasverzachters,14.2,23.67,40.0,40% volume voordeel,,,3 stuks,,True,AHOO,40% volume voordeel,2026-08-09,2026-08-09,,True,AH,https://www.ah.nl/producten/product/wi625716,2026-08-09,Robijn Wasverzachter zwitsal 3-pack,households
570810,11114,AH Wasmiddel kleur rozen & zomerfruit,AH,huishouden,Huishouden,Vloeibaar wasmiddel,3.99,3.99,,,,,25 wasbeurten,,False,,,,,,True,AH,https://www.ah.nl/producten/product/wi570810,2026-08-09,AH Wasmiddel kleur rozen & zomerfruit,households
451251,588137,Vanish Vlekverwijderaar spray,Vanish,huishouden,Huishouden,Vlekverwijderaars,7.99,7.99,,1 + 1 gratis,,1.0,"0,5 l",normale prijs per liter €15.98,True,AH,1 + 1 gratis,2026-08-10,2026-08-16,,True,AH,https://www.ah.nl/producten/product/wi451251,2026-08-09,Vanish Vlekverwijderaar spray,households
161661,537464,Finish Integrale machinereiniger,Finish,huishouden,Huishouden,Vaatwasmachine reiniger,5.29,5.29,,2 + 3 GRATIS,,2.0,250 ml,normale prijs per liter €21.16,True,AH,2 + 3 GRATIS,2026-08-03,2026-08-09,,True,AH,https://www.ah.nl/producten/product/wi161661,2026-08-09,Finish Integrale machinereiniger,households
583312,25977,AH Wasverzachter geconcentreerd lentefris,AH,huishouden,Huishouden,Wasverzachters,1.69,1.69,,,,,30 wasbeurten,,False,,,,,,True,AH,https://www.ah.nl/producten/product/wi583312,2026-08-09,AH Wasverzachter geconcentreerd lentefris,households
454837,602743,Glorix Power 5+ ocean wc-blok,Glorix,huishouden,Huishouden,Toiletblokken,3.65,3.65,,2 + 4 GRATIS,,2.0,per stuk,,True,AH,2 + 4 GRATIS,2026-08-10,2026-08-16,,True,AH,https://www.ah.nl/producten/product/wi454837,2026-08-09,Glorix Power 5+ ocean wc-blok,households
625104,0,Glorix Power 5+ ocean wc-blok 2-pack,Glorix,huishouden,Huishouden,Toiletblokken,5.84,7.3,20.0,20% volume voordeel,,,2 stuks,,True,AHOO,20% volume voordeel,2026-08-09,2026-08-09,,True,AH,https://www.ah.nl/producten/product/wi625104,2026-08-09,Glorix Power 5+ ocean wc-blok 2-pack,households
483397,737927,AH Kleur beschermer doekjes,AH,huishouden,Huishouden,Kleurdoekjes,1.89,1.89,,,,,24 wasbeurten,,False,,,,,,True,AH,https://www.ah.nl/producten/product/wi483397,2026-08-09,AH Kleur beschermer doekjes,households
625105,0,Glorix Power 5+ ocean wc-blok 6-pack,Glorix,huishouden,Huishouden,Toiletblokken,13.14,21.9,40.0,40% volume voordeel,,,6 stuks,,True,AHOO,40% volume voordeel,2026-08-09,2026-08-09,,True,AH,https://www.ah.nl/producten/product/wi625105,2026-08-09,Glorix Power 5+ ocean wc-blok 6-pack,households
625106,0,Glorix Power 5+ ocean wc-blok 9-pack,Glorix,huishouden,Huishouden,Toiletblokken,16.42,32.85,50.0,50% volume voordeel,,,9 stuks,,True,AHOO,50% volume voordeel,2026-08-09,2026-08-09,,True,AH,https://www.ah.nl/producten/product/wi625106,2026-08-09,Glorix Power 5+ ocean wc-blok 9-pack,households
613454,70054,Edet Simply strong keukenpapier,Edet,huishouden,Huishouden,Keukenpapier,3.99,3.99,,1 + 1 gratis,,1.0,3 stuks,,True,AH,1 + 1 gratis,2026-08-10,2026-08-16,,True,AH,https://www.ah.nl/producten/product/wi613454,2026-08-09,Edet Simply strong keukenpapier,households
161492,628790,Glassex Glas en multi schoonmaakspray,Glassex,huishouden,Huishouden,Glasreiniger en reinigingsspray,3.29,3.29,,2 + 1 GRATIS,,2.0,"0,75 l",normale prijs per liter €4.39,True,AH,2 + 1 GRATIS,2026-08-03,2026-08-09,,True,AH,https://www.ah.nl/producten/product/wi161492,2026-08-09,Glassex Glas en multi schoonmaakspray,households
619788,0,AH Pedaalemmerzak trekband lavendel 35l 3pk,AH,huishouden,Huishouden,Treksluitzakken,5.91,6.57,10.0,10% volume voordeel,,,3 stuks,,True,AHOO,10% volume voordeel,2026-08-09,2999-12-31,,True,AH,https://www.ah.nl/producten/product/wi619788,2026-08-09,AH Pedaalemmerzak trekband lavendel 35l 3pk,households
617909,0,AH Afwasborstel lang 3-pack,AH,huishouden,Huishouden,Afwasborstels,3.48,3.87,10.0,10% volume voordeel,,,3 stuks,,True,AHOO,10% volume voordeel,2026-08-09,2999-12-31,,True,AH,https://www.ah.nl/producten/product/wi617909,2026-08-09,AH Afwasborstel lang 3-pack,households
134295,11112,AH Wasmiddel kleur jasmijn & citrus,AH,huishouden,Huishouden,Vloeibaar wasmiddel,3.99,3.99,,,,,25 wasbeurten,,False,,,,,,True,AH,https://www.ah.nl/producten/product/wi134295,2026-08-09,AH Wasmiddel kleur jasmijn & citrus,households
608675,0,Glorix Glorix pink flower bleek 4-pack,Glorix,huishouden,Huishouden,Bleekmiddel,7.47,9.96,25.0,25% volume voordeel,,,4 stuks,,True,AHOO,25% volume voordeel,2026-08-09,2999-12-31,,True,AH,https://www.ah.nl/producten/product/wi608675,2026-08-09,Glorix Glorix pink flower bleek 4-pack,households
621109,0,AH Trekbandzak pmd 60 liter 4-pack,AH,huishouden,Huishouden,Treksluitzakken,4.89,5.56,12.0,12% volume voordeel,,,4 stuks,,True,AHOO,12% volume voordeel,2026-08-09,2999-12-31,,True,AH,https://www.ah.nl/producten/product/wi621109,2026-08-09,AH Trekbandzak pmd 60 liter 4-pack,households
590119,36397,Robijn Wasverzachter tropical,Robijn,huishouden,Huishouden,Wasverzachters,7.89,7.89,,1 + 1 gratis,,1.0,38 wasbeurten,,True,AH,1 + 1 gratis,2026-08-10,2026-08-16,,True,AH,https://www.ah.nl/producten/product/wi590119,2026-08-09,Robijn Wasverzachter tropical,households
608849,0,Robijn Wasverzachter tropical 2-pack,Robijn,huishouden,Huishouden,Wasverzachters,11.05,15.78,30.0,30% volume voordeel,,,2 stuks,,True,AHOO,30% volume voordeel,2026-08-09,2026-08-09,,True,AH,https://www.ah.nl/producten/product/wi608849,2026-08-09,Robijn Wasverzachter tropical 2-pack,households
496503,788186,Page Compleet schoon toiletpapier,Page,huishouden,Huishouden,Toiletpapier - 3 laags,4.49,4.49,,,,,6 stuks,,False,,,,,,True,AH,https://www.ah.nl/producten/product/wi496503,2026-08-09,Page Compleet schoon toiletpapier,households
608850,0,Robijn Wasverzachter tropical 4-pack,Robijn,huishouden,Huishouden,Wasverzachters,18.94,31.56,40.0,40% volume voordeel,,,4 stuks,,True,AHOO,40% volume voordeel,2026-08-09,2026-08-09,,True,AH,https://www.ah.nl/producten/product/wi608850,2026-08-09,Robijn Wasverzachter tropical 4-pack,households
608851,0,Robijn Wasverzachter tropical 8-pack,Robijn,huishouden,Huishouden,Wasverzachters,31.56,63.12,50.0,50% volume voordeel,,,8 stuks,,True,AHOO,50% volume voordeel,2026-08-09,2026-08-09,,True,AH,https://www.ah.nl/producten/product/wi608851,2026-08-09,Robijn Wasverzachter tropical 8-pack,households
625721,0,Robijn Wasverzachter tropical 3-pack,Robijn,huishouden,Huishouden,Wasverzachters,14.2,23.67,40.0,40% volume voordeel,,,3 stuks,,True,AHOO,40% volume voordeel,2026-08-09,2026-08-09,,True,AH,https://www.ah.nl/producten/product/wi625721,2026-08-09,Robijn Wasverzachter tropical 3-pack,households
226741,820739,Tricel Zilver soda,Tricel,huishouden,Huishouden,Soda,1.25,1.25,,,,,1 kg,prijs per kg €1.25,False,,,,,,True,AH,https://www.ah.nl/producten/product/wi226741,2026-08-09,Tricel Zilver soda,households
236734,830072,WC-Eend Wc eend action gel citrus,WC-Eend,huishouden,Huishouden,Toiletgel,3.75,3.75,,,,,"0,75 l",prijs per liter €5.00,False,,,,,,True,AH,https://www.ah.nl/producten/product/wi236734,2026-08-09,WC-Eend Wc eend action gel citrus,households
455383,612552,Witte Reus Toiletblok kracht actief munt eucalyptus,Witte Reus,huishouden,Huishouden,Toiletblokken,1.6,3.99,60.0,60% korting,,,per stuk,,True,AH,60% korting,2026-08-03,2026-08-09,,True,AH,https://www.ah.nl/producten/product/wi455383,2026-08-09,Witte Reus Toiletblok kracht actief munt eucalyptus,households
570816,11120,AH Puur vloeibaar wasmiddel kleur,AH,huishouden,Huishouden,Vloeibaar wasmiddel,3.99,3.99,,2e Halve Prijs,,2.0,25 wasbeurten,,True,AH,2e Halve Prijs,2026-08-03,2026-08-09,,True,AH,https://www.ah.nl/producten/product/wi570816,2026-08-09,AH Puur vloeibaar wasmiddel kleur,households
470847,722702,AH Vloeibare vaatwas machinereiniger,AH,huishouden,Huishouden,Vaatwasmachine reiniger,1.49,1.49,,,,,250 ml,prijs per liter €5.96,False,,,,,,True,AH,https://www.ah.nl/producten/product/wi470847,2026-08-09,AH Vloeibare vaatwas machinereiniger,households
608676,0,Glorix Glorix pink flower bleek 6-pack,Glorix,huishouden,Huishouden,Bleekmiddel,10.46,14.94,30.0,30% volume voordeel,,,6 stuks,,True,AHOO,30% volume voordeel,2026-08-09,2999-12-31,,True,AH,https://www.ah.nl/producten/product/wi608676,2026-08-09,Glorix Glorix pink flower bleek 6-pack,households
166518,640780,Dettol Desinfecterende multi-oppervlakken spray,Dettol,huishouden,Huishouden,Badkamerreiniger,3.99,3.99,,2 + 1 GRATIS,,2.0,"0,5 l",normale prijs per liter €7.98,True,AH,2 + 1 GRATIS,2026-08-03,2026-08-09,,True,AH,https://www.ah.nl/producten/product/wi166518,2026-08-09,Dettol Desinfecterende multi-oppervlakken spray,households
2884,30635,Driehoek Vloeibare zeep,Driehoek,huishouden,Huishouden,Vloeibare schoonmaakzeep,1.95,1.95,,,,,"0,73 l",prijs per liter €2.69,False,,,,,,True,AH,https://www.ah.nl/producten/product/wi2884,2026-08-09,Driehoek Vloeibare zeep,households
211030,806413,Robijn Klein & krachtig stralend wit wasmiddel,Robijn,huishouden,Huishouden,Vloeibaar wasmiddel,17.99,17.99,,1 + 1 gratis,,1.0,22 wasbeurten,,True,AH,1 + 1 gratis,2026-08-10,2026-08-16,,True,AH,https://www.ah.nl/producten/product/wi211030,2026-08-09,Robijn Klein & krachtig stralend wit wasmiddel,households
590110,36386,Robijn Wasverzachter pink sensation,Robijn,huishouden,Huishouden,Wasverzachters,7.35,7.35,,1 + 1 gratis,,1.0,39 wasbeurten,,True,AH,1 + 1 gratis,2026-08-10,2026-08-16,,True,AH,https://www.ah.nl/producten/product/wi590110,2026-08-09,Robijn Wasverzachter pink sensation,households
371513,836572,Swiffer Duster navulling,Swiffer,huishouden,Huishouden,Doekjes,9.99,9.99,,2 + 1 GRATIS,,2.0,7 stuks,,True,AH,2 + 1 GRATIS,2026-08-03,2026-08-09,,True,AH,https://www.ah.nl/producten/product/wi371513,2026-08-09,Swiffer Duster navulling,households
496088,793055,Dettol Antibacteriële schoonmaakdoekjes citroen,Dettol,huishouden,Huishouden,Vochtige doekjes,5.99,5.99,,2 + 1 GRATIS,,2.0,110 stuks,,True,AH,2 + 1 GRATIS,2026-08-03,2026-08-09,,True,AH,https://www.ah.nl/producten/product/wi496088,2026-08-09,Dettol Antibacteriële schoonmaakdoekjes citroen,households
226732,820726,Cif Schuurmiddel citroen cream,Cif,huishouden,Huishouden,Schuurmiddel,2.89,2.89,,2 + 1 GRATIS,,2.0,"0,75 l",normale prijs per liter €3.85,True,AH,2 + 1 GRATIS,2026-08-03,2026-08-09,,True,AH,https://www.ah.nl/producten/product/wi226732,2026-08-09,Cif Schuurmiddel citroen cream,households
405202,851958,AH Vochtig toiletpapier alo vera,AH,huishouden,Huishouden,Vochtig toiletpapier,0.99,0.99,,,,,40 stuks,,False,,,,,,True,AH,https://www.ah.nl/producten/product/wi405202,2026-08-09,AH Vochtig toiletpapier alo vera,households
220228,814178,Dettol Allesreiniger spray sprankelende citroen,Dettol,huishouden,Huishouden,Glasreiniger en reinigingsspray,3.99,3.99,,2 + 1 GRATIS,,2.0,"0,5 l",normale prijs per liter €7.98,True,AH,2 + 1 GRATIS,2026-08-03,2026-08-09,,True,AH,https://www.ah.nl/producten/product/wi220228,2026-08-09,Dettol Allesreiniger spray sprankelende citroen,households
608840,0,Robijn Wasverzachter pink sensation 2-pack,Robijn,huishouden,Huishouden,Wasverzachters,10.29,14.7,30.0,30% volume voordeel,,,2 stuks,,True,AHOO,30% volume voordeel,2026-08-09,2026-08-09,,True,AH,https://www.ah.nl/producten/product/wi608840,2026-08-09,Robijn Wasverzachter pink sensation 2-pack,households
608841,0,Robijn Wasverzachter pink sensation 4-pack,Robijn,huishouden,Huishouden,Wasverzachters,17.64,29.4,40.0,40% volume voordeel,,,4 stuks,,True,AHOO,40% volume voordeel,2026-08-09,2026-08-09,,True,AH,https://www.ah.nl/producten/product/wi608841,2026-08-09,Robijn Wasverzachter pink sensation 4-pack,households
417027,680147,Page Kussenzacht toiletpapier voordeelpak,Page,huishouden,Huishouden,Toiletpapier - 3 laags,8.29,8.29,,,,,12 stuks,,False,,,,,,True,AH,https://www.ah.nl/producten/product/wi417027,2026-08-09,Page Kussenzacht toiletpapier voordeelpak,households
608808,0,Robijn K&K stralend wit wasmiddel 4-pack,Robijn,huishouden,Huishouden,Vloeibaar wasmiddel,50.37,71.96,30.0,30% volume voordeel,,,4 stuks,,True,AHOO,30% volume voordeel,2026-08-09,2026-08-09,,True,AH,https://www.ah.nl/producten/product/wi608808,2026-08-09,Robijn K&K stralend wit wasmiddel 4-pack,households
608842,0,Robijn Wasverzachter pink sensation 8-pack,Robijn,huishouden,Huishouden,Wasverzachters,29.4,58.8,50.0,50% volume voordeel,,,8 stuks,,True,AHOO,50% volume voordeel,2026-08-09,2026-08-09,,True,AH,https://www.ah.nl/producten/product/wi608842,2026-08-09,Robijn Wasverzachter pink sensation 8-pack,households
625724,0,Robijn Wasverzachter pink sensation 3-pack,Robijn,huishouden,Huishouden,Wasverzachters,13.23,22.05,40.0,40% volume voordeel,,,3 stuks,,True,AHOO,40% volume voordeel,2026-08-09,2026-08-09,,True,AH,https://www.ah.nl/producten/product/wi625724,2026-08-09,Robijn Wasverzachter pink sensation 3-pack,households
428778,696357,AH Vochtig toiletpapier soft,AH,huishouden,Huishouden,Vochtig toiletpapier,0.99,0.99,,,,,40 stuks,,False,,,,,,True,AH,https://www.ah.nl/producten/product/wi428778,2026-08-09,AH Vochtig toiletpapier soft,households
608809,0,Robijn K&K stralend wit wasmiddel 6-pack,Robijn,huishouden,Huishouden,Vloeibaar wasmiddel,64.76,107.94,40.0,40% volume voordeel,,,6 stuks,,True,AHOO,40% volume voordeel,2026-08-09,2026-08-09,,True,AH,https://www.ah.nl/producten/product/wi608809,2026-08-09,Robijn K&K stralend wit wasmiddel 6-pack,households
232365,825036,Page Vochtig compleet schoon maxi pack,Page,huishouden,Huishouden,Vochtig toiletpapier,3.69,3.69,,,,,74 stuks,,False,,,,,,True,AH,https://www.ah.nl/producten/product/wi232365,2026-08-09,Page Vochtig compleet schoon maxi pack,households
417026,848937,Page Kussenzacht toiletpapier,Page,huishouden,Huishouden,Toiletpapier - 3 laags,4.15,4.15,,,,,6 stuks,,False,,,,,,True,AH,https://www.ah.nl/producten/product/wi417026,2026-08-09,Page Kussenzacht toiletpapier,households
489318,743103,AH Zeemineralen & cederhout luchtverfrisser,AH,huishouden,Huishouden,Luchtverfrissers woonkamer,1.99,1.99,,,,,250 ml,prijs per liter €7.96,False,,,,,,True,AH,https://www.ah.nl/producten/product/wi489318,2026-08-09,AH Zeemineralen & cederhout luchtverfrisser,households
166694,640487,Page Compleet schoon toiletpapier,Page,huishouden,Huishouden,Toiletpapier - 3 laags,17.0,28.33,40.0,40% korting,,,40 stuks,,True,AH,40% korting,2026-08-03,2026-08-09,,True,AH,https://www.ah.nl/producten/product/wi166694,2026-08-09,Page Compleet schoon toiletpapier,households
503095,825876,Robijn Color wasmiddel voordeelfles,Robijn,huishouden,Huishouden,Vloeibaar wasmiddel,29.99,29.99,,1 + 1 gratis,,1.0,39 wasbeurten,,True,AH,1 + 1 gratis,2026-08-10,2026-08-16,,True,AH,https://www.ah.nl/producten/product/wi503095,2026-08-09,Robijn Color wasmiddel voordeelfles,households
579830,0,Robijn K&K stralend wit wasmiddel 2-pack,Robijn,huishouden,Huishouden,Vloeibaar wasmiddel,25.19,35.98,30.0,30% volume voordeel,,,2 stuks,,True,AHOO,30% volume voordeel,2026-08-09,2026-08-09,,True,AH,https://www.ah.nl/producten/product/wi579830,2026-08-09,Robijn K&K stralend wit wasmiddel 2-pack,households
594720,0,Robijn Color wasmiddel voordeelfles 2-pack,Robijn,huishouden,Huishouden,Vloeibaar wasmiddel,41.99,59.98,30.0,30% volume voordeel,,,2 stuks,,True,AHOO,30% volume voordeel,2026-08-09,2026-08-09,,True,AH,https://www.ah.nl/producten/product/wi594720,2026-08-09,Robijn Color wasmiddel voordeelfles 2-pack,households
590442,0,Robijn Color wasmiddel voordeelfles 4-pack,Robijn,huishouden,Huishouden,Vloeibaar wasmiddel,59.98,119.96,50.0,50% volume voordeel,,,4 stuks,,True,AHOO,50% volume voordeel,2026-08-09,2026-08-09,,True,AH,https://www.ah.nl/producten/product/wi590442,2026-08-09,Robijn Color wasmiddel voordeelfles 4-pack,households
625164,0,Robijn Color wasmiddel voordeelfles 3-pack,Robijn,huishouden,Huishouden,Vloeibaar wasmiddel,53.98,89.97,40.0,40% volume voordeel,,,3 stuks,,True,AHOO,40% volume voordeel,2026-08-09,2026-08-09,,True,AH,https://www.ah.nl/producten/product/wi625164,2026-08-09,Robijn Color wasmiddel voordeelfles 3-pack,households
570815,11119,AH Wasmiddel zwart & donker,AH,huishouden,Huishouden,Vloeibaar wasmiddel,2.39,2.39,,,,,25 wasbeurten,,False,,,,,,True,AH,https://www.ah.nl/producten/product/wi570815,2026-08-09,AH Wasmiddel zwart & donker,households
481824,736524,AH Latex handschoenen one size,AH,huishouden,Huishouden,Klus- en schoonmaak handschoenen,1.99,1.99,,,,,20 stuks,,False,,,,,,True,AH,https://www.ah.nl/producten/product/wi481824,2026-08-09,AH Latex handschoenen one size,households
59931,14825,Tempo Original 4-laags zakdoeken,Tempo,huishouden,Huishouden,Zakdoekjes,2.69,2.69,,,,,10 x 10 stuks,,False,,,,,,True,AH,https://www.ah.nl/producten/product/wi59931,2026-08-09,Tempo Original 4-laags zakdoeken,households
569302,8814,Ariel Vloeibaar color wasmiddel,Ariel,huishouden,Huishouden,Vloeibaar wasmiddel,20.99,20.99,,1 + 1 GRATIS,,1.0,30 wasbeurten,,True,AH,1 + 1 GRATIS,2026-08-03,2026-08-09,,True,AH,https://www.ah.nl/producten/product/wi569302,2026-08-09,Ariel Vloeibaar color wasmiddel,households
517461,560173,Sun Optimum machinereiniger,Sun,huishouden,Huishouden,Vaatwasmachine reiniger,4.99,4.99,,2 + 3 GRATIS,,2.0,3 stuks,,True,AH,2 + 3 GRATIS,2026-08-03,2026-08-09,,True,AH,https://www.ah.nl/producten/product/wi517461,2026-08-09,Sun Optimum machinereiniger,households
467091,718389,Robijn 3-in-1 Wascapsules color,Robijn,huishouden,Huishouden,Waspods,9.49,9.49,,1 + 1 gratis,,1.0,15 wasbeurten,,True,AH,1 + 1 gratis,2026-08-10,2026-08-16,,True,AH,https://www.ah.nl/producten/product/wi467091,2026-08-09,Robijn 3-in-1 Wascapsules color,households
548630,611564,Ariel 4-in-1 pods+ unstoppables wascapsules,Ariel,huishouden,Huishouden,Waspods,27.99,27.99,,1 + 1 GRATIS,,1.0,26 wasbeurten,,True,AH,1 + 1 GRATIS,2026-08-03,2026-08-09,,True,AH,https://www.ah.nl/producten/product/wi548630,2026-08-09,Ariel 4-in-1 pods+ unstoppables wascapsules,households
625146,0,Robijn 3-in-1 Wascapsules color 2-pack,Robijn,huishouden,Huishouden,Waspods,13.29,18.98,30.0,30% volume voordeel,,,2 stuks,,True,AHOO,30% volume voordeel,2026-08-09,2026-08-09,,True,AH,https://www.ah.nl/producten/product/wi625146,2026-08-09,Robijn 3-in-1 Wascapsules color 2-pack,households
470851,722706,AH Allesreiniger bloemen & fruit spray,AH,huishouden,Huishouden,Allesreiniger,1.99,1.99,,,,,"0,75 l",prijs per liter €2.65,False,,,,,,True,AH,https://www.ah.nl/producten/product/wi470851,2026-08-09,AH Allesreiniger bloemen & fruit spray,households
608623,0,Cif Schuurmiddel citroen cream 2-pack,Cif,huishouden,Huishouden,Schuurmiddel,5.2,5.78,10.0,10% volume voordeel,,,2 stuks,,True,AHOO,10% volume voordeel,2026-08-10,2999-12-31,,True,AH,https://www.ah.nl/producten/product/wi608623,2026-08-09,Cif Schuurmiddel citroen cream 2-pack,households
489316,743101,AH Jasmijn & citrus luchtverfrisser,AH,huishouden,Huishouden,Luchtverfrissers woonkamer,1.99,1.99,,,,,250 ml,prijs per liter €7.96,False,,,,,,True,AH,https://www.ah.nl/producten/product/wi489316,2026-08-09,AH Jasmijn & citrus luchtverfrisser,households
605826,0,Ariel 4-in-1 pods+ unstoppables wascap 4-pack,Ariel,huishouden,Huishouden,Waspods,55.98,111.96,50.0,pakketkorting,,,4 stuks,,True,AHOO,,2026-08-09,2026-08-09,,True,AH,https://www.ah.nl/producten/product/wi605826,2026-08-09,Ariel 4-in-1 pods+ unstoppables wascap 4-pack,households
625147,0,Robijn 3-in-1 Wascapsules color 3-pack,Robijn,huishouden,Huishouden,Waspods,17.08,28.47,40.0,40% volume voordeel,,,3 stuks,,True,AHOO,40% volume voordeel,2026-08-09,2026-08-09,,True,AH,https://www.ah.nl/producten/product/wi625147,2026-08-09,Robijn 3-in-1 Wascapsules color 3-pack,households
625148,0,Robijn 3-in-1 Wascapsules color 4-pack,Robijn,huishouden,Huishouden,Waspods,18.98,37.96,50.0,50% volume voordeel,,,4 stuks,,True,AHOO,50% volume voordeel,2026-08-09,2026-08-09,,True,AH,https://www.ah.nl/producten/product/wi625148,2026-08-09,Robijn 3-in-1 Wascapsules color 4-pack,households
202206,798358,Toppits Super aluminium,Toppits,huishouden,Huishouden,Aluminiumfolie,4.39,4.39,,,,,10 meter,prijs per m €0.44,False,,,,,,True,AH,https://www.ah.nl/producten/product/wi202206,2026-08-09,Toppits Super aluminium,households
217465,811679,Swirl Vuilniszakken met fixeerband 30 liter,Swirl,huishouden,Huishouden,Treksluitzakken,3.75,3.75,,,,,10 stuks,,False,,,,,,True,AH,https://www.ah.nl/producten/product/wi217465,2026-08-09,Swirl Vuilniszakken met fixeerband 30 liter,households
570811,11115,AH Wasmiddel kleur zeemineralen & cederhout,AH,huishouden,Huishouden,Vloeibaar wasmiddel,3.99,3.99,,,,,25 wasbeurten,,False,,,,,,True,AH,https://www.ah.nl/producten/product/wi570811,2026-08-09,AH Wasmiddel kleur zeemineralen & cederhout,households
166348,607563,Ajax Allesreiniger fris,Ajax,huishouden,Huishouden,Allesreiniger,2.95,2.95,,2 + 1 GRATIS,,2.0,"1,25 l",normale prijs per liter €2.36,True,AH,2 + 1 GRATIS,2026-08-03,2026-08-09,,True,AH,https://www.ah.nl/producten/product/wi166348,2026-08-09,Ajax Allesreiniger fris,households
623010,0,Ariel 4-in-1 pods+ unstoppable wascapsule 2pk,Ariel,huishouden,Huishouden,Waspods,27.99,55.98,50.0,pakketkorting,,,2 stuks,,True,AHOO,,2026-08-09,2026-08-09,,True,AH,https://www.ah.nl/producten/product/wi623010,2026-08-09,Ariel 4-in-1 pods+ unstoppable wascapsule 2pk,households
626057,0,Ajax Allesreiniger fris 2-pack,Ajax,huishouden,Huishouden,Allesreiniger,5.31,5.9,10.0,10% volume voordeel,,,2 stuks,,True,AHOO,10% volume voordeel,2026-08-10,2999-12-31,,True,AH,https://www.ah.nl/producten/product/wi626057,2026-08-09,Ajax Allesreiniger fris 2-pack,households
548459,531515,Robijn Wasmiddeldoekjes color,Robijn,huishouden,Huishouden,Vloeibaar wasmiddel,10.79,10.79,,1 + 1 gratis,,1.0,16 wasbeurten,,True,AH,1 + 1 gratis,2026-08-10,2026-08-16,,True,AH,https://www.ah.nl/producten/product/wi548459,2026-08-09,Robijn Wasmiddeldoekjes color,households
556439,678344,AH Power all in 1 vaatwascapsules citroen,AH,huishouden,Huishouden,Vaatwastabletten,4.35,4.35,,,,,25 stuks,,False,,,,,,True,AH,https://www.ah.nl/producten/product/wi556439,2026-08-09,AH Power all in 1 vaatwascapsules citroen,households
583657,27635,Edet Natural skin balance,Edet,huishouden,Huishouden,Vochtig toiletpapier,2.99,2.99,,,,,42 stuks,,False,,,,,,True,AH,https://www.ah.nl/producten/product/wi583657,2026-08-09,Edet Natural skin balance,households
621107,0,AH Trekbandzak pmd 60 liter 2-pack,AH,huishouden,Huishouden,Treksluitzakken,2.67,2.78,4.0,4% volume voordeel,,,2 stuks,,True,AHOO,4% volume voordeel,2026-08-09,2999-12-31,,True,AH,https://www.ah.nl/producten/product/wi621107,2026-08-09,AH Trekbandzak pmd 60 liter 2-pack,households
623011,0,Ariel 4-in-1 pods+ unstoppable wascapsule 6pk,Ariel,huishouden,Huishouden,Waspods,83.97,167.94,50.0,pakketkorting,,,6 stuks,,True,AHOO,,2026-08-09,2026-08-09,,True,AH,https://www.ah.nl/producten/product/wi623011,2026-08-09,Ariel 4-in-1 pods+ unstoppable wascapsule 6pk,households
626070,0,Ajax Allesreiniger fris 4-pack,Ajax,huishouden,Huishouden,Allesreiniger,8.85,11.8,25.0,pakketkorting,,,4 stuks,,True,AHOO,,2026-08-09,2026-08-09,,True,AH,https://www.ah.nl/producten/product/wi626070,2026-08-09,Ajax Allesreiniger fris 4-pack,households
626085,0,Ajax Allesreiniger fris 6-pack,Ajax,huishouden,Huishouden,Allesreiniger,11.8,17.7,33.3,pakketkorting,,,6 stuks,,True,AHOO,,2026-08-09,2026-08-09,,True,AH,https://www.ah.nl/producten/product/wi626085,2026-08-09,Ajax Allesreiniger fris 6-pack,households
583308,25972,Robijn Wasparfum tropical,Robijn,huishouden,Huishouden,Textielverfrissers,6.99,6.99,,1 + 1 gratis,,1.0,17 wasbeurten,normale prijs per liter €20.44,True,AH,1 + 1 gratis,2026-08-10,2026-08-16,,True,AH,https://www.ah.nl/producten/product/wi583308,2026-08-09,Robijn Wasparfum tropical,households
625198,0,Robijn Wasparfum tropical 2-pack,Robijn,huishouden,Huishouden,Textielverfrissers,9.79,13.98,30.0,30% volume voordeel,,,2 stuks,,True,AHOO,30% volume voordeel,2026-08-09,2026-08-09,,True,AH,https://www.ah.nl/producten/product/wi625198,2026-08-09,Robijn Wasparfum tropical 2-pack,households
625199,0,Robijn Wasparfum tropical 4-pack,Robijn,huishouden,Huishouden,Textielverfrissers,16.78,27.96,40.0,40% volume voordeel,,,4 stuks,,True,AHOO,40% volume voordeel,2026-08-09,2026-08-09,,True,AH,https://www.ah.nl/producten/product/wi625199,2026-08-09,Robijn Wasparfum tropical 4-pack,households
111774,558990,AH Vochtige XL vloerdoeken,AH,huishouden,Huishouden,Vochtige doekjes,2.19,2.19,,2 + 1 GRATIS,,2.0,15 stuks,,True,AH,2 + 1 GRATIS,2026-08-03,2026-08-09,,True,AH,https://www.ah.nl/producten/product/wi111774,2026-08-09,AH Vochtige XL vloerdoeken,households
583329,25998,Lenor Geurbooster gouden orchidee,Lenor,huishouden,Huishouden,Wasverzachters,4.9967,11.59,56.9,3 voor 14.99,14.99,3.0,240 g,normale prijs per kg €48.29,True,AH,3 VOOR 14.99,2026-08-03,2026-08-09,,True,AH,https://www.ah.nl/producten/product/wi583329,2026-08-09,Lenor Geurbooster gouden orchidee,households
586485,0,Lenor  Geurparels Gouden Orchidee  4-pack,Lenor,huishouden,Huishouden,Wasverzachters,26.58,46.36,42.7,pakketkorting,,,4 stuks,,True,AHOO,,2026-08-09,2026-08-09,,True,AH,https://www.ah.nl/producten/product/wi586485,2026-08-09,Lenor  Geurparels Gouden Orchidee  4-pack,households
610207,0,Edet Natural skin balance 2-pack,Edet,huishouden,Huishouden,Vochtig toiletpapier,5.38,5.98,10.0,10% volume voordeel,,,2 stuks,,True,AHOO,10% volume voordeel,2026-08-09,2999-12-31,,True,AH,https://www.ah.nl/producten/product/wi610207,2026-08-09,Edet Natural skin balance 2-pack,households
129269,533408,WC-Eend Wc eend action gel pine,WC-Eend,huishouden,Huishouden,Toiletgel,3.75,3.75,,,,,"0,75 l",prijs per liter €5.00,False,,,,,,True,AH,https://www.ah.nl/producten/product/wi129269,2026-08-09,WC-Eend Wc eend action gel pine,households
236710,829982,Sun All-in-one citroen vaatwastabletten,Sun,huishouden,Huishouden,Vaatwastabletten,10.49,10.49,,2 + 3 GRATIS,,2.0,19 stuks,,True,AH,2 + 3 GRATIS,2026-08-03,2026-08-09,,True,AH,https://www.ah.nl/producten/product/wi236710,2026-08-09,Sun All-in-one citroen vaatwastabletten,households
625202,0,Sun All-in-one citroen tabletten 2pack,Sun,huishouden,Huishouden,Vaatwastabletten,15.73,20.98,25.0,25% volume voordeel,,,2 stuks,,True,AHOO,25% volume voordeel,2026-08-10,2999-12-31,,True,AH,https://www.ah.nl/producten/product/wi625202,2026-08-09,Sun All-in-one citroen tabletten 2pack,households
625204,0,Sun All-in-one citroen tabletten 4pack,Sun,huishouden,Huishouden,Vaatwastabletten,25.18,41.96,40.0,40% volume voordeel,,,4 stuks,,True,AHOO,40% volume voordeel,2026-08-10,2999-12-31,,True,AH,https://www.ah.nl/producten/product/wi625204,2026-08-09,Sun All-in-one citroen tabletten 4pack,households
617237,0,AH Vochtig toiletpapier alo vera 4-pack,AH,huishouden,Huishouden,Vochtig toiletpapier,3.64,3.96,8.0,8% volume voordeel,,,4 stuks,,True,AHOO,8% volume voordeel,2026-08-09,2999-12-31,,True,AH,https://www.ah.nl/producten/product/wi617237,2026-08-09,AH Vochtig toiletpapier alo vera 4-pack,households
590171,36385,Robijn Wasverzachter jasmijn & sandelhout,Robijn,huishouden,Huishouden,Wasverzachters,7.35,7.35,,1 + 1 gratis,,1.0,39 wasbeurten,,True,AH,1 + 1 gratis,2026-08-10,2026-08-16,,True,AH,https://www.ah.nl/producten/product/wi590171,2026-08-09,Robijn Wasverzachter jasmijn & sandelhout,households
610208,0,Edet Natural skin balance 4-pack,Edet,huishouden,Huishouden,Vochtig toiletpapier,9.57,11.96,20.0,20% volume voordeel,,,4 stuks,,True,AHOO,20% volume voordeel,2026-08-09,2999-12-31,,True,AH,https://www.ah.nl/producten/product/wi610208,2026-08-09,Edet Natural skin balance 4-pack,households
590117,36395,Robijn Wasverzachter beautiful mystery,Robijn,huishouden,Huishouden,Wasverzachters,7.89,7.89,,1 + 1 gratis,,1.0,38 wasbeurten,,True,AH,1 + 1 gratis,2026-08-10,2026-08-16,,True,AH,https://www.ah.nl/producten/product/wi590117,2026-08-09,Robijn Wasverzachter beautiful mystery,households
608819,0,Robijn Wasverzachter beautiful mystery 2-pack,Robijn,huishouden,Huishouden,Wasverzachters,11.05,15.78,30.0,30% volume voordeel,,,2 stuks,,True,AHOO,30% volume voordeel,2026-08-09,2026-08-09,,True,AH,https://www.ah.nl/producten/product/wi608819,2026-08-09,Robijn Wasverzachter beautiful mystery 2-pack,households
621108,0,AH Trekbandzak pmd 60 liter 3-pack,AH,huishouden,Huishouden,Treksluitzakken,3.84,4.17,8.0,8% volume voordeel,,,3 stuks,,True,AHOO,8% volume voordeel,2026-08-09,2999-12-31,,True,AH,https://www.ah.nl/producten/product/wi621108,2026-08-09,AH Trekbandzak pmd 60 liter 3-pack,households
191924,806411,Robijn Klein & krachtig black velvet wasmiddel,Robijn,huishouden,Huishouden,Vloeibaar wasmiddel,17.99,17.99,,1 + 1 gratis,,1.0,22 wasbeurten,,True,AH,1 + 1 gratis,2026-08-10,2026-08-16,,True,AH,https://www.ah.nl/producten/product/wi191924,2026-08-09,Robijn Klein & krachtig black velvet wasmiddel,households
610209,0,Edet Natural skin balance 6-pack,Edet,huishouden,Huishouden,Vochtig toiletpapier,12.56,17.94,30.0,30% volume voordeel,,,6 stuks,,True,AHOO,30% volume voordeel,2026-08-09,2999-12-31,,True,AH,https://www.ah.nl/producten/product/wi610209,2026-08-09,Edet Natural skin balance 6-pack,households
617684,0,AH Vochtig toiletpapier soft 4-pack,AH,huishouden,Huishouden,Vochtig toiletpapier,3.64,3.96,8.0,8% volume voordeel,,,4 stuks,,True,AHOO,8% volume voordeel,2026-08-09,2999-12-31,,True,AH,https://www.ah.nl/producten/product/wi617684,2026-08-09,AH Vochtig toiletpapier soft 4-pack,households
608820,0,Robijn Wasverzachter beautiful mystery 4-pack,Robijn,huishouden,Huishouden,Wasverzachters,18.94,31.56,40.0,40% volume voordeel,,,4 stuks,,True,AHOO,40% volume voordeel,2026-08-09,2026-08-09,,True,AH,https://www.ah.nl/producten/product/wi608820,2026-08-09,Robijn Wasverzachter beautiful mystery 4-pack,households
608821,0,Robijn Wasverzachter beautiful mystery 8-pack,Robijn,huishouden,Huishouden,Wasverzachters,31.56,63.12,50.0,50% volume voordeel,,,8 stuks,,True,AHOO,50% volume voordeel,2026-08-09,2026-08-09,,True,AH,https://www.ah.nl/producten/product/wi608821,2026-08-09,Robijn Wasverzachter beautiful mystery 8-pack,households
625720,0,Robijn Wasverzachter beautiful mystery 3-pack,Robijn,huishouden,Huishouden,Wasverzachters,14.2,23.67,40.0,40% volume voordeel,,,3 stuks,,True,AHOO,40% volume voordeel,2026-08-09,2026-08-09,,True,AH,https://www.ah.nl/producten/product/wi625720,2026-08-09,Robijn Wasverzachter beautiful mystery 3-pack,households
598440,0,AH Latex handschoenen one size 4-pack,AH,huishouden,Huishouden,Klus- en schoonmaak handschoenen,6.77,7.96,15.0,15% volume voordeel,,,4 stuks,,True,AHOO,15% volume voordeel,2026-08-09,2999-12-31,,True,AH,https://www.ah.nl/producten/product/wi598440,2026-08-09,AH Latex handschoenen one size 4-pack,households
608805,0,Robijn K&K black velvet wasmiddel 4-pack,Robijn,huishouden,Huishouden,Vloeibaar wasmiddel,50.37,71.96,30.0,30% volume voordeel,,,4 stuks,,True,AHOO,30% volume voordeel,2026-08-09,2026-08-09,,True,AH,https://www.ah.nl/producten/product/wi608805,2026-08-09,Robijn K&K black velvet wasmiddel 4-pack,households
608825,0,Robijn Wasverzachter jasmijn sandelhout 2-pack,Robijn,huishouden,Huishouden,Wasverzachters,10.29,14.7,30.0,30% volume voordeel,,,2 stuks,,True,AHOO,30% volume voordeel,2026-08-09,2026-08-09,,True,AH,https://www.ah.nl/producten/product/wi608825,2026-08-09,Robijn Wasverzachter jasmijn sandelhout 2-pack,households
608826,0,Robijn Wasverzachter jasmijn sandelhout 4-pack,Robijn,huishouden,Huishouden,Wasverzachters,17.64,29.4,40.0,40% volume voordeel,,,4 stuks,,True,AHOO,40% volume voordeel,2026-08-09,2026-08-09,,True,AH,https://www.ah.nl/producten/product/wi608826,2026-08-09,Robijn Wasverzachter jasmijn sandelhout 4-pack,households
617235,0,AH Vochtig toiletpapier alo vera 2-pack,AH,huishouden,Huishouden,Vochtig toiletpapier,1.92,1.98,3.0,3% volume voordeel,,,2 stuks,,True,AHOO,3% volume voordeel,2026-08-09,2999-12-31,,True,AH,https://www.ah.nl/producten/product/wi617235,2026-08-09,AH Vochtig toiletpapier alo vera 2-pack,households
579831,0,Robijn K&K black velvet wasmiddel 2-pack,Robijn,huishouden,Huishouden,Vloeibaar wasmiddel,25.19,35.98,30.0,30% volume voordeel,,,2 stuks,,True,AHOO,30% volume voordeel,2026-08-09,2026-08-09,,True,AH,https://www.ah.nl/producten/product/wi579831,2026-08-09,Robijn K&K black velvet wasmiddel 2-pack,households
608806,0,Robijn K&K black velvet wasmiddel 6-pack,Robijn,huishouden,Huishouden,Vloeibaar wasmiddel,64.76,107.94,40.0,40% volume voordeel,,,6 stuks,,True,AHOO,40% volume voordeel,2026-08-09,2026-08-09,,True,AH,https://www.ah.nl/producten/product/wi608806,2026-08-09,Robijn K&K black velvet wasmiddel 6-pack,households
608827,0,Robijn Wasverzachter jasmijn sandelhout 8-pack,Robijn,huishouden,Huishouden,Wasverzachters,29.4,58.8,50.0,50% volume voordeel,,,8 stuks,,True,AHOO,50% volume voordeel,2026-08-09,2026-08-09,,True,AH,https://www.ah.nl/producten/product/wi608827,2026-08-09,Robijn Wasverzachter jasmijn sandelhout 8-pack,households
625723,0,Robijn Wasverzachter jasmijn&sandelhout 3-pack,Robijn,huishouden,Huishouden,Wasverzachters,13.23,22.05,40.0,40% volume voordeel,,,3 stuks,,True,AHOO,40% volume voordeel,2026-08-09,2026-08-09,,True,AH,https://www.ah.nl/producten/product/wi625723,2026-08-09,Robijn Wasverzachter jasmijn&sandelhout 3-pack,households
590108,36383,Robijn Droogtrommeldoekjes morgenfris,Robijn,huishouden,Huishouden,Textielverfrissers,4.29,4.29,,1 + 1 gratis,,1.0,20 wasbeurten,,True,AH,1 + 1 gratis,2026-08-10,2026-08-16,,True,AH,https://www.ah.nl/producten/product/wi590108,2026-08-09,Robijn Droogtrommeldoekjes morgenfris,households
194563,797813,Neutral Wasmiddel colour sensitive skin,Neutral,huishouden,Huishouden,Hypoallergeen wasmiddel,7.75,7.75,,2e Halve Prijs,,2.0,20 wasbeurten,,True,AH,2e Halve Prijs,2026-08-03,2026-08-09,,True,AH,https://www.ah.nl/producten/product/wi194563,2026-08-09,Neutral Wasmiddel colour sensitive skin,households
136149,603223,AH Pedaalemmerzakken handvatten 16 liter,AH,huishouden,Huishouden,Pedaalemmerzakken,1.19,1.19,,,,,50 stuks,,False,,,,,,True,AH,https://www.ah.nl/producten/product/wi136149,2026-08-09,AH Pedaalemmerzakken handvatten 16 liter,households
163696,634410,Ajax Lentebloem allesreiniger,Ajax,huishouden,Huishouden,Allesreiniger,2.95,2.95,,2 + 1 GRATIS,,2.0,1 l,normale prijs per liter €2.95,True,AH,2 + 1 GRATIS,2026-08-03,2026-08-09,,True,AH,https://www.ah.nl/producten/product/wi163696,2026-08-09,Ajax Lentebloem allesreiniger,households
584470,27630,AH Eco Keukenpapier extra sterk 2=4 rollen,AH,huishouden,Huishouden,Keukenpapier,2.69,2.69,,,,,2 stuks,,False,,,,,,True,AH,https://www.ah.nl/producten/product/wi584470,2026-08-09,AH Eco Keukenpapier extra sterk 2=4 rollen,households
590172,36400,Robijn Quickwash spring blossom wasmiddel,Robijn,huishouden,Huishouden,Vloeibaar wasmiddel,18.99,18.99,,1 + 1 gratis,,1.0,22 wasbeurten,,True,AH,1 + 1 gratis,2026-08-10,2026-08-16,,True,AH,https://www.ah.nl/producten/product/wi590172,2026-08-09,Robijn Quickwash spring blossom wasmiddel,households
625177,0,Robijn Quickwash spring blossom wasmiddel 2pack,Robijn,huishouden,Huishouden,Vloeibaar wasmiddel,26.59,37.98,30.0,30% volume voordeel,,,2 stuks,,True,AHOO,30% volume voordeel,2026-08-09,2026-08-09,,True,AH,https://www.ah.nl/producten/product/wi625177,2026-08-09,Robijn Quickwash spring blossom wasmiddel 2pack,households
625178,0,Robijn Quickwash spring blossom wasmiddel 4pack,Robijn,huishouden,Huishouden,Vloeibaar wasmiddel,45.58,75.96,40.0,40% volume voordeel,,,4 stuks,,True,AHOO,40% volume voordeel,2026-08-09,2026-08-09,,True,AH,https://www.ah.nl/producten/product/wi625178,2026-08-09,Robijn Quickwash spring blossom wasmiddel 4pack,households
625179,0,Robijn Quickwash spring blossom wasmiddel 6pack,Robijn,huishouden,Huishouden,Vloeibaar wasmiddel,56.97,113.94,50.0,50% volume voordeel,,,6 stuks,,True,AHOO,50% volume voordeel,2026-08-09,2026-08-09,,True,AH,https://www.ah.nl/producten/product/wi625179,2026-08-09,Robijn Quickwash spring blossom wasmiddel 6pack,households
626056,0,Ajax Lentebloem allesreiniger 2-pack,Ajax,huishouden,Huishouden,Allesreiniger,5.31,5.9,10.0,10% volume voordeel,,,2 stuks,,True,AHOO,10% volume voordeel,2026-08-10,2999-12-31,,True,AH,https://www.ah.nl/producten/product/wi626056,2026-08-09,Ajax Lentebloem allesreiniger 2-pack,households
547684,732401,Dreft Afwasmiddel platinum quick wash lemon,Dreft,huishouden,Huishouden,Afwasmiddel,2.99,2.99,,,,,350 ml,prijs per liter €8.54,False,,,,,,True,AH,https://www.ah.nl/producten/product/wi547684,2026-08-09,Dreft Afwasmiddel platinum quick wash lemon,households
626069,0,Ajax Lentebloem allesreiniger 4-pack,Ajax,huishouden,Huishouden,Allesreiniger,8.85,11.8,25.0,pakketkorting,,,4 stuks,,True,AHOO,,2026-08-09,2026-08-09,,True,AH,https://www.ah.nl/producten/product/wi626069,2026-08-09,Ajax Lentebloem allesreiniger 4-pack,households
626084,0,Ajax Lentebloem allesreiniger 6-pack,Ajax,huishouden,Huishouden,Allesreiniger,11.8,17.7,33.3,pakketkorting,,,6 stuks,,True,AHOO,,2026-08-09,2026-08-09,,True,AH,https://www.ah.nl/producten/product/wi626084,2026-08-09,Ajax Lentebloem allesreiniger 6-pack,households
608624,0,Cif Schuurmiddel citroen cream 4-pack,Cif,huishouden,Huishouden,Schuurmiddel,8.67,11.56,25.0,pakketkorting,,,4 stuks,,True,AHOO,,2026-08-09,2026-08-09,,True,AH,https://www.ah.nl/producten/product/wi608624,2026-08-09,Cif Schuurmiddel citroen cream 4-pack,households
608625,0,Cif Schuurmiddel citroen cream 6-pack,Cif,huishouden,Huishouden,Schuurmiddel,11.56,17.34,33.3,pakketkorting,,,6 stuks,,True,AHOO,,2026-08-09,2026-08-09,,True,AH,https://www.ah.nl/producten/product/wi608625,2026-08-09,Cif Schuurmiddel citroen cream 6-pack,households
583331,26000,Lenor Light geurbooster katoen fris,Lenor,huishouden,Huishouden,Wasverzachters,4.9967,12.29,59.3,3 voor 14.99,14.99,3.0,240 g,normale prijs per kg €51.21,True,AH,3 VOOR 14.99,2026-08-03,2026-08-09,,True,AH,https://www.ah.nl/producten/product/wi583331,2026-08-09,Lenor Light geurbooster katoen fris,households
605857,0,Lenor Light geurbooster katoen fris 4-pack,Lenor,huishouden,Huishouden,Wasverzachters,27.28,49.16,44.5,pakketkorting,,,4 stuks,,True,AHOO,,2026-08-09,2026-08-09,,True,AH,https://www.ah.nl/producten/product/wi605857,2026-08-09,Lenor Light geurbooster katoen fris 4-pack,households
170699,602930,AH Afwasborstel met zuignap,AH,huishouden,Huishouden,Afwasborstels,1.59,1.59,,,,,per stuk,,False,,,,,,True,AH,https://www.ah.nl/producten/product/wi170699,2026-08-09,AH Afwasborstel met zuignap,households
597526,0,AH Afwasborstel met zuignap 2-pack,AH,huishouden,Huishouden,Afwasborstels,3.02,3.18,5.0,5% volume voordeel,,,2 stuks,,True,AHOO,5% volume voordeel,2026-08-09,2999-12-31,,True,AH,https://www.ah.nl/producten/product/wi597526,2026-08-09,AH Afwasborstel met zuignap 2-pack,households
617682,0,AH Vochtig toiletpapier soft 2-pack,AH,huishouden,Huishouden,Vochtig toiletpapier,1.92,1.98,3.0,3% volume voordeel,,,2 stuks,,True,AHOO,3% volume voordeel,2026-08-09,2999-12-31,,True,AH,https://www.ah.nl/producten/product/wi617682,2026-08-09,AH Vochtig toiletpapier soft 2-pack,households
625131,0,Neutral Wasmiddel colour sensitive skin 2-pack,Neutral,huishouden,Huishouden,Hypoallergeen wasmiddel,11.62,15.5,25.0,pakketkorting,,,2 stuks,,True,AHOO,,2026-08-09,2026-08-09,,True,AH,https://www.ah.nl/producten/product/wi625131,2026-08-09,Neutral Wasmiddel colour sensitive skin 2-pack,households
155421,579965,AH Afwasborstel hout,AH,huishouden,Huishouden,Afwasborstels,1.29,1.29,,,,,per stuk,,False,,,,,,True,AH,https://www.ah.nl/producten/product/wi155421,2026-08-09,AH Afwasborstel hout,households
165970,639009,Broxomatic Vaatwasmachinezout,Broxomatic,huishouden,Huishouden,Vaatwasmachine reiniger,1.19,1.19,,,,,900 g,prijs per kg €1.32,False,,,,,,True,AH,https://www.ah.nl/producten/product/wi165970,2026-08-09,Broxomatic Vaatwasmachinezout,households
622909,0,Lenor Light geurbooster katoen fris 2-pack,Lenor,huishouden,Huishouden,Wasverzachters,20.89,24.58,15.0,15% volume voordeel,,,2 stuks,,True,AHOO,15% volume voordeel,2026-08-10,2999-12-31,,True,AH,https://www.ah.nl/producten/product/wi622909,2026-08-09,Lenor Light geurbooster katoen fris 2-pack,households
622910,0,Lenor Light geurbooster katoen fris 6-pack,Lenor,huishouden,Huishouden,Wasverzachters,29.98,73.74,59.3,pakketkorting,,,6 stuks,,True,AHOO,,2026-08-09,2026-08-09,,True,AH,https://www.ah.nl/producten/product/wi622910,2026-08-09,Lenor Light geurbooster katoen fris 6-pack,households
164895,616338,Finish Glansspoelmiddel,Finish,huishouden,Huishouden,Vaatwaspoeder en glansspoelmiddel,4.29,4.29,,2 + 3 GRATIS,,2.0,400 ml,normale prijs per liter €10.73,True,AH,2 + 3 GRATIS,2026-08-03,2026-08-09,,True,AH,https://www.ah.nl/producten/product/wi164895,2026-08-09,Finish Glansspoelmiddel,households
590114,36392,Robijn Wasverzachter spa sensation,Robijn,huishouden,Huishouden,Wasverzachters,7.89,7.89,,1 + 1 gratis,,1.0,38 wasbeurten,,True,AH,1 + 1 gratis,2026-08-10,2026-08-16,,True,AH,https://www.ah.nl/producten/product/wi590114,2026-08-09,Robijn Wasverzachter spa sensation,households
608846,0,Robijn Wasverzachter spa sensation 2-pack,Robijn,huishouden,Huishouden,Wasverzachters,11.05,15.78,30.0,30% volume voordeel,,,2 stuks,,True,AHOO,30% volume voordeel,2026-08-09,2026-08-09,,True,AH,https://www.ah.nl/producten/product/wi608846,2026-08-09,Robijn Wasverzachter spa sensation 2-pack,households
80158,544219,AH Afwasborstel luxe,AH,huishouden,Huishouden,Afwasborstels,1.99,1.99,,,,,per stuk,,False,,,,,,True,AH,https://www.ah.nl/producten/product/wi80158,2026-08-09,AH Afwasborstel luxe,households
228636,822500,Shout Vlekkenspray,Shout,huishouden,Huishouden,Vlekverwijderaars,4.39,4.39,,1 + 1 gratis,,1.0,"0,5 l",normale prijs per liter €8.78,True,AH,1 + 1 gratis,2026-08-10,2026-08-16,,True,AH,https://www.ah.nl/producten/product/wi228636,2026-08-09,Shout Vlekkenspray,households
369374,834977,Swirl Pedaalemmerzakken ocean 5 liter,Swirl,huishouden,Huishouden,Pedaalemmerzakken,2.99,2.99,,,,,45 stuks,,False,,,,,,True,AH,https://www.ah.nl/producten/product/wi369374,2026-08-09,Swirl Pedaalemmerzakken ocean 5 liter,households
608847,0,Robijn Wasverzachter spa sensation 4-pack,Robijn,huishouden,Huishouden,Wasverzachters,18.94,31.56,40.0,40% volume voordeel,,,4 stuks,,True,AHOO,40% volume voordeel,2026-08-09,2026-08-09,,True,AH,https://www.ah.nl/producten/product/wi608847,2026-08-09,Robijn Wasverzachter spa sensation 4-pack,households
608848,0,Robijn Wasverzachter spa sensation 8-pack,Robijn,huishouden,Huishouden,Wasverzachters,31.56,63.12,50.0,50% volume voordeel,,,8 stuks,,True,AHOO,50% volume voordeel,2026-08-09,2026-08-09,,True,AH,https://www.ah.nl/producten/product/wi608848,2026-08-09,Robijn Wasverzachter spa sensation 8-pack,households
617236,0,AH Vochtig toiletpapier alo vera 3-pack,AH,huishouden,Huishouden,Vochtig toiletpapier,2.82,2.97,5.0,5% volume voordeel,,,3 stuks,,True,AHOO,5% volume voordeel,2026-08-09,2999-12-31,,True,AH,https://www.ah.nl/producten/product/wi617236,2026-08-09,AH Vochtig toiletpapier alo vera 3-pack,households
625133,0,Neutral Wasmiddel colour sensitive skin 6-pack,Neutral,huishouden,Huishouden,Hypoallergeen wasmiddel,34.87,46.5,25.0,pakketkorting,,,6 stuks,,True,AHOO,25% volume voordeel,2026-08-09,2026-08-09,,True,AH,https://www.ah.nl/producten/product/wi625133,2026-08-09,Neutral Wasmiddel colour sensitive skin 6-pack,households
625717,0,Robijn Wasverzachter spa sensation 3-pack,Robijn,huishouden,Huishouden,Wasverzachters,14.2,23.67,40.0,40% volume voordeel,,,3 stuks,,True,AHOO,40% volume voordeel,2026-08-09,2026-08-09,,True,AH,https://www.ah.nl/producten/product/wi625717,2026-08-09,Robijn Wasverzachter spa sensation 3-pack,households
625132,0,Neutral Wasmiddel colour sensitive skin 4-pack,Neutral,huishouden,Huishouden,Hypoallergeen wasmiddel,23.25,31.0,25.0,pakketkorting,,,4 stuks,,True,AHOO,,2026-08-09,2026-08-09,,True,AH,https://www.ah.nl/producten/product/wi625132,2026-08-09,Neutral Wasmiddel colour sensitive skin 4-pack,households
556443,656589,Sun Brilliant shine all-in-1 vaatwascapsules,Sun,huishouden,Huishouden,Vaatwastabletten,6.49,9.99,35.0,2+3 gratis,,2.0,16 stuks,,True,AH,2 + 3 GRATIS,2026-08-03,2026-08-09,,True,AH,https://www.ah.nl/producten/product/wi556443,2026-08-09,Sun Brilliant shine all-in-1 vaatwascapsules,households
583334,26879,AH Wasverzachter wilde rozen,AH,huishouden,Huishouden,Wasverzachters,1.69,1.69,,,,,30 wasbeurten,,False,,,,,,True,AH,https://www.ah.nl/producten/product/wi583334,2026-08-09,AH Wasverzachter wilde rozen,households
323336,607564,Ajax Limoen allesreiniger,Ajax,huishouden,Huishouden,Allesreiniger,2.95,2.95,,2 + 1 GRATIS,,2.0,"1,25 l",normale prijs per liter €2.36,True,AH,2 + 1 GRATIS,2026-08-03,2026-08-09,,True,AH,https://www.ah.nl/producten/product/wi323336,2026-08-09,Ajax Limoen allesreiniger,households
570814,11118,AH Wasmiddel wol & fijn,AH,huishouden,Huishouden,Vloeibaar wasmiddel,3.99,3.99,,,,,25 wasbeurten,,False,,,,,,True,AH,https://www.ah.nl/producten/product/wi570814,2026-08-09,AH Wasmiddel wol & fijn,households
428784,696303,Page Sensitive vochtig toiletpapier,Page,huishouden,Huishouden,Vochtig toiletpapier,3.79,3.79,,,,,74 stuks,,False,,,,,,True,AH,https://www.ah.nl/producten/product/wi428784,2026-08-09,Page Sensitive vochtig toiletpapier,households
229024,822824,Ecover Wc-reiniger den & munt,Ecover,huishouden,Huishouden,Toiletreiniger,3.99,3.99,,,,,"0,75 l",prijs per liter €5.32,False,,,,,,True,AH,https://www.ah.nl/producten/product/wi229024,2026-08-09,Ecover Wc-reiniger den & munt,households
553674,673403,Ariel 4-in-1 pods color wasmiddelcapsules,Ariel,huishouden,Huishouden,Waspods,24.99,24.99,,1 + 1 GRATIS,,1.0,30 wasbeurten,,True,AH,1 + 1 GRATIS,2026-08-03,2026-08-09,,True,AH,https://www.ah.nl/producten/product/wi553674,2026-08-09,Ariel 4-in-1 pods color wasmiddelcapsules,households
221331,815707,Vanish Powergel vlekverwijderaar,Vanish,huishouden,Huishouden,Vlekverwijderaars,5.75,5.75,,1 + 1 gratis,,1.0,200 ml,normale prijs per liter €28.75,True,AH,1 + 1 gratis,2026-08-10,2026-08-16,,True,AH,https://www.ah.nl/producten/product/wi221331,2026-08-09,Vanish Powergel vlekverwijderaar,households
617683,0,AH Vochtig toiletpapier soft 3-pack,AH,huishouden,Huishouden,Vochtig toiletpapier,2.82,2.97,5.0,5% volume voordeel,,,3 stuks,,True,AHOO,5% volume voordeel,2026-08-09,2999-12-31,,True,AH,https://www.ah.nl/producten/product/wi617683,2026-08-09,AH Vochtig toiletpapier soft 3-pack,households
489317,743102,AH Geureditie rozen & zomerfruit verfrisser,AH,huishouden,Huishouden,Luchtverfrissers woonkamer,1.99,1.99,,,,,250 ml,prijs per liter €7.96,False,,,,,,True,AH,https://www.ah.nl/producten/product/wi489317,2026-08-09,AH Geureditie rozen & zomerfruit verfrisser,households
46224,623689,Kleenex The original tissues,Kleenex,huishouden,Huishouden,Tissues,2.19,2.19,,,,,72 stuks,,False,,,,,,True,AH,https://www.ah.nl/producten/product/wi46224,2026-08-09,Kleenex The original tissues,households
597525,0,AH Afwasborstel luxe 2-pack,AH,huishouden,Huishouden,Afwasborstels,3.78,3.98,5.0,5% volume voordeel,,,2 stuks,,True,AHOO,5% volume voordeel,2026-08-09,2999-12-31,,True,AH,https://www.ah.nl/producten/product/wi597525,2026-08-09,AH Afwasborstel luxe 2-pack,households
583332,26877,AH Wasverzachter geconcentreerd fris,AH,huishouden,Huishouden,Wasverzachters,2.29,2.29,,,,,80 wasbeurten,,False,,,,,,True,AH,https://www.ah.nl/producten/product/wi583332,2026-08-09,AH Wasverzachter geconcentreerd fris,households
570817,11121,AH Puur vloeibaar wasmiddel wit,AH,huishouden,Huishouden,Vloeibaar wasmiddel,3.99,3.99,,2e Halve Prijs,,2.0,25 wasbeurten,,True,AH,2e Halve Prijs,2026-08-03,2026-08-09,,True,AH,https://www.ah.nl/producten/product/wi570817,2026-08-09,AH Puur vloeibaar wasmiddel wit,households
520287,67682,Witte Reus Toiletblok kracht actief lavendel,Witte Reus,huishouden,Huishouden,Toiletblokken,1.6,3.99,60.0,60% korting,,,per stuk,,True,AH,60% korting,2026-08-03,2026-08-09,,True,AH,https://www.ah.nl/producten/product/wi520287,2026-08-09,Witte Reus Toiletblok kracht actief lavendel,households
606987,63241,Robijn Wasparfum puur&zacht,Robijn,huishouden,Huishouden,Wasverzachters,6.99,6.99,,1 + 1 gratis,,1.0,342 ml,normale prijs per liter €20.44,True,AH,1 + 1 gratis,2026-08-10,2026-08-16,,True,AH,https://www.ah.nl/producten/product/wi606987,2026-08-09,Robijn Wasparfum puur&zacht,households
610455,0,Page Vochtig compleet schoon maxi pack 2-pack,Page,huishouden,Huishouden,Vochtig toiletpapier,7.01,7.38,5.0,5% volume voordeel,,,2 stuks,,True,AHOO,5% volume voordeel,2026-08-09,2999-12-31,,True,AH,https://www.ah.nl/producten/product/wi610455,2026-08-09,Page Vochtig compleet schoon maxi pack 2-pack,households
625194,0,Robijn Wasparfum puur&zacht 2-pack,Robijn,huishouden,Huishouden,Wasverzachters,9.79,13.98,30.0,30% volume voordeel,,,2 stuks,,True,AHOO,30% volume voordeel,2026-08-09,2026-08-09,,True,AH,https://www.ah.nl/producten/product/wi625194,2026-08-09,Robijn Wasparfum puur&zacht 2-pack,households
625195,0,Robijn Wasparfum puur&zacht 4-pack,Robijn,huishouden,Huishouden,Wasverzachters,16.78,27.96,40.0,40% volume voordeel,,,4 stuks,,True,AHOO,40% volume voordeel,2026-08-09,2026-08-09,,True,AH,https://www.ah.nl/producten/product/wi625195,2026-08-09,Robijn Wasparfum puur&zacht 4-pack,households
164904,634409,Ajax Rode bloemen allesreiniger,Ajax,huishouden,Huishouden,Allesreiniger,3.29,3.29,,2 + 1 GRATIS,,2.0,1 l,normale prijs per liter €3.29,True,AH,2 + 1 GRATIS,2026-08-03,2026-08-09,,True,AH,https://www.ah.nl/producten/product/wi164904,2026-08-09,Ajax Rode bloemen allesreiniger,households
517519,831508,Sun Shine & dry booster spoelglans,Sun,huishouden,Huishouden,Vaatwaspoeder en glansspoelmiddel,5.99,5.99,,2 + 3 GRATIS,,2.0,500 ml,normale prijs per liter €11.98,True,AH,2 + 3 GRATIS,2026-08-03,2026-08-09,,True,AH,https://www.ah.nl/producten/product/wi517519,2026-08-09,Sun Shine & dry booster spoelglans,households
166211,639495,AH Schuurmiddel citroen,AH,huishouden,Huishouden,Schuurmiddel,1.25,1.25,,,,,"0,75 l",prijs per liter €1.67,False,,,,,,True,AH,https://www.ah.nl/producten/product/wi166211,2026-08-09,AH Schuurmiddel citroen,households
213911,807745,AH 3-in-1 Folie,AH,huishouden,Huishouden,Vershoudfolie,1.49,1.49,,,,,20 meter,prijs per m €0.07,False,,,,,,True,AH,https://www.ah.nl/producten/product/wi213911,2026-08-09,AH 3-in-1 Folie,households
452311,593152,Finish Machinereiniger tijdens de wasbeurt,Finish,huishouden,Huishouden,Vaatwastabletten,5.99,5.99,,2 + 3 GRATIS,,2.0,3 stuks,,True,AH,2 + 3 GRATIS,2026-08-03,2026-08-09,,True,AH,https://www.ah.nl/producten/product/wi452311,2026-08-09,Finish Machinereiniger tijdens de wasbeurt,households
600016,51013,Robijn Wasparfum pink sensation,Robijn,huishouden,Huishouden,Textielverfrissers,6.99,6.99,,1 + 1 gratis,,1.0,17 wasbeurten,normale prijs per liter €20.44,True,AH,1 + 1 gratis,2026-08-10,2026-08-16,,True,AH,https://www.ah.nl/producten/product/wi600016,2026-08-09,Robijn Wasparfum pink sensation,households
625192,0,Robijn Wasparfum pink sensation 2-pack,Robijn,huishouden,Huishouden,Textielverfrissers,9.79,13.98,30.0,30% volume voordeel,,,2 stuks,,True,AHOO,30% volume voordeel,2026-08-09,2026-08-09,,True,AH,https://www.ah.nl/producten/product/wi625192,2026-08-09,Robijn Wasparfum pink sensation 2-pack,households
625193,0,Robijn Wasparfum pink sensation 4-pack,Robijn,huishouden,Huishouden,Textielverfrissers,16.78,27.96,40.0,40% volume voordeel,,,4 stuks,,True,AHOO,40% volume voordeel,2026-08-09,2026-08-09,,True,AH,https://www.ah.nl/producten/product/wi625193,2026-08-09,Robijn Wasparfum pink sensation 4-pack,households
406423,852350,AH Hersluitbare zakjes,AH,huishouden,Huishouden,Diepvries- en hersluitbare zakjes,2.49,2.49,,,,,50 stuks,,False,,,,,,True,AH,https://www.ah.nl/producten/product/wi406423,2026-08-09,AH Hersluitbare zakjes,households
587685,32973,AH Eco Allesreiniger citroen,AH Eco,huishouden,Huishouden,Allesreiniger,1.19,1.19,,,,,"1,25 l",prijs per liter €0.95,False,,,,,,True,AH,https://www.ah.nl/producten/product/wi587685,2026-08-09,AH Eco Allesreiniger citroen,households
221756,816358,Toppits Bakvellen,Toppits,huishouden,Huishouden,Bakpapier,4.29,4.29,,,,,16 stuks,,False,,,,,,True,AH,https://www.ah.nl/producten/product/wi221756,2026-08-09,Toppits Bakvellen,households
461870,714688,Marcel's Green Soap Toiletreiniger orange en jasmine,Marcel's Green Soap,huishouden,Huishouden,Toiletreiniger,3.89,3.89,,,,,"0,75 l",prijs per liter €5.19,False,,,,,,True,AH,https://www.ah.nl/producten/product/wi461870,2026-08-09,Marcel's Green Soap Toiletreiniger orange en jasmine,households
590105,36380,Ariel Poeder color,Ariel,huishouden,Huishouden,Waspoeder,17.99,17.99,,1 + 1 GRATIS,,1.0,25 wasbeurten,,True,AH,1 + 1 GRATIS,2026-08-03,2026-08-09,,True,AH,https://www.ah.nl/producten/product/wi590105,2026-08-09,Ariel Poeder color,households
430736,698210,Robijn Wasmiddel specials wol & fijn,Robijn,huishouden,Huishouden,Vloeibaar wasmiddel,15.69,15.69,,1 + 1 gratis,,1.0,22 wasbeurten,,True,AH,1 + 1 gratis,2026-08-10,2026-08-16,,True,AH,https://www.ah.nl/producten/product/wi430736,2026-08-09,Robijn Wasmiddel specials wol & fijn,households
583310,25974,Robijn Wasparfum paradise secret,Robijn,huishouden,Huishouden,Wasverzachters,6.99,6.99,,1 + 1 gratis,,1.0,17 wasbeurten,normale prijs per liter €20.44,True,AH,1 + 1 gratis,2026-08-10,2026-08-16,,True,AH,https://www.ah.nl/producten/product/wi583310,2026-08-09,Robijn Wasparfum paradise secret,households
625188,0,Robijn Wasparfum paradise secret 2-pack,Robijn,huishouden,Huishouden,Wasverzachters,9.79,13.98,30.0,30% volume voordeel,,,2 stuks,,True,AHOO,30% volume voordeel,2026-08-09,2026-08-09,,True,AH,https://www.ah.nl/producten/product/wi625188,2026-08-09,Robijn Wasparfum paradise secret 2-pack,households
625189,0,Robijn Wasparfum paradise secret 4-pack,Robijn,huishouden,Huishouden,Wasverzachters,16.78,27.96,40.0,40% volume voordeel,,,4 stuks,,True,AHOO,40% volume voordeel,2026-08-09,2026-08-09,,True,AH,https://www.ah.nl/producten/product/wi625189,2026-08-09,Robijn Wasparfum paradise secret 4-pack,households
479884,733471,Sun Classic vaatwaspoeder,Sun,huishouden,Huishouden,Vaatwaspoeder en glansspoelmiddel,10.99,10.99,,,,,"1,37 kg",prijs per kg €8.03,False,,,,,,True,AH,https://www.ah.nl/producten/product/wi479884,2026-08-09,Sun Classic vaatwaspoeder,households
215602,808258,Witte Reus Kracht actief bloesem,Witte Reus,huishouden,Huishouden,Toiletblokken,1.6,3.99,60.0,60% korting,,,per stuk,,True,AH,60% korting,2026-08-03,2026-08-09,,True,AH,https://www.ah.nl/producten/product/wi215602,2026-08-09,Witte Reus Kracht actief bloesem,households
511723,665761,AH Power toiletblokken oceaan,AH,huishouden,Huishouden,Toiletblokken,1.79,1.79,,,,,2 stuks,,False,,,,,,True,AH,https://www.ah.nl/producten/product/wi511723,2026-08-09,AH Power toiletblokken oceaan,households
610456,0,Page Vochtig compleet schoon maxi pack 4-pack,Page,huishouden,Huishouden,Vochtig toiletpapier,12.55,14.76,15.0,15% volume voordeel,,,4 stuks,,True,AHOO,15% volume voordeel,2026-08-09,2999-12-31,,True,AH,https://www.ah.nl/producten/product/wi610456,2026-08-09,Page Vochtig compleet schoon maxi pack 4-pack,households
616642,0,Ajax Rode bloemen allesreiniger 2-pack,Ajax,huishouden,Huishouden,Allesreiniger,5.26,6.58,20.0,20% volume voordeel,,,2 stuks,,True,AHOO,20% volume voordeel,2026-08-10,2999-12-31,,True,AH,https://www.ah.nl/producten/product/wi616642,2026-08-09,Ajax Rode bloemen allesreiniger 2-pack,households
614827,72459,AH Pedaalemmerzak elastische band 30 liter,AH,huishouden,Huishouden,Pedaalemmerzakken,1.99,1.99,,,,,10 stuks,,False,,,,,,True,AH,https://www.ah.nl/producten/product/wi614827,2026-08-09,AH Pedaalemmerzak elastische band 30 liter,households
610457,0,Page Vochtig compleet schoon maxi pack 6-pack,Page,huishouden,Huishouden,Vochtig toiletpapier,16.6,22.14,25.0,25% volume voordeel,,,6 stuks,,True,AHOO,25% volume voordeel,2026-08-09,2999-12-31,,True,AH,https://www.ah.nl/producten/product/wi610457,2026-08-09,Page Vochtig compleet schoon maxi pack 6-pack,households
428234,10603,Toppits Vershoudfolie,Toppits,huishouden,Huishouden,Vershoudfolie,2.19,2.19,,,,,20 meter,prijs per m €0.11,False,,,,,,True,AH,https://www.ah.nl/producten/product/wi428234,2026-08-09,Toppits Vershoudfolie,households
553040,50316,Witte Reus Wellness scents harmony wc-blok,Witte Reus,huishouden,Huishouden,Toiletblokken,1.8,4.49,60.0,60% korting,,,per stuk,,True,AH,60% korting,2026-08-03,2026-08-09,,True,AH,https://www.ah.nl/producten/product/wi553040,2026-08-09,Witte Reus Wellness scents harmony wc-blok,households
583309,25973,Robijn Wasparfum spa sensation,Robijn,huishouden,Huishouden,Textielverfrissers,6.99,6.99,,1 + 1 gratis,,1.0,17 wasbeurten,normale prijs per liter €20.44,True,AH,1 + 1 gratis,2026-08-10,2026-08-16,,True,AH,https://www.ah.nl/producten/product/wi583309,2026-08-09,Robijn Wasparfum spa sensation,households
585549,30549,Lenor Wasverzachter zeebries,Lenor,huishouden,Huishouden,Wasverzachters,4.9967,9.99,50.0,3 voor 14.99,14.99,3.0,55 wasbeurten,,True,AH,3 VOOR 14.99,2026-08-03,2026-08-09,,True,AH,https://www.ah.nl/producten/product/wi585549,2026-08-09,Lenor Wasverzachter zeebries,households
600017,51014,Robijn Wasparfum passiebloem & bergamot,Robijn,huishouden,Huishouden,Textielverfrissers,6.99,6.99,,1 + 1 gratis,,1.0,17 wasbeurten,normale prijs per liter €20.44,True,AH,1 + 1 gratis,2026-08-10,2026-08-16,,True,AH,https://www.ah.nl/producten/product/wi600017,2026-08-09,Robijn Wasparfum passiebloem & bergamot,households
625190,0,Robijn Wasparfum passiebloem & bergamot 2-pack,Robijn,huishouden,Huishouden,Textielverfrissers,9.79,13.98,30.0,30% volume voordeel,,,2 stuks,,True,AHOO,30% volume voordeel,2026-08-09,2026-08-09,,True,AH,https://www.ah.nl/producten/product/wi625190,2026-08-09,Robijn Wasparfum passiebloem & bergamot 2-pack,households
625191,0,Robijn Wasparfum passiebloem & bergamot 4-pack,Robijn,huishouden,Huishouden,Textielverfrissers,16.78,27.96,40.0,40% volume voordeel,,,4 stuks,,True,AHOO,40% volume voordeel,2026-08-09,2026-08-09,,True,AH,https://www.ah.nl/producten/product/wi625191,2026-08-09,Robijn Wasparfum passiebloem & bergamot 4-pack,households
625196,0,Robijn Wasparfum spa sensation 2-pack,Robijn,huishouden,Huishouden,Textielverfrissers,9.79,13.98,30.0,30% volume voordeel,,,2 stuks,,True,AHOO,30% volume voordeel,2026-08-09,2026-08-09,,True,AH,https://www.ah.nl/producten/product/wi625196,2026-08-09,Robijn Wasparfum spa sensation 2-pack,households
625197,0,Robijn Wasparfum spa sensation 4-pack,Robijn,huishouden,Huishouden,Textielverfrissers,16.78,27.96,40.0,40% volume voordeel,,,4 stuks,,True,AHOO,40% volume voordeel,2026-08-09,2026-08-09,,True,AH,https://www.ah.nl/producten/product/wi625197,2026-08-09,Robijn Wasparfum spa sensation 4-pack,households
617217,0,AH Hersluitbare zakjes 2-pack,AH,huishouden,Huishouden,Diepvries- en hersluitbare zakjes,4.73,4.98,5.0,5% volume voordeel,,,2 stuks,,True,AHOO,5% volume voordeel,2026-08-09,2999-12-31,,True,AH,https://www.ah.nl/producten/product/wi617217,2026-08-09,AH Hersluitbare zakjes 2-pack,households
474375,727042,Witte Reus Toiletblok self active lavendel,Witte Reus,huishouden,Huishouden,Toiletblokken,1.8,4.49,60.0,60% korting,,,per stuk,,True,AH,60% korting,2026-08-03,2026-08-09,,True,AH,https://www.ah.nl/producten/product/wi474375,2026-08-09,Witte Reus Toiletblok self active lavendel,households
505127,842180,Robijn Wascapsules color,Robijn,huishouden,Huishouden,Waspods,15.59,15.59,,1 + 1 gratis,,1.0,26 wasbeurten,,True,AH,1 + 1 gratis,2026-08-10,2026-08-16,,True,AH,https://www.ah.nl/producten/product/wi505127,2026-08-09,Robijn Wascapsules color,households
605868,0,Lenor Wasverzachter zeebries 4-pack,Lenor,huishouden,Huishouden,Wasverzachters,24.98,39.96,37.5,pakketkorting,,,4 stuks,,True,AHOO,,2026-08-09,2026-08-09,,True,AH,https://www.ah.nl/producten/product/wi605868,2026-08-09,Lenor Wasverzachter zeebries 4-pack,households
409724,854254,AH Eco Toiletreiniger dennen,AH Eco,huishouden,Huishouden,Toiletreiniger,1.19,1.19,,,,,"0,75 l",prijs per liter €1.59,False,,,,,,True,AH,https://www.ah.nl/producten/product/wi409724,2026-08-09,AH Eco Toiletreiniger dennen,households
517370,882474,Marcel's Green Soap Vaatwastabletten alles-in-een,Marcel's Green Soap,huishouden,Huishouden,Vaatwastabletten,10.99,10.99,,,,,25 stuks,,False,,,,,,True,AH,https://www.ah.nl/producten/product/wi517370,2026-08-09,Marcel's Green Soap Vaatwastabletten alles-in-een,households
616643,0,Ajax Rode bloemen allesreiniger 4-pack,Ajax,huishouden,Huishouden,Allesreiniger,9.87,13.16,25.0,pakketkorting,,,4 stuks,,True,AHOO,,2026-08-09,2026-08-09,,True,AH,https://www.ah.nl/producten/product/wi616643,2026-08-09,Ajax Rode bloemen allesreiniger 4-pack,households
622919,0,Lenor Wasverzachter zeebries 2-pack,Lenor,huishouden,Huishouden,Wasverzachters,16.98,19.98,15.0,15% volume voordeel,,,2 stuks,,True,AHOO,15% volume voordeel,2026-08-10,2999-12-31,,True,AH,https://www.ah.nl/producten/product/wi622919,2026-08-09,Lenor Wasverzachter zeebries 2-pack,households
395545,847126,Ajax Shower power spray,Ajax,huishouden,Huishouden,Badkamerreiniger,3.49,3.49,,2 + 1 GRATIS,,2.0,"0,75 l",normale prijs per liter €4.65,True,AH,2 + 1 GRATIS,2026-08-03,2026-08-09,,True,AH,https://www.ah.nl/producten/product/wi395545,2026-08-09,Ajax Shower power spray,households
616644,0,Ajax Rode bloemen allesreiniger 6-pack,Ajax,huishouden,Huishouden,Allesreiniger,13.16,19.74,33.3,pakketkorting,,,6 stuks,,True,AHOO,,2026-08-09,2026-08-09,,True,AH,https://www.ah.nl/producten/product/wi616644,2026-08-09,Ajax Rode bloemen allesreiniger 6-pack,households
483396,737926,AH Eco Wasmiddel puur kleur poeder,AH Eco,huishouden,Huishouden,Waspoeder,3.99,3.99,,2e Halve Prijs,,2.0,20 wasbeurten,,True,AH,2e Halve Prijs,2026-08-03,2026-08-09,,True,AH,https://www.ah.nl/producten/product/wi483396,2026-08-09,AH Eco Wasmiddel puur kleur poeder,households
622920,0,Lenor Wasverzachter zeebries 6-pack,Lenor,huishouden,Huishouden,Wasverzachters,29.98,59.94,50.0,pakketkorting,,,6 stuks,,True,AHOO,,2026-08-09,2026-08-09,,True,AH,https://www.ah.nl/producten/product/wi622920,2026-08-09,Lenor Wasverzachter zeebries 6-pack,households
496091,793069,Finish Quantum vaatwastabletten,Finish,huishouden,Huishouden,Vaatwastabletten,15.49,15.49,,2 + 3 GRATIS,,2.0,31 stuks,,True,AH,2 + 3 GRATIS,2026-08-03,2026-08-09,,True,AH,https://www.ah.nl/producten/product/wi496091,2026-08-09,Finish Quantum vaatwastabletten,households
517261,82166,Finish Ultimate vaatwastabletten,Finish,huishouden,Huishouden,Vaatwastabletten,9.99,9.99,,2 + 3 GRATIS,,2.0,16 stuks,,True,AH,2 + 3 GRATIS,2026-08-03,2026-08-09,,True,AH,https://www.ah.nl/producten/product/wi517261,2026-08-09,Finish Ultimate vaatwastabletten,households
553541,889060,Lenor Fresh air wasverzachter ochtendfris,Lenor,huishouden,Huishouden,Wasverzachters,4.9967,8.49,41.1,3 voor 14.99,14.99,3.0,36 wasbeurten,,True,AH,3 VOOR 14.99,2026-08-03,2026-08-09,,True,AH,https://www.ah.nl/producten/product/wi553541,2026-08-09,Lenor Fresh air wasverzachter ochtendfris,households
565651,0,Lenor Fresh Air Ochtendfris wvz 4-pack,Lenor,huishouden,Huishouden,Wasverzachters,23.48,33.96,30.9,pakketkorting,,,4 stuks,,True,AHOO,,2026-08-09,2026-08-09,,True,AH,https://www.ah.nl/producten/product/wi565651,2026-08-09,Lenor Fresh Air Ochtendfris wvz 4-pack,households
111759,509454,Finish Verfrisser citroen,Finish,huishouden,Huishouden,Vaatwasmachine reiniger,4.49,4.49,,2 + 3 GRATIS,,2.0,per stuk,,True,AH,2 + 3 GRATIS,2026-08-03,2026-08-09,,True,AH,https://www.ah.nl/producten/product/wi111759,2026-08-09,Finish Verfrisser citroen,households
608069,63886,Dreft Platinum plus vaatwastabletten citroen,Dreft,huishouden,Huishouden,Vaatwastabletten,29.49,29.49,,,,,40 stuks,,False,,,,,,True,AH,https://www.ah.nl/producten/product/wi608069,2026-08-09,Dreft Platinum plus vaatwastabletten citroen,households
608816,0,Robijn Wascapsules color 2-pack,Robijn,huishouden,Huishouden,Waspods,21.83,31.18,30.0,30% volume voordeel,,,2 stuks,,True,AHOO,30% volume voordeel,2026-08-09,2026-08-09,,True,AH,https://www.ah.nl/producten/product/wi608816,2026-08-09,Robijn Wascapsules color 2-pack,households
608818,0,Robijn Wascapsules color 4-pack,Robijn,huishouden,Huishouden,Waspods,31.18,62.36,50.0,50% volume voordeel,,,4 stuks,,True,AHOO,50% volume voordeel,2026-08-09,2026-08-09,,True,AH,https://www.ah.nl/producten/product/wi608818,2026-08-09,Robijn Wascapsules color 4-pack,households
622956,0,Dreft Platinum+ vaatwastabletten citroen 2pk,Dreft,huishouden,Huishouden,Vaatwastabletten,50.13,58.98,15.0,15% volume voordeel,,,2 stuks,,True,AHOO,15% volume voordeel,2026-08-09,2999-12-31,,True,AH,https://www.ah.nl/producten/product/wi622956,2026-08-09,Dreft Platinum+ vaatwastabletten citroen 2pk,households
164902,633189,Finish Integrale machinereiniger citroen,Finish,huishouden,Huishouden,Vaatwasmachine reiniger,6.49,6.49,,2 + 3 GRATIS,,2.0,250 ml,normale prijs per liter €25.96,True,AH,2 + 3 GRATIS,2026-08-03,2026-08-09,,True,AH,https://www.ah.nl/producten/product/wi164902,2026-08-09,Finish Integrale machinereiniger citroen,households
237832,828875,AH Waspoeder wit,AH,huishouden,Huishouden,Waspoeder,2.79,2.79,,,,,30 wasbeurten,,False,,,,,,True,AH,https://www.ah.nl/producten/product/wi237832,2026-08-09,AH Waspoeder wit,households
409707,854229,WC-Eend Fresh discs lime zest navul,WC-Eend,huishouden,Huishouden,Toiletblokken,5.99,5.99,,,,,72 ml,prijs per liter €83.19,False,,,,,,True,AH,https://www.ah.nl/producten/product/wi409707,2026-08-09,WC-Eend Fresh discs lime zest navul,households
608817,0,Robijn Wascapsules color 3-pack,Robijn,huishouden,Huishouden,Waspods,28.06,46.77,40.0,40% volume voordeel,,,3 stuks,,True,AHOO,40% volume voordeel,2026-08-09,2026-08-09,,True,AH,https://www.ah.nl/producten/product/wi608817,2026-08-09,Robijn Wascapsules color 3-pack,households
618375,0,Dreft Platinum+ vaatwastabletten citron 4-pck,Dreft,huishouden,Huishouden,Vaatwastabletten,82.57,117.96,30.0,30% volume voordeel,,,4 stuks,,True,AHOO,30% volume voordeel,2026-08-09,2999-12-31,,True,AH,https://www.ah.nl/producten/product/wi618375,2026-08-09,Dreft Platinum+ vaatwastabletten citron 4-pck,households
618796,0,AH Latex handschoenen one size 2-pack,AH,huishouden,Huishouden,Klus- en schoonmaak handschoenen,3.78,3.98,5.0,5% volume voordeel,,,2 stuks,,True,AHOO,5% volume voordeel,2026-08-09,2999-12-31,,True,AH,https://www.ah.nl/producten/product/wi618796,2026-08-09,AH Latex handschoenen one size 2-pack,households
622958,0,Dreft Platinum+ vaatwastabletten citroen 6pk,Dreft,huishouden,Huishouden,Vaatwastabletten,97.32,176.94,45.0,45% volume voordeel,,,6 stuks,,True,AHOO,45% volume voordeel,2026-08-09,2999-12-31,,True,AH,https://www.ah.nl/producten/product/wi622958,2026-08-09,Dreft Platinum+ vaatwastabletten citroen 6pk,households
165543,638742,Glade Luchtverfrisser spray relaxing zen,Glade,huishouden,Huishouden,Luchtverfrissers woonkamer,1.99,1.99,,,,,300 ml,prijs per liter €6.63,False,,,,,,True,AH,https://www.ah.nl/producten/product/wi165543,2026-08-09,Glade Luchtverfrisser spray relaxing zen,households
617219,0,AH Hersluitbare zakjes 4-pack,AH,huishouden,Huishouden,Diepvries- en hersluitbare zakjes,8.47,9.96,15.0,15% volume voordeel,,,4 stuks,,True,AHOO,15% volume voordeel,2026-08-09,2999-12-31,,True,AH,https://www.ah.nl/producten/product/wi617219,2026-08-09,AH Hersluitbare zakjes 4-pack,households
470849,722704,AH Afwasmiddel citrus,AH,huishouden,Huishouden,Afwasmiddel,1.05,1.05,,,,,1 l,prijs per liter €1.05,False,,,,,,True,AH,https://www.ah.nl/producten/product/wi470849,2026-08-09,AH Afwasmiddel citrus,households
167088,643131,Page Toiletpapier kussenzacht design,Page,huishouden,Huishouden,Toiletpapier - 3 laags,2.99,2.99,,,,,4 stuks,,False,,,,,,True,AH,https://www.ah.nl/producten/product/wi167088,2026-08-09,Page Toiletpapier kussenzacht design,households
511721,665741,AH Power toiletblokken citrus,AH,huishouden,Huishouden,Toiletblokken,1.79,1.79,,,,,2 stuks,,False,,,,,,True,AH,https://www.ah.nl/producten/product/wi511721,2026-08-09,AH Power toiletblokken citrus,households
600234,50905,Marcel's Green Soap Toiletreiniger mint eucalyptus,Marcel's Green Soap,huishouden,Huishouden,Toiletreiniger,3.89,3.89,,,,,"0,75 l",prijs per liter €5.19,False,,,,,,True,AH,https://www.ah.nl/producten/product/wi600234,2026-08-09,Marcel's Green Soap Toiletreiniger mint eucalyptus,households
608070,63887,Dreft Platinum plus vaatwastabletten original,Dreft,huishouden,Huishouden,Vaatwastabletten,18.99,18.99,,,,,25 stuks,,False,,,,,,True,AH,https://www.ah.nl/producten/product/wi608070,2026-08-09,Dreft Platinum plus vaatwastabletten original,households
616630,0,Ajax Shower power spray 2-pack,Ajax,huishouden,Huishouden,Badkamerreiniger,5.58,6.98,20.0,20% volume voordeel,,,2 stuks,,True,AHOO,20% volume voordeel,2026-08-10,2999-12-31,,True,AH,https://www.ah.nl/producten/product/wi616630,2026-08-09,Ajax Shower power spray 2-pack,households
617218,0,AH Hersluitbare zakjes 3-pack,AH,huishouden,Huishouden,Diepvries- en hersluitbare zakjes,6.72,7.47,10.0,10% volume voordeel,,,3 stuks,,True,AHOO,10% volume voordeel,2026-08-09,2999-12-31,,True,AH,https://www.ah.nl/producten/product/wi617218,2026-08-09,AH Hersluitbare zakjes 3-pack,households
617892,0,Dreft Platinum+ vaatwastabletten original 4pk,Dreft,huishouden,Huishouden,Vaatwastabletten,53.17,75.96,30.0,30% volume voordeel,,,4 stuks,,True,AHOO,30% volume voordeel,2026-08-09,2999-12-31,,True,AH,https://www.ah.nl/producten/product/wi617892,2026-08-09,Dreft Platinum+ vaatwastabletten original 4pk,households
622959,0,Dreft Platinum plus vaatwastabletten orig 2pk,Dreft,huishouden,Huishouden,Vaatwastabletten,32.28,37.98,15.0,15% volume voordeel,,,2 stuks,,True,AHOO,15% volume voordeel,2026-08-09,2999-12-31,,True,AH,https://www.ah.nl/producten/product/wi622959,2026-08-09,Dreft Platinum plus vaatwastabletten orig 2pk,households
622961,0,Dreft Platinum plus vaatwastabletten orig 6pk,Dreft,huishouden,Huishouden,Vaatwastabletten,62.67,113.94,45.0,45% volume voordeel,,,6 stuks,,True,AHOO,45% volume voordeel,2026-08-09,2999-12-31,,True,AH,https://www.ah.nl/producten/product/wi622961,2026-08-09,Dreft Platinum plus vaatwastabletten orig 6pk,households
132153,594665,Sun Vaatwasmachine verfrisser citroen,Sun,huishouden,Huishouden,Vaatwasmachine reiniger,4.79,4.79,,2 + 3 GRATIS,,2.0,per stuk,,True,AH,2 + 3 GRATIS,2026-08-03,2026-08-09,,True,AH,https://www.ah.nl/producten/product/wi132153,2026-08-09,Sun Vaatwasmachine verfrisser citroen,households
369698,834982,Swirl Vuilniszakken met actif fresh 20 liter,Swirl,huishouden,Huishouden,Pedaalemmerzakken,2.99,2.99,,,,,12 stuks,,False,,,,,,True,AH,https://www.ah.nl/producten/product/wi369698,2026-08-09,Swirl Vuilniszakken met actif fresh 20 liter,households
496086,793010,Marcel's Green Soap Hygienische doekjes Patchouli&Cranb,Marcel's Green Soap,huishouden,Huishouden,Vochtige doekjes,3.59,3.59,,2 + 1 GRATIS,,2.0,60 stuks,,True,AH,2 + 1 GRATIS,2026-08-03,2026-08-09,,True,AH,https://www.ah.nl/producten/product/wi496086,2026-08-09,Marcel's Green Soap Hygienische doekjes Patchouli&Cranb,households
492713,747665,AH Schuurspons zacht,AH,huishouden,Huishouden,Sponzen,0.99,0.99,,,,,3 stuks,,False,,,,,,True,AH,https://www.ah.nl/producten/product/wi492713,2026-08-09,AH Schuurspons zacht,households
396791,847898,AH Kalkreiniger spray,AH,huishouden,Huishouden,Anti-kalkmiddel,1.99,1.99,,,,,"0,75 l",prijs per liter €2.65,False,,,,,,True,AH,https://www.ah.nl/producten/product/wi396791,2026-08-09,AH Kalkreiniger spray,households
155436,602172,AH Huishoudhandschoenen large,AH,huishouden,Huishouden,Klus- en schoonmaak handschoenen,0.79,0.79,,,,,per paar,,False,,,,,,True,AH,https://www.ah.nl/producten/product/wi155436,2026-08-09,AH Huishoudhandschoenen large,households
616632,0,Ajax Shower power spray 6-pack,Ajax,huishouden,Huishouden,Badkamerreiniger,13.96,20.94,33.3,pakketkorting,,,6 stuks,,True,AHOO,,2026-08-09,2026-08-09,,True,AH,https://www.ah.nl/producten/product/wi616632,2026-08-09,Ajax Shower power spray 6-pack,households
165542,638741,Glade Langdurig relaxing zen gel,Glade,huishouden,Huishouden,Luchtverfrissers woonkamer,1.75,1.75,,,,,150 g,prijs per kg €11.67,False,,,,,,True,AH,https://www.ah.nl/producten/product/wi165542,2026-08-09,Glade Langdurig relaxing zen gel,households
590116,36394,Robijn Wasverzachter kokos,Robijn,huishouden,Huishouden,Wasverzachters,7.89,7.89,,1 + 1 gratis,,1.0,38 wasbeurten,,True,AH,1 + 1 gratis,2026-08-10,2026-08-16,,True,AH,https://www.ah.nl/producten/product/wi590116,2026-08-09,Robijn Wasverzachter kokos,households
608828,0,Robijn Wasverzachter kokos 2-pack,Robijn,huishouden,Huishouden,Wasverzachters,11.05,15.78,30.0,30% volume voordeel,,,2 stuks,,True,AHOO,30% volume voordeel,2026-08-09,2026-08-09,,True,AH,https://www.ah.nl/producten/product/wi608828,2026-08-09,Robijn Wasverzachter kokos 2-pack,households
610550,0,Page Sensitive vochtig toiletpapier 2-pack,Page,huishouden,Huishouden,Vochtig toiletpapier,7.2,7.58,5.0,5% volume voordeel,,,2 stuks,,True,AHOO,5% volume voordeel,2026-08-09,2999-12-31,,True,AH,https://www.ah.nl/producten/product/wi610550,2026-08-09,Page Sensitive vochtig toiletpapier 2-pack,households
505349,840568,AH Zakdoekjes balsem,AH,huishouden,Huishouden,Zakdoekjes,2.45,2.45,,,,,150 stuks,,False,,,,,,True,AH,https://www.ah.nl/producten/product/wi505349,2026-08-09,AH Zakdoekjes balsem,households
608071,63888,Dreft Platinum plus vaatwastabletten original,Dreft,huishouden,Huishouden,Vaatwastabletten,34.99,34.99,,,,,48 stuks,,False,,,,,,True,AH,https://www.ah.nl/producten/product/wi608071,2026-08-09,Dreft Platinum plus vaatwastabletten original,households
616631,0,Ajax Shower power spray 4-pack,Ajax,huishouden,Huishouden,Badkamerreiniger,10.47,13.96,25.0,pakketkorting,,,4 stuks,,True,AHOO,,2026-08-09,2026-08-09,,True,AH,https://www.ah.nl/producten/product/wi616631,2026-08-09,Ajax Shower power spray 4-pack,households
622960,0,Dreft Platinum+ vaatwastabletten original 2pck,Dreft,huishouden,Huishouden,Vaatwastabletten,59.48,69.98,15.0,15% volume voordeel,,,2 stuks,,True,AHOO,15% volume voordeel,2026-08-09,2999-12-31,,True,AH,https://www.ah.nl/producten/product/wi622960,2026-08-09,Dreft Platinum+ vaatwastabletten original 2pck,households
608829,0,Robijn Wasverzachter kokos 4-pack,Robijn,huishouden,Huishouden,Wasverzachters,18.94,31.56,40.0,40% volume voordeel,,,4 stuks,,True,AHOO,40% volume voordeel,2026-08-09,2026-08-09,,True,AH,https://www.ah.nl/producten/product/wi608829,2026-08-09,Robijn Wasverzachter kokos 4-pack,households
608830,0,Robijn Wasverzachter kokos 8-pack,Robijn,huishouden,Huishouden,Wasverzachters,31.56,63.12,50.0,50% volume voordeel,,,8 stuks,,True,AHOO,50% volume voordeel,2026-08-09,2026-08-09,,True,AH,https://www.ah.nl/producten/product/wi608830,2026-08-09,Robijn Wasverzachter kokos 8-pack,households
625719,0,Robijn Wasverzachter kokos 3-pack,Robijn,huishouden,Huishouden,Wasverzachters,14.2,23.67,40.0,40% volume voordeel,,,3 stuks,,True,AHOO,40% volume voordeel,2026-08-09,2026-08-09,,True,AH,https://www.ah.nl/producten/product/wi625719,2026-08-09,Robijn Wasverzachter kokos 3-pack,households
89386,55691,HG Vloeibare ontstopper,HG,huishouden,Huishouden,Ontstopper,7.29,7.29,,,,,1 l,prijs per liter €7.29,False,,,,,,True,AH,https://www.ah.nl/producten/product/wi89386,2026-08-09,HG Vloeibare ontstopper,households
232361,825027,Edet Ultra soft 4-laags toiletpapier,Edet,huishouden,Huishouden,Toiletpapier - 4 en 5 laags,6.75,6.75,,,,,6 stuks,,False,,,,,,True,AH,https://www.ah.nl/producten/product/wi232361,2026-08-09,Edet Ultra soft 4-laags toiletpapier,households
424932,693904,Dreft Platinum vaatwascapsules citroen,Dreft,huishouden,Huishouden,Vaatwastabletten,20.99,20.99,,,,,39 stuks,,False,,,,,,True,AH,https://www.ah.nl/producten/product/wi424932,2026-08-09,Dreft Platinum vaatwascapsules citroen,households
586540,0,Dreft Platinum vaatwastabletten regular 4-pack,Dreft,huishouden,Huishouden,Vaatwastabletten,58.77,83.96,30.0,30% volume voordeel,,,4 stuks,,True,AHOO,30% volume voordeel,2026-08-09,2999-12-31,,True,AH,https://www.ah.nl/producten/product/wi586540,2026-08-09,Dreft Platinum vaatwastabletten regular 4-pack,households
610210,0,Edet Ultra soft 4-laags toiletpapier 2-pack,Edet,huishouden,Huishouden,Toiletpapier - 4 en 5 laags,12.15,13.5,10.0,10% volume voordeel,,,2 stuks,,True,AHOO,10% volume voordeel,2026-08-09,2999-12-31,,True,AH,https://www.ah.nl/producten/product/wi610210,2026-08-09,Edet Ultra soft 4-laags toiletpapier 2-pack,households
613142,0,HG Vloeibare ontstopper 2-pack,HG,huishouden,Huishouden,Ontstopper,13.12,14.58,10.0,10% volume voordeel,,,2 stuks,,True,AHOO,10% volume voordeel,2026-08-09,2999-12-31,,True,AH,https://www.ah.nl/producten/product/wi613142,2026-08-09,HG Vloeibare ontstopper 2-pack,households
617893,0,Dreft Platinum+ vaatwastabletten original 4pck,Dreft,huishouden,Huishouden,Vaatwastabletten,97.97,139.96,30.0,30% volume voordeel,,,4 stuks,,True,AHOO,30% volume voordeel,2026-08-09,2999-12-31,,True,AH,https://www.ah.nl/producten/product/wi617893,2026-08-09,Dreft Platinum+ vaatwastabletten original 4pck,households
622962,0,Dreft Platinum+ vaatwastabletten original 6pck,Dreft,huishouden,Huishouden,Vaatwastabletten,115.47,209.94,45.0,45% volume voordeel,,,6 stuks,,True,AHOO,45% volume voordeel,2026-08-09,2999-12-31,,True,AH,https://www.ah.nl/producten/product/wi622962,2026-08-09,Dreft Platinum+ vaatwastabletten original 6pck,households
221002,814177,Dettol Allesreiniger spray linnen frisheid,Dettol,huishouden,Huishouden,Allesreiniger,3.99,3.99,,2 + 1 GRATIS,,2.0,"0,5 l",normale prijs per liter €7.98,True,AH,2 + 1 GRATIS,2026-08-03,2026-08-09,,True,AH,https://www.ah.nl/producten/product/wi221002,2026-08-09,Dettol Allesreiniger spray linnen frisheid,households
510779,710750,Tempo Original box 4-laags zakdoeken,Tempo,huishouden,Huishouden,Tissues,2.59,2.59,,,,,100 stuks,,False,,,,,,True,AH,https://www.ah.nl/producten/product/wi510779,2026-08-09,Tempo Original box 4-laags zakdoeken,households
608068,63885,Dreft Platinum plus vaatwastabletten citroen,Dreft,huishouden,Huishouden,Vaatwastabletten,22.49,22.49,,,,,30 stuks,,False,,,,,,True,AH,https://www.ah.nl/producten/product/wi608068,2026-08-09,Dreft Platinum plus vaatwastabletten citroen,households
617891,0,Dreft Platinum+ vaatwastabletten citroen 4pk,Dreft,huishouden,Huishouden,Vaatwastabletten,62.97,89.96,30.0,30% volume voordeel,,,4 stuks,,True,AHOO,30% volume voordeel,2026-08-09,2999-12-31,,True,AH,https://www.ah.nl/producten/product/wi617891,2026-08-09,Dreft Platinum+ vaatwastabletten citroen 4pk,households
622955,0,Dreft Platinum plus vaatwastablett citroen 2pk,Dreft,huishouden,Huishouden,Vaatwastabletten,38.23,44.98,15.0,15% volume voordeel,,,2 stuks,,True,AHOO,15% volume voordeel,2026-08-09,2999-12-31,,True,AH,https://www.ah.nl/producten/product/wi622955,2026-08-09,Dreft Platinum plus vaatwastablett citroen 2pk,households
622957,0,Dreft Platinum plus vaatwastablett citroen 6pk,Dreft,huishouden,Huishouden,Vaatwastabletten,74.22,134.94,45.0,45% volume voordeel,,,6 stuks,,True,AHOO,45% volume voordeel,2026-08-09,2999-12-31,,True,AH,https://www.ah.nl/producten/product/wi622957,2026-08-09,Dreft Platinum plus vaatwastablett citroen 6pk,households
618797,0,AH Latex handschoenen one size 3-pack,AH,huishouden,Huishouden,Klus- en schoonmaak handschoenen,5.37,5.97,10.0,10% volume voordeel,,,3 stuks,,True,AHOO,10% volume voordeel,2026-08-09,2999-12-31,,True,AH,https://www.ah.nl/producten/product/wi618797,2026-08-09,AH Latex handschoenen one size 3-pack,households
556441,599270,Sun All-in-one citroen vaatwastabletten,Sun,huishouden,Huishouden,Vaatwastabletten,29.95,29.95,,2 + 3 GRATIS,,2.0,60 stuks,,True,AH,2 + 3 GRATIS,2026-08-03,2026-08-09,,True,AH,https://www.ah.nl/producten/product/wi556441,2026-08-09,Sun All-in-one citroen vaatwastabletten,households
608855,0,Sun All-in-one citroen vaatwastab 2-pack,Sun,huishouden,Huishouden,Vaatwastabletten,41.93,59.9,30.0,30% volume voordeel,,,2 stuks,,True,AHOO,30% volume voordeel,2026-08-10,2999-12-31,,True,AH,https://www.ah.nl/producten/product/wi608855,2026-08-09,Sun All-in-one citroen vaatwastab 2-pack,households
613920,71015,Lenor Geurbooster zeebries,Lenor,huishouden,Huishouden,Textielverfrissers,4.9967,7.99,37.5,3 voor 14.99,14.99,3.0,155 g,normale prijs per kg €51.55,True,AH,3 VOOR 14.99,2026-08-03,2026-08-09,,True,AH,https://www.ah.nl/producten/product/wi613920,2026-08-09,Lenor Geurbooster zeebries,households
134296,11113,AH Wasmiddel kleur lavendel & kamille,AH,huishouden,Huishouden,Vloeibaar wasmiddel,3.99,3.99,,,,,25 wasbeurten,,False,,,,,,True,AH,https://www.ah.nl/producten/product/wi134296,2026-08-09,AH Wasmiddel kleur lavendel & kamille,households
155433,602161,Toppits Zipper multi-functionele zakken 1 liter,Toppits,huishouden,Huishouden,Diepvries- en hersluitbare zakjes,3.79,3.79,,,,,12 stuks,,False,,,,,,True,AH,https://www.ah.nl/producten/product/wi155433,2026-08-09,Toppits Zipper multi-functionele zakken 1 liter,households
232567,824781,Andy Allesreiniger vertrouwd,Andy,huishouden,Huishouden,Allesreiniger,3.29,3.29,,2 + 1 GRATIS,,2.0,1 l,normale prijs per liter €3.29,True,AH,2 + 1 GRATIS,2026-08-03,2026-08-09,,True,AH,https://www.ah.nl/producten/product/wi232567,2026-08-09,Andy Allesreiniger vertrouwd,households
578143,20605,HG Mierenlokdoos binnen/buiten,HG,huishouden,Huishouden,Insecten en ongedierte bestrijding,9.09,9.09,,,,,2 stuks,,False,,,,,,True,AH,https://www.ah.nl/producten/product/wi578143,2026-08-09,HG Mierenlokdoos binnen/buiten,households
610551,0,Page Sensitive vochtig toiletpapier 4-pack,Page,huishouden,Huishouden,Vochtig toiletpapier,12.89,15.16,15.0,15% volume voordeel,,,4 stuks,,True,AHOO,15% volume voordeel,2026-08-09,2999-12-31,,True,AH,https://www.ah.nl/producten/product/wi610551,2026-08-09,Page Sensitive vochtig toiletpapier 4-pack,households
613140,0,HG Mierenlokdoos binnen/buiten 2-pack,HG,huishouden,Huishouden,Insecten en ongedierte bestrijding,16.36,18.18,10.0,10% volume voordeel,,,2 stuks,,True,AHOO,10% volume voordeel,2026-08-09,2999-12-31,,True,AH,https://www.ah.nl/producten/product/wi613140,2026-08-09,HG Mierenlokdoos binnen/buiten 2-pack,households
489264,742866,Mr Muscle Power gel ontstopper,Mr Muscle,huishouden,Huishouden,Ontstopper,5.29,5.29,,2 + 1 GRATIS,,2.0,1 l,normale prijs per liter €5.29,True,AH,2 + 1 GRATIS,2026-08-03,2026-08-09,,True,AH,https://www.ah.nl/producten/product/wi489264,2026-08-09,Mr Muscle Power gel ontstopper,households
594568,42634,AH Puur wasmiddel kleur navulling,AH,huishouden,Huishouden,Vloeibaar wasmiddel,5.99,5.99,,,,,50 wasbeurten,,False,,,,,,True,AH,https://www.ah.nl/producten/product/wi594568,2026-08-09,AH Puur wasmiddel kleur navulling,households
607093,63055,Lenor Geurparels zonnige lentedag,Lenor,huishouden,Huishouden,Textielverfrissers,4.9967,12.29,59.3,3 voor 14.99,14.99,3.0,240 g,normale prijs per kg €51.21,True,AH,3 VOOR 14.99,2026-08-03,2026-08-09,,True,AH,https://www.ah.nl/producten/product/wi607093,2026-08-09,Lenor Geurparels zonnige lentedag,households
167553,620275,AH Vloeibare groene zeep,AH,huishouden,Huishouden,Vloeibare schoonmaakzeep,1.49,1.49,,,,,"0,75 l",prijs per liter €1.99,False,,,,,,True,AH,https://www.ah.nl/producten/product/wi167553,2026-08-09,AH Vloeibare groene zeep,households
517515,817591,Vanish Vlekverwijderaar poeder voor witte was,Vanish,huishouden,Huishouden,Vlekverwijderaars,12.99,12.99,,1 + 1 gratis,,1.0,720 g,normale prijs per kg €18.04,True,AH,1 + 1 gratis,2026-08-10,2026-08-16,,True,AH,https://www.ah.nl/producten/product/wi517515,2026-08-09,Vanish Vlekverwijderaar poeder voor witte was,households
585550,30548,Lenor Wasverzachter gouden orchidee,Lenor,huishouden,Huishouden,Wasverzachters,4.9967,9.99,50.0,3 voor 14.99,14.99,3.0,55 wasbeurten,,True,AH,3 VOOR 14.99,2026-08-03,2026-08-09,,True,AH,https://www.ah.nl/producten/product/wi585550,2026-08-09,Lenor Wasverzachter gouden orchidee,households
605864,0,Lenor Wasverzacher gouden orchidee 4-pack,Lenor,huishouden,Huishouden,Wasverzachters,24.98,39.96,37.5,pakketkorting,,,4 stuks,,True,AHOO,,2026-08-09,2026-08-09,,True,AH,https://www.ah.nl/producten/product/wi605864,2026-08-09,Lenor Wasverzacher gouden orchidee 4-pack,households
610552,0,Page Sensitive vochtig toiletpapier 6-pack,Page,huishouden,Huishouden,Vochtig toiletpapier,17.05,22.74,25.0,25% volume voordeel,,,6 stuks,,True,AHOO,25% volume voordeel,2026-08-09,2999-12-31,,True,AH,https://www.ah.nl/producten/product/wi610552,2026-08-09,Page Sensitive vochtig toiletpapier 6-pack,households
229626,803995,AH Microvezeldoekjes,AH,huishouden,Huishouden,Doekjes,3.99,3.99,,,,,8 stuks,,False,,,,,,True,AH,https://www.ah.nl/producten/product/wi229626,2026-08-09,AH Microvezeldoekjes,households
460834,666121,Marcel's Green Soap Allesreiniger sandalwood cardamon spray,Marcel's Green Soap,huishouden,Huishouden,Allesreiniger,3.69,3.69,,2 + 1 GRATIS,,2.0,"0,5 l",normale prijs per liter €7.38,True,AH,2 + 1 GRATIS,2026-08-03,2026-08-09,,True,AH,https://www.ah.nl/producten/product/wi460834,2026-08-09,Marcel's Green Soap Allesreiniger sandalwood cardamon spray,households
600236,50907,Glorix Toiletreiniger lime zonder bleek,Glorix,huishouden,Huishouden,Toiletreiniger,3.49,3.49,,2 + 4 GRATIS,,2.0,"0,75 l",normale prijs per liter €4.65,True,AH,2 + 4 GRATIS,2026-08-10,2026-08-16,,True,AH,https://www.ah.nl/producten/product/wi600236,2026-08-09,Glorix Toiletreiniger lime zonder bleek,households
607104,63038,Ariel Vloeibaar+ wasmiddel unstop color,Ariel,huishouden,Huishouden,Vloeibaar wasmiddel,20.99,20.99,,1 + 1 GRATIS,,1.0,25 wasbeurten,,True,AH,1 + 1 GRATIS,2026-08-03,2026-08-09,,True,AH,https://www.ah.nl/producten/product/wi607104,2026-08-09,Ariel Vloeibaar+ wasmiddel unstop color,households
622951,0,Ariel Vloeibaar+ wasmiddel unstop color 2-pack,Ariel,huishouden,Huishouden,Vloeibaar wasmiddel,20.99,41.98,50.0,pakketkorting,,,2 stuks,,True,AHOO,,2026-08-09,2026-08-09,,True,AH,https://www.ah.nl/producten/product/wi622951,2026-08-09,Ariel Vloeibaar+ wasmiddel unstop color 2-pack,households
598842,47465,Glade Geurstokjes relaxing zen,Glade,koken-tafelen-vrije-tijd,"Koken, tafelen, vrije tijd",Geurstokjes,6.99,6.99,,,,,per stuk,,False,,,,,,True,AH,https://www.ah.nl/producten/product/wi598842,2026-08-09,Glade Geurstokjes relaxing zen,cooking-dining-free-time
598841,47454,Glade Geurstokjes sandalwood & jasmine,Glade,koken-tafelen-vrije-tijd,"Koken, tafelen, vrije tijd",Geurstokjes,6.99,6.99,,,,,per stuk,,False,,,,,,True,AH,https://www.ah.nl/producten/product/wi598841,2026-08-09,Glade Geurstokjes sandalwood & jasmine,cooking-dining-free-time
475849,728813,AH Kartonnen beker wit,AH,koken-tafelen-vrije-tijd,"Koken, tafelen, vrije tijd",Wegwerpbekers,1.99,1.99,,,,,30 stuks,,False,,,,,,True,AH,https://www.ah.nl/producten/product/wi475849,2026-08-09,AH Kartonnen beker wit,cooking-dining-free-time
624,545646,AH Servetten 2-laags 33x33 cm wit,AH,koken-tafelen-vrije-tijd,"Koken, tafelen, vrije tijd",Servetten,1.99,1.99,,,,,50 stuks,,False,,,,,,True,AH,https://www.ah.nl/producten/product/wi624,2026-08-09,AH Servetten 2-laags 33x33 cm wit,cooking-dining-free-time
434870,699316,AH Bord 23 cm,AH,koken-tafelen-vrije-tijd,"Koken, tafelen, vrije tijd",Wegwerpborden,1.99,1.99,,,,,20 stuks,,False,,,,,,True,AH,https://www.ah.nl/producten/product/wi434870,2026-08-09,AH Bord 23 cm,cooking-dining-free-time
604988,58879,Glade Geurglas I love you,Glade,koken-tafelen-vrije-tijd,"Koken, tafelen, vrije tijd",Geurkaarsen,8.79,8.79,,,,,per stuk,,False,,,,,,True,AH,https://www.ah.nl/producten/product/wi604988,2026-08-09,Glade Geurglas I love you,cooking-dining-free-time
480624,734831,AH Donatie Voedselbanken Nederland 1 euro,AH,koken-tafelen-vrije-tijd,"Koken, tafelen, vrije tijd",Donaties,1.0,1.0,,,,,per stuk,,False,,,,,,True,AH,https://www.ah.nl/producten/product/wi480624,2026-08-09,AH Donatie Voedselbanken Nederland 1 euro,cooking-dining-free-time
514507,24643,AH Rietjes,AH,koken-tafelen-vrije-tijd,"Koken, tafelen, vrije tijd",Wegwerpbekers,1.29,1.29,,,,,10 stuks,,False,,,,,,True,AH,https://www.ah.nl/producten/product/wi514507,2026-08-09,AH Rietjes,cooking-dining-free-time
473597,725739,AH Houten vork,AH,koken-tafelen-vrije-tijd,"Koken, tafelen, vrije tijd",Bestek,1.39,1.39,,,,,20 stuks,,False,,,,,,True,AH,https://www.ah.nl/producten/product/wi473597,2026-08-09,AH Houten vork,cooking-dining-free-time
196807,607132,"AH AAA 1,5V batterijen",AH,koken-tafelen-vrije-tijd,"Koken, tafelen, vrije tijd",AAA batterijen,1.95,1.95,,,,,8 stuks,,False,,,,,,True,AH,https://www.ah.nl/producten/product/wi196807,2026-08-09,"AH AAA 1,5V batterijen",cooking-dining-free-time
414011,856793,AH Sateprikkers bamboe 20cm,AH,koken-tafelen-vrije-tijd,"Koken, tafelen, vrije tijd","Prikkers, touw",1.19,1.19,,,,,100 stuks,,False,,,,,,True,AH,https://www.ah.nl/producten/product/wi414011,2026-08-09,AH Sateprikkers bamboe 20cm,cooking-dining-free-time
473600,725742,AH Roerstaafje hout,AH,koken-tafelen-vrije-tijd,"Koken, tafelen, vrije tijd",Bestek,0.99,0.99,,,,,100 stuks,,False,,,,,,True,AH,https://www.ah.nl/producten/product/wi473600,2026-08-09,AH Roerstaafje hout,cooking-dining-free-time
413922,856775,AH Cocktailprikkers 200 stuks,AH,koken-tafelen-vrije-tijd,"Koken, tafelen, vrije tijd","Prikkers, touw",1.99,1.99,,,,,2 stuks,,False,,,,,,True,AH,https://www.ah.nl/producten/product/wi413922,2026-08-09,AH Cocktailprikkers 200 stuks,cooking-dining-free-time
441449,83040,Canon Printpapier,Canon,koken-tafelen-vrije-tijd,"Koken, tafelen, vrije tijd",Papierwaren,6.49,6.49,,,,,500 stuks,,False,,,,,,True,AH,https://www.ah.nl/producten/product/wi441449,2026-08-09,Canon Printpapier,cooking-dining-free-time
478508,732454,AH Bierglazen 300ml,AH,koken-tafelen-vrije-tijd,"Koken, tafelen, vrije tijd",Wegwerpbekers,1.99,1.99,,,,,20 stuks,,False,,,,,,True,AH,https://www.ah.nl/producten/product/wi478508,2026-08-09,AH Bierglazen 300ml,cooking-dining-free-time
466213,716847,AH Elektronische aanstekers,AH,koken-tafelen-vrije-tijd,"Koken, tafelen, vrije tijd","Lucifers, aanstekers",1.29,1.29,,,,,3 stuks,,False,,,,,,True,AH,https://www.ah.nl/producten/product/wi466213,2026-08-09,AH Elektronische aanstekers,cooking-dining-free-time
473599,725741,AH Houten mes,AH,koken-tafelen-vrije-tijd,"Koken, tafelen, vrije tijd",Bestek,1.39,1.39,,,,,20 stuks,,False,,,,,,True,AH,https://www.ah.nl/producten/product/wi473599,2026-08-09,AH Houten mes,cooking-dining-free-time
166525,640856,"AH AA alkaline 1,5V mignon lange levensduur",AH,koken-tafelen-vrije-tijd,"Koken, tafelen, vrije tijd",AA batterijen,6.99,6.99,,,,,8 stuks,,False,,,,,,True,AH,https://www.ah.nl/producten/product/wi166525,2026-08-09,"AH AA alkaline 1,5V mignon lange levensduur",cooking-dining-free-time
598498,0,"AH AA alkaline 1,5V mignon 4-pack",AH,koken-tafelen-vrije-tijd,"Koken, tafelen, vrije tijd",AA batterijen,23.77,27.96,15.0,15% volume voordeel,,,4 stuks,,True,AHOO,15% volume voordeel,2026-08-09,2999-12-31,,True,AH,https://www.ah.nl/producten/product/wi598498,2026-08-09,"AH AA alkaline 1,5V mignon 4-pack",cooking-dining-free-time
409036,853932,AH Aanmaakblokjes bruin,AH,koken-tafelen-vrije-tijd,"Koken, tafelen, vrije tijd",Houtskool,1.99,1.99,,,,,56 stuks,,False,,,,,,True,AH,https://www.ah.nl/producten/product/wi409036,2026-08-09,AH Aanmaakblokjes bruin,cooking-dining-free-time
434869,699315,AH Gebaksbord 15 cm,AH,koken-tafelen-vrije-tijd,"Koken, tafelen, vrije tijd",Wegwerpborden,1.79,1.79,,,,,20 stuks,,False,,,,,,True,AH,https://www.ah.nl/producten/product/wi434869,2026-08-09,AH Gebaksbord 15 cm,cooking-dining-free-time
514606,884359,AH Servet donkerblauw,AH,koken-tafelen-vrije-tijd,"Koken, tafelen, vrije tijd",Servetten,1.89,1.89,,,,,20 stuks,,False,,,,,,True,AH,https://www.ah.nl/producten/product/wi514606,2026-08-09,AH Servet donkerblauw,cooking-dining-free-time
212958,806343,Hoomark 3-pak Inpakpapier,Hoomark,koken-tafelen-vrije-tijd,"Koken, tafelen, vrije tijd",Cadeauverpakking,1.79,1.79,,,,,3 stuks,,False,,,,,,True,AH,https://www.ah.nl/producten/product/wi212958,2026-08-09,Hoomark 3-pak Inpakpapier,cooking-dining-free-time
598075,0,AH Servet donkerblauw 4-pack,AH,koken-tafelen-vrije-tijd,"Koken, tafelen, vrije tijd",Servetten,6.8,7.56,10.0,10% volume voordeel,,,4 stuks,,True,AHOO,10% volume voordeel,2026-08-09,2999-12-31,,True,AH,https://www.ah.nl/producten/product/wi598075,2026-08-09,AH Servet donkerblauw 4-pack,cooking-dining-free-time
597555,0,AH Elektronische aanstekers 2-pack,AH,koken-tafelen-vrije-tijd,"Koken, tafelen, vrije tijd","Lucifers, aanstekers",2.48,2.58,4.0,4% volume voordeel,,,2 stuks,,True,AHOO,4% volume voordeel,2026-08-09,2999-12-31,,True,AH,https://www.ah.nl/producten/product/wi597555,2026-08-09,AH Elektronische aanstekers 2-pack,cooking-dining-free-time
200726,787450,AH Aansteker flex,AH,koken-tafelen-vrije-tijd,"Koken, tafelen, vrije tijd","Lucifers, aanstekers",1.99,1.99,,,,,per stuk,,False,,,,,,True,AH,https://www.ah.nl/producten/product/wi200726,2026-08-09,AH Aansteker flex,cooking-dining-free-time
514523,25594,AH Servet blad 33cm,AH,koken-tafelen-vrije-tijd,"Koken, tafelen, vrije tijd",Servetten,1.99,1.99,,,,,20 stuks,,False,,,,,,True,AH,https://www.ah.nl/producten/product/wi514523,2026-08-09,AH Servet blad 33cm,cooking-dining-free-time
597523,0,AH Aansteker flex 2-pack,AH,koken-tafelen-vrije-tijd,"Koken, tafelen, vrije tijd","Lucifers, aanstekers",3.82,3.98,4.0,4% volume voordeel,,,2 stuks,,True,AHOO,4% volume voordeel,2026-08-09,2999-12-31,,True,AH,https://www.ah.nl/producten/product/wi597523,2026-08-09,AH Aansteker flex 2-pack,cooking-dining-free-time
155427,593663,AH Kaarsen aansteker,AH,koken-tafelen-vrije-tijd,"Koken, tafelen, vrije tijd","Lucifers, aanstekers",1.99,1.99,,,,,2 stuks,,False,,,,,,True,AH,https://www.ah.nl/producten/product/wi155427,2026-08-09,AH Kaarsen aansteker,cooking-dining-free-time
597989,0,AH Kaarsen aansteker 2-pack,AH,koken-tafelen-vrije-tijd,"Koken, tafelen, vrije tijd","Lucifers, aanstekers",3.82,3.98,4.0,4% volume voordeel,,,2 stuks,,True,AHOO,4% volume voordeel,2026-08-09,2999-12-31,,True,AH,https://www.ah.nl/producten/product/wi597989,2026-08-09,AH Kaarsen aansteker 2-pack,cooking-dining-free-time
606578,62073,AH BBQ disposable bekers,AH,koken-tafelen-vrije-tijd,"Koken, tafelen, vrije tijd",Wegwerpbekers,2.49,2.49,,BONUS,,,40 stuks,,True,AH,BONUS,2026-04-20,2026-08-30,,True,AH,https://www.ah.nl/producten/product/wi606578,2026-08-09,AH BBQ disposable bekers,cooking-dining-free-time
556854,584153,AH Kom rond wit bagasse 500ml,AH,koken-tafelen-vrije-tijd,"Koken, tafelen, vrije tijd","Kommen, schaaltjes",1.89,1.89,,,,,12 stuks,,False,,,,,,True,AH,https://www.ah.nl/producten/product/wi556854,2026-08-09,AH Kom rond wit bagasse 500ml,cooking-dining-free-time
590369,37180,De zwaluw Lucifers 4-pack,De zwaluw,koken-tafelen-vrije-tijd,"Koken, tafelen, vrije tijd","Lucifers, aanstekers",1.75,1.75,,,,,4 stuks,,False,,,,,,True,AH,https://www.ah.nl/producten/product/wi590369,2026-08-09,De zwaluw Lucifers 4-pack,cooking-dining-free-time
225996,792988,AH Wijnglas facet,AH,koken-tafelen-vrije-tijd,"Koken, tafelen, vrije tijd",Wegwerpbekers,2.79,2.79,,,,,10 stuks,,False,,,,,,True,AH,https://www.ah.nl/producten/product/wi225996,2026-08-09,AH Wijnglas facet,cooking-dining-free-time
514529,27012,AH Servet earthy champ,AH,koken-tafelen-vrije-tijd,"Koken, tafelen, vrije tijd",Servetten,1.89,1.89,,,,,20 stuks,,False,,,,,,True,AH,https://www.ah.nl/producten/product/wi514529,2026-08-09,AH Servet earthy champ,cooking-dining-free-time
128488,554847,AH Aluminium grillschaal,AH,koken-tafelen-vrije-tijd,"Koken, tafelen, vrije tijd",Aluminium schaal,1.19,1.19,,,,,2 stuks,,False,,,,,,True,AH,https://www.ah.nl/producten/product/wi128488,2026-08-09,AH Aluminium grillschaal,cooking-dining-free-time
494812,750131,Pokon Compact potgrond,Pokon,koken-tafelen-vrije-tijd,"Koken, tafelen, vrije tijd",Planten en plantverzorging,4.49,4.49,,,,,10 l,prijs per liter €0.45,False,,,,,,True,AH,https://www.ah.nl/producten/product/wi494812,2026-08-09,Pokon Compact potgrond,cooking-dining-free-time
114143,558595,Varta Longlife power AA alkaline batterijen,Varta,koken-tafelen-vrije-tijd,"Koken, tafelen, vrije tijd",AA batterijen,5.69,5.69,,,,,4 stuks,,False,,,,,,True,AH,https://www.ah.nl/producten/product/wi114143,2026-08-09,Varta Longlife power AA alkaline batterijen,cooking-dining-free-time
598076,0,AH Servet earthy champ 4-pack,AH,koken-tafelen-vrije-tijd,"Koken, tafelen, vrije tijd",Servetten,6.8,7.56,10.0,10% volume voordeel,,,4 stuks,,True,AHOO,10% volume voordeel,2026-08-09,2999-12-31,,True,AH,https://www.ah.nl/producten/product/wi598076,2026-08-09,AH Servet earthy champ 4-pack,cooking-dining-free-time
191755,792971,AH Servetten wit 3-laags,AH,koken-tafelen-vrije-tijd,"Koken, tafelen, vrije tijd",Servetten,1.05,1.05,,,,,20 stuks,,False,,,,,,True,AH,https://www.ah.nl/producten/product/wi191755,2026-08-09,AH Servetten wit 3-laags,cooking-dining-free-time
136831,607127,AH Alkaline AA batterijen,AH,koken-tafelen-vrije-tijd,"Koken, tafelen, vrije tijd",AA batterijen,4.29,4.29,,,,,4 stuks,,False,,,,,,True,AH,https://www.ah.nl/producten/product/wi136831,2026-08-09,AH Alkaline AA batterijen,cooking-dining-free-time
598430,0,AH Alkaline AA batterijen 4-pack,AH,koken-tafelen-vrije-tijd,"Koken, tafelen, vrije tijd",AA batterijen,14.59,17.16,15.0,15% volume voordeel,,,4 stuks,,True,AHOO,15% volume voordeel,2026-08-09,2999-12-31,,True,AH,https://www.ah.nl/producten/product/wi598430,2026-08-09,AH Alkaline AA batterijen 4-pack,cooking-dining-free-time
514502,24507,AH Bellenblaas,AH,koken-tafelen-vrije-tijd,"Koken, tafelen, vrije tijd",Feestversiering en traktatie,0.89,0.89,,,,,per stuk,,False,,,,,,True,AH,https://www.ah.nl/producten/product/wi514502,2026-08-09,AH Bellenblaas,cooking-dining-free-time
80159,544288,De zwaluw Lucifers extra lang,De zwaluw,koken-tafelen-vrije-tijd,"Koken, tafelen, vrije tijd","Lucifers, aanstekers",1.59,1.59,,,,,45 stuks,,False,,,,,,True,AH,https://www.ah.nl/producten/product/wi80159,2026-08-09,De zwaluw Lucifers extra lang,cooking-dining-free-time
559022,562736,AH Aanmaakblokjes wit,AH,koken-tafelen-vrije-tijd,"Koken, tafelen, vrije tijd",Aanmaakblokjes,1.99,1.99,,,,,48 stuks,,False,,,,,,True,AH,https://www.ah.nl/producten/product/wi559022,2026-08-09,AH Aanmaakblokjes wit,cooking-dining-free-time
618577,0,AH Elektronische aanstekers 4-pack,AH,koken-tafelen-vrije-tijd,"Koken, tafelen, vrije tijd","Lucifers, aanstekers",4.54,5.16,12.0,12% volume voordeel,,,4 stuks,,True,AHOO,12% volume voordeel,2026-08-09,2999-12-31,,True,AH,https://www.ah.nl/producten/product/wi618577,2026-08-09,AH Elektronische aanstekers 4-pack,cooking-dining-free-time
485315,740666,AH Donatie Rode Kruis 1 euro,AH,koken-tafelen-vrije-tijd,"Koken, tafelen, vrije tijd",Donaties,1.0,1.0,,,,,per stuk,,False,,,,,,True,AH,https://www.ah.nl/producten/product/wi485315,2026-08-09,AH Donatie Rode Kruis 1 euro,cooking-dining-free-time
598074,0,AH Servet blad 33cm 4-pack,AH,koken-tafelen-vrije-tijd,"Koken, tafelen, vrije tijd",Servetten,7.16,7.96,10.0,10% volume voordeel,,,4 stuks,,True,AHOO,10% volume voordeel,2026-08-09,2999-12-31,,True,AH,https://www.ah.nl/producten/product/wi598074,2026-08-09,AH Servet blad 33cm 4-pack,cooking-dining-free-time
590243,36441,AH Servet dahlia,AH,koken-tafelen-vrije-tijd,"Koken, tafelen, vrije tijd",Servetten,1.99,1.99,,,,,20 stuks,,False,,,,,,True,AH,https://www.ah.nl/producten/product/wi590243,2026-08-09,AH Servet dahlia,cooking-dining-free-time
618576,0,AH Elektronische aanstekers 3-pack,AH,koken-tafelen-vrije-tijd,"Koken, tafelen, vrije tijd","Lucifers, aanstekers",3.56,3.87,8.0,8% volume voordeel,,,3 stuks,,True,AHOO,8% volume voordeel,2026-08-09,2999-12-31,,True,AH,https://www.ah.nl/producten/product/wi618576,2026-08-09,AH Elektronische aanstekers 3-pack,cooking-dining-free-time
436005,43974,AH Papieren cupcake vorm,AH,koken-tafelen-vrije-tijd,"Koken, tafelen, vrije tijd",Bakvormen en accessoires,1.79,1.79,,,,,100 stuks,,False,,,,,,True,AH,https://www.ah.nl/producten/product/wi436005,2026-08-09,AH Papieren cupcake vorm,cooking-dining-free-time
114142,558600,Varta Longlife power AAA alkaline batterijen,Varta,koken-tafelen-vrije-tijd,"Koken, tafelen, vrije tijd",AAA batterijen,5.69,5.69,,,,,4 stuks,,False,,,,,,True,AH,https://www.ah.nl/producten/product/wi114142,2026-08-09,Varta Longlife power AAA alkaline batterijen,cooking-dining-free-time
619570,0,AH Servet donkerblauw 2-pack,AH,koken-tafelen-vrije-tijd,"Koken, tafelen, vrije tijd",Servetten,3.67,3.78,3.0,3% volume voordeel,,,2 stuks,,True,AHOO,3% volume voordeel,2026-08-09,2999-12-31,,True,AH,https://www.ah.nl/producten/product/wi619570,2026-08-09,AH Servet donkerblauw 2-pack,cooking-dining-free-time
165036,626875,AH Theelichten 8 uur,AH,koken-tafelen-vrije-tijd,"Koken, tafelen, vrije tijd",Theelichten,4.99,4.99,,,,,40 stuks,,False,,,,,,True,AH,https://www.ah.nl/producten/product/wi165036,2026-08-09,AH Theelichten 8 uur,cooking-dining-free-time
434996,699410,AH Party cups,AH,koken-tafelen-vrije-tijd,"Koken, tafelen, vrije tijd",Wegwerpbekers,2.59,2.59,,,,,15 stuks,,False,,,,,,True,AH,https://www.ah.nl/producten/product/wi434996,2026-08-09,AH Party cups,cooking-dining-free-time
619571,0,AH Servet donkerblauw 3-pack,AH,koken-tafelen-vrije-tijd,"Koken, tafelen, vrije tijd",Servetten,5.39,5.67,5.0,5% volume voordeel,,,3 stuks,,True,AHOO,5% volume voordeel,2026-08-09,2999-12-31,,True,AH,https://www.ah.nl/producten/product/wi619571,2026-08-09,AH Servet donkerblauw 3-pack,cooking-dining-free-time
413931,856785,AH Tapasprikker 9 cm,AH,koken-tafelen-vrije-tijd,"Koken, tafelen, vrije tijd","Prikkers, touw",2.19,2.19,,,,,70 stuks,,False,,,,,,True,AH,https://www.ah.nl/producten/product/wi413931,2026-08-09,AH Tapasprikker 9 cm,cooking-dining-free-time
556853,72746,AH Bord rond wit bagasse 260mm,AH,koken-tafelen-vrije-tijd,"Koken, tafelen, vrije tijd",Wegwerpborden,2.69,2.69,,,,,12 stuks,,False,,,,,,True,AH,https://www.ah.nl/producten/product/wi556853,2026-08-09,AH Bord rond wit bagasse 260mm,cooking-dining-free-time
598424,0,AH Servet dahlia 4-pack,AH,koken-tafelen-vrije-tijd,"Koken, tafelen, vrije tijd",Servetten,7.16,7.96,10.0,10% volume voordeel,,,4 stuks,,True,AHOO,10% volume voordeel,2026-08-09,2999-12-31,,True,AH,https://www.ah.nl/producten/product/wi598424,2026-08-09,AH Servet dahlia 4-pack,cooking-dining-free-time
619568,0,AH Servet blad 33cm 2-pack,AH,koken-tafelen-vrije-tijd,"Koken, tafelen, vrije tijd",Servetten,3.86,3.98,3.0,3% volume voordeel,,,2 stuks,,True,AHOO,3% volume voordeel,2026-08-09,2999-12-31,,True,AH,https://www.ah.nl/producten/product/wi619568,2026-08-09,AH Servet blad 33cm 2-pack,cooking-dining-free-time
434821,699259,AH Glas facet 240 ml,AH,koken-tafelen-vrije-tijd,"Koken, tafelen, vrije tijd",Wegwerpbekers,3.99,3.99,,,,,10 stuks,,False,,,,,,True,AH,https://www.ah.nl/producten/product/wi434821,2026-08-09,AH Glas facet 240 ml,cooking-dining-free-time
612071,68328,AH Citronella geurkaars,AH,koken-tafelen-vrije-tijd,"Koken, tafelen, vrije tijd",Geurkaarsen,2.49,2.49,,,,,per stuk,,False,,,,,,True,AH,https://www.ah.nl/producten/product/wi612071,2026-08-09,AH Citronella geurkaars,cooking-dining-free-time
585212,29823,AH Bakje blad,AH,koken-tafelen-vrije-tijd,"Koken, tafelen, vrije tijd","Kommen, schaaltjes",1.99,1.99,,,,,8 stuks,,False,,,,,,True,AH,https://www.ah.nl/producten/product/wi585212,2026-08-09,AH Bakje blad,cooking-dining-free-time
589514,35163,24Basics Duct tape 10 meter x 50mm,24Basics,koken-tafelen-vrije-tijd,"Koken, tafelen, vrije tijd",Schrijfwaren en plakband,2.99,2.99,,,,,per stuk,,False,,,,,,True,AH,https://www.ah.nl/producten/product/wi589514,2026-08-09,24Basics Duct tape 10 meter x 50mm,cooking-dining-free-time
589528,35197,24Basics Verpakkingstape transparant 66mx50mm,24Basics,koken-tafelen-vrije-tijd,"Koken, tafelen, vrije tijd",Schrijfwaren en plakband,3.49,3.49,,,,,per stuk,,False,,,,,,True,AH,https://www.ah.nl/producten/product/wi589528,2026-08-09,24Basics Verpakkingstape transparant 66mx50mm,cooking-dining-free-time
594559,42809,Duracell Plus AAA-alkaline batterijen MN2400,Duracell,koken-tafelen-vrije-tijd,"Koken, tafelen, vrije tijd",AAA batterijen,7.01,11.69,40.0,40% korting,,,6 stuks,,True,AH,40% korting,2026-08-10,2026-08-16,,True,AH,https://www.ah.nl/producten/product/wi594559,2026-08-09,Duracell Plus AAA-alkaline batterijen MN2400,cooking-dining-free-time
206871,798570,AH Champagneglas plastic,AH,koken-tafelen-vrije-tijd,"Koken, tafelen, vrije tijd",Wegwerpbekers,3.59,3.59,,,,,6 stuks,,False,,,,,,True,AH,https://www.ah.nl/producten/product/wi206871,2026-08-09,AH Champagneglas plastic,cooking-dining-free-time
598059,0,AH Party cups 4-pack,AH,koken-tafelen-vrije-tijd,"Koken, tafelen, vrije tijd",Wegwerpbekers,9.32,10.36,10.0,10% volume voordeel,,,4 stuks,,True,AHOO,10% volume voordeel,2026-08-09,2999-12-31,,True,AH,https://www.ah.nl/producten/product/wi598059,2026-08-09,AH Party cups 4-pack,cooking-dining-free-time
514254,7723,AH Vlaggenlijn 6 meter,AH,koken-tafelen-vrije-tijd,"Koken, tafelen, vrije tijd",Feestversiering en traktatie,0.99,0.99,,,,,per stuk,,False,,,,,,True,AH,https://www.ah.nl/producten/product/wi514254,2026-08-09,AH Vlaggenlijn 6 meter,cooking-dining-free-time
590244,36442,AH Servet ruit,AH,koken-tafelen-vrije-tijd,"Koken, tafelen, vrije tijd",Servetten,1.99,1.99,,,,,20 stuks,,False,,,,,,True,AH,https://www.ah.nl/producten/product/wi590244,2026-08-09,AH Servet ruit,cooking-dining-free-time
619569,0,AH Servet blad 33cm 3-pack,AH,koken-tafelen-vrije-tijd,"Koken, tafelen, vrije tijd",Servetten,5.67,5.97,5.0,5% volume voordeel,,,3 stuks,,True,AHOO,5% volume voordeel,2026-08-09,2999-12-31,,True,AH,https://www.ah.nl/producten/product/wi619569,2026-08-09,AH Servet blad 33cm 3-pack,cooking-dining-free-time
598843,47466,Glade Geurstokjes clean linen,Glade,koken-tafelen-vrije-tijd,"Koken, tafelen, vrije tijd",Geurstokjes,6.99,6.99,,,,,per stuk,,False,,,,,,True,AH,https://www.ah.nl/producten/product/wi598843,2026-08-09,Glade Geurstokjes clean linen,cooking-dining-free-time
136833,607129,AH C alkaline batterijen,AH,koken-tafelen-vrije-tijd,"Koken, tafelen, vrije tijd",9V batterijen en overige batterijen,1.99,1.99,,,,,2 stuks,,False,,,,,,True,AH,https://www.ah.nl/producten/product/wi136833,2026-08-09,AH C alkaline batterijen,cooking-dining-free-time
514520,25494,AH Bord blad 15cm,AH,koken-tafelen-vrije-tijd,"Koken, tafelen, vrije tijd",Wegwerpborden,1.49,1.49,,,,,10 stuks,,False,,,,,,True,AH,https://www.ah.nl/producten/product/wi514520,2026-08-09,AH Bord blad 15cm,cooking-dining-free-time
619572,0,AH Servet earthy champ 2-pack,AH,koken-tafelen-vrije-tijd,"Koken, tafelen, vrije tijd",Servetten,3.67,3.78,3.0,3% volume voordeel,,,2 stuks,,True,AHOO,3% volume voordeel,2026-08-09,2999-12-31,,True,AH,https://www.ah.nl/producten/product/wi619572,2026-08-09,AH Servet earthy champ 2-pack,cooking-dining-free-time
514515,25380,AH Beker blad,AH,koken-tafelen-vrije-tijd,"Koken, tafelen, vrije tijd",Wegwerpbekers,1.99,1.99,,,,,12 stuks,,False,,,,,,True,AH,https://www.ah.nl/producten/product/wi514515,2026-08-09,AH Beker blad,cooking-dining-free-time
583043,26025,AH Schaar,AH,koken-tafelen-vrije-tijd,"Koken, tafelen, vrije tijd","Schaar, rasp, kaasschaaf",2.99,2.99,,,,,per stuk,,False,,,,,,True,AH,https://www.ah.nl/producten/product/wi583043,2026-08-09,AH Schaar,cooking-dining-free-time
614164,0,Duracell Plus AAA-alkaline batterijen MN2400 2-pk,Duracell,koken-tafelen-vrije-tijd,"Koken, tafelen, vrije tijd",AAA batterijen,18.7,23.38,20.0,20% volume voordeel,,,2 stuks,,True,AHOO,20% volume voordeel,2026-08-09,2026-08-09,,True,AH,https://www.ah.nl/producten/product/wi614164,2026-08-09,Duracell Plus AAA-alkaline batterijen MN2400 2-pk,cooking-dining-free-time
619573,0,AH Servet earthy champ 3-pack,AH,koken-tafelen-vrije-tijd,"Koken, tafelen, vrije tijd",Servetten,5.39,5.67,5.0,5% volume voordeel,,,3 stuks,,True,AHOO,5% volume voordeel,2026-08-09,2999-12-31,,True,AH,https://www.ah.nl/producten/product/wi619573,2026-08-09,AH Servet earthy champ 3-pack,cooking-dining-free-time
136835,607131,AH 9V alkaline batterijen,AH,koken-tafelen-vrije-tijd,"Koken, tafelen, vrije tijd",9V batterijen en overige batterijen,1.55,1.55,,,,,per stuk,,False,,,,,,True,AH,https://www.ah.nl/producten/product/wi136835,2026-08-09,AH 9V alkaline batterijen,cooking-dining-free-time
514494,22958,AH Ballonnen gekleurd,AH,koken-tafelen-vrije-tijd,"Koken, tafelen, vrije tijd",Feestversiering en traktatie,2.99,2.99,,,,,50 stuks,,False,,,,,,True,AH,https://www.ah.nl/producten/product/wi514494,2026-08-09,AH Ballonnen gekleurd,cooking-dining-free-time
594557,42808,Duracell Plus AA-alkaline batterijen MN1500,Duracell,koken-tafelen-vrije-tijd,"Koken, tafelen, vrije tijd",AA batterijen,7.01,11.69,40.0,40% korting,,,6 stuks,,True,AH,40% korting,2026-08-10,2026-08-16,,True,AH,https://www.ah.nl/producten/product/wi594557,2026-08-09,Duracell Plus AA-alkaline batterijen MN1500,cooking-dining-free-time
598513,0,AH Bakje blad 4-pack,AH,koken-tafelen-vrije-tijd,"Koken, tafelen, vrije tijd","Kommen, schaaltjes",7.16,7.96,10.0,10% volume voordeel,,,4 stuks,,True,AHOO,10% volume voordeel,2026-08-09,2999-12-31,,True,AH,https://www.ah.nl/producten/product/wi598513,2026-08-09,AH Bakje blad 4-pack,cooking-dining-free-time
621729,0,AH Servet dahlia 2-pack,AH,koken-tafelen-vrije-tijd,"Koken, tafelen, vrije tijd",Servetten,3.86,3.98,3.0,3% volume voordeel,,,2 stuks,,True,AHOO,3% volume voordeel,2026-08-09,2999-12-31,,True,AH,https://www.ah.nl/producten/product/wi621729,2026-08-09,AH Servet dahlia 2-pack,cooking-dining-free-time
587103,32604,AH Lepel herbruikbaar,AH,koken-tafelen-vrije-tijd,"Koken, tafelen, vrije tijd",Bestek,2.99,2.99,,,,,10 stuks,,False,,,,,,True,AH,https://www.ah.nl/producten/product/wi587103,2026-08-09,AH Lepel herbruikbaar,cooking-dining-free-time
598072,0,AH Schaar 2-pack,AH,koken-tafelen-vrije-tijd,"Koken, tafelen, vrije tijd","Schaar, rasp, kaasschaaf",5.68,5.98,5.0,5% volume voordeel,,,2 stuks,,True,AHOO,5% volume voordeel,2026-08-09,2999-12-31,,True,AH,https://www.ah.nl/producten/product/wi598072,2026-08-09,AH Schaar 2-pack,cooking-dining-free-time
598425,0,AH Servet ruit 4-pack,AH,koken-tafelen-vrije-tijd,"Koken, tafelen, vrije tijd",Servetten,7.16,7.96,10.0,10% volume voordeel,,,4 stuks,,True,AHOO,10% volume voordeel,2026-08-09,2999-12-31,,True,AH,https://www.ah.nl/producten/product/wi598425,2026-08-09,AH Servet ruit 4-pack,cooking-dining-free-time
194597,795636,Loctite Seconde lijm,Loctite,koken-tafelen-vrije-tijd,"Koken, tafelen, vrije tijd","Hobby, vrije tijd",4.99,4.99,,,,,3 g,,False,,,,,,True,AH,https://www.ah.nl/producten/product/wi194597,2026-08-09,Loctite Seconde lijm,cooking-dining-free-time
556666,98287,AH Cocktailprikkers bamboe,AH,koken-tafelen-vrije-tijd,"Koken, tafelen, vrije tijd","Prikkers, touw",2.19,2.19,,,,,50 stuks,,False,,,,,,True,AH,https://www.ah.nl/producten/product/wi556666,2026-08-09,AH Cocktailprikkers bamboe,cooking-dining-free-time
441112,704737,AH Elektronische aansteker F2 turbo,AH,koken-tafelen-vrije-tijd,"Koken, tafelen, vrije tijd","Lucifers, aanstekers",1.69,1.69,,,,,2 stuks,,False,,,,,,True,AH,https://www.ah.nl/producten/product/wi441112,2026-08-09,AH Elektronische aansteker F2 turbo,cooking-dining-free-time
614165,0,Duracell Plus AAA-alkaline batterijen MN2400 3-pk,Duracell,koken-tafelen-vrije-tijd,"Koken, tafelen, vrije tijd",AAA batterijen,24.55,35.07,30.0,30% volume voordeel,,,3 stuks,,True,AHOO,30% volume voordeel,2026-08-09,2026-08-09,,True,AH,https://www.ah.nl/producten/product/wi614165,2026-08-09,Duracell Plus AAA-alkaline batterijen MN2400 3-pk,cooking-dining-free-time
614200,0,Duracell Plus AA-alkaline batterij MN1500 2-pck,Duracell,koken-tafelen-vrije-tijd,"Koken, tafelen, vrije tijd",AA batterijen,18.7,23.38,20.0,20% volume voordeel,,,2 stuks,,True,AHOO,20% volume voordeel,2026-08-09,2026-08-09,,True,AH,https://www.ah.nl/producten/product/wi614200,2026-08-09,Duracell Plus AA-alkaline batterij MN1500 2-pck,cooking-dining-free-time
114146,809372,Varta Longlife power 9V alkaline batterijen,Varta,koken-tafelen-vrije-tijd,"Koken, tafelen, vrije tijd",9V batterijen en overige batterijen,3.99,3.99,,,,,per stuk,,False,,,,,,True,AH,https://www.ah.nl/producten/product/wi114146,2026-08-09,Varta Longlife power 9V alkaline batterijen,cooking-dining-free-time
514518,25414,AH Bakje blad,AH,koken-tafelen-vrije-tijd,"Koken, tafelen, vrije tijd","Kommen, schaaltjes",1.99,1.99,,,,,8 stuks,,False,,,,,,True,AH,https://www.ah.nl/producten/product/wi514518,2026-08-09,AH Bakje blad,cooking-dining-free-time
598844,47467,Glade Geurstokjes vanilla blossom,Glade,koken-tafelen-vrije-tijd,"Koken, tafelen, vrije tijd",Geurstokjes,6.99,6.99,,,,,per stuk,,False,,,,,,True,AH,https://www.ah.nl/producten/product/wi598844,2026-08-09,Glade Geurstokjes vanilla blossom,cooking-dining-free-time
621730,0,AH Servet dahlia 3-pack,AH,koken-tafelen-vrije-tijd,"Koken, tafelen, vrije tijd",Servetten,5.67,5.97,5.0,5% volume voordeel,,,3 stuks,,True,AHOO,5% volume voordeel,2026-08-09,2999-12-31,,True,AH,https://www.ah.nl/producten/product/wi621730,2026-08-09,AH Servet dahlia 3-pack,cooking-dining-free-time
413935,856789,AH Tapasprikkers 18 cm,AH,koken-tafelen-vrije-tijd,"Koken, tafelen, vrije tijd","Prikkers, touw",1.99,1.99,,,,,50 stuks,,False,,,,,,True,AH,https://www.ah.nl/producten/product/wi413935,2026-08-09,AH Tapasprikkers 18 cm,cooking-dining-free-time
598093,0,AH Tapasprikkers 18 cm 2-pack,AH,koken-tafelen-vrije-tijd,"Koken, tafelen, vrije tijd","Prikkers, touw",3.78,3.98,5.0,5% volume voordeel,,,2 stuks,,True,AHOO,5% volume voordeel,2026-08-09,2999-12-31,,True,AH,https://www.ah.nl/producten/product/wi598093,2026-08-09,AH Tapasprikkers 18 cm 2-pack,cooking-dining-free-time
598406,0,AH Lepel herbruikbaar 4-pack,AH,koken-tafelen-vrije-tijd,"Koken, tafelen, vrije tijd",Bestek,10.76,11.96,10.0,10% volume voordeel,,,4 stuks,,True,AHOO,10% volume voordeel,2026-08-09,2999-12-31,,True,AH,https://www.ah.nl/producten/product/wi598406,2026-08-09,AH Lepel herbruikbaar 4-pack,cooking-dining-free-time
514517,25412,AH Servet jungle 33cm,AH,koken-tafelen-vrije-tijd,"Koken, tafelen, vrije tijd",Servetten,1.99,1.99,,,,,20 stuks,,False,,,,,,True,AH,https://www.ah.nl/producten/product/wi514517,2026-08-09,AH Servet jungle 33cm,cooking-dining-free-time
597535,0,AH Beker blad 2-pack,AH,koken-tafelen-vrije-tijd,"Koken, tafelen, vrije tijd",Wegwerpbekers,3.86,3.98,3.0,3% volume voordeel,,,2 stuks,,True,AHOO,3% volume voordeel,2026-08-09,2999-12-31,,True,AH,https://www.ah.nl/producten/product/wi597535,2026-08-09,AH Beker blad 2-pack,cooking-dining-free-time
620004,0,AH Cocktailprikkers bamboe 4-pack,AH,koken-tafelen-vrije-tijd,"Koken, tafelen, vrije tijd","Prikkers, touw",7.88,8.76,10.0,10% volume voordeel,,,4 stuks,,True,AHOO,10% volume voordeel,2026-08-09,2999-12-31,,True,AH,https://www.ah.nl/producten/product/wi620004,2026-08-09,AH Cocktailprikkers bamboe 4-pack,cooking-dining-free-time
617816,0,AH Elektronische aansteker F2 turbo 2-pack,AH,koken-tafelen-vrije-tijd,"Koken, tafelen, vrije tijd","Lucifers, aanstekers",3.24,3.38,4.0,4% volume voordeel,,,2 stuks,,True,AHOO,4% volume voordeel,2026-08-09,2999-12-31,,True,AH,https://www.ah.nl/producten/product/wi617816,2026-08-09,AH Elektronische aansteker F2 turbo 2-pack,cooking-dining-free-time
617818,0,AH Elektronische aansteker F2 turbo 4-pack,AH,koken-tafelen-vrije-tijd,"Koken, tafelen, vrije tijd","Lucifers, aanstekers",5.95,6.76,12.0,12% volume voordeel,,,4 stuks,,True,AHOO,12% volume voordeel,2026-08-09,2999-12-31,,True,AH,https://www.ah.nl/producten/product/wi617818,2026-08-09,AH Elektronische aansteker F2 turbo 4-pack,cooking-dining-free-time
620003,0,AH Cocktailprikkers bamboe 3-pack,AH,koken-tafelen-vrije-tijd,"Koken, tafelen, vrije tijd","Prikkers, touw",6.04,6.57,8.0,8% volume voordeel,,,3 stuks,,True,AHOO,8% volume voordeel,2026-08-09,2999-12-31,,True,AH,https://www.ah.nl/producten/product/wi620003,2026-08-09,AH Cocktailprikkers bamboe 3-pack,cooking-dining-free-time
480924,735086,AH Knoopcel 2032,AH,koken-tafelen-vrije-tijd,"Koken, tafelen, vrije tijd",Knoopcelbatterijen,6.99,6.99,,,,,5 stuks,,False,,,,,,True,AH,https://www.ah.nl/producten/product/wi480924,2026-08-09,AH Knoopcel 2032,cooking-dining-free-time
597542,0,AH Bord blad 15cm 2-pack,AH,koken-tafelen-vrije-tijd,"Koken, tafelen, vrije tijd",Wegwerpborden,2.89,2.98,3.0,3% volume voordeel,,,2 stuks,,True,AHOO,3% volume voordeel,2026-08-09,2999-12-31,,True,AH,https://www.ah.nl/producten/product/wi597542,2026-08-09,AH Bord blad 15cm 2-pack,cooking-dining-free-time
620002,0,AH Cocktailprikkers bamboe 2-pack,AH,koken-tafelen-vrije-tijd,"Koken, tafelen, vrije tijd","Prikkers, touw",4.16,4.38,5.0,5% volume voordeel,,,2 stuks,,True,AHOO,5% volume voordeel,2026-08-09,2999-12-31,,True,AH,https://www.ah.nl/producten/product/wi620002,2026-08-09,AH Cocktailprikkers bamboe 2-pack,cooking-dining-free-time
621731,0,AH Servet ruit 2-pack,AH,koken-tafelen-vrije-tijd,"Koken, tafelen, vrije tijd",Servetten,3.86,3.98,3.0,3% volume voordeel,,,2 stuks,,True,AHOO,3% volume voordeel,2026-08-09,2999-12-31,,True,AH,https://www.ah.nl/producten/product/wi621731,2026-08-09,AH Servet ruit 2-pack,cooking-dining-free-time
614201,0,Duracell Plus AA-alkaline batterij MN1500 3-pck,Duracell,koken-tafelen-vrije-tijd,"Koken, tafelen, vrije tijd",AA batterijen,24.55,35.07,30.0,30% volume voordeel,,,3 stuks,,True,AHOO,30% volume voordeel,2026-08-09,2026-08-09,,True,AH,https://www.ah.nl/producten/product/wi614201,2026-08-09,Duracell Plus AA-alkaline batterij MN1500 3-pck,cooking-dining-free-time
514516,25410,AH Bord jungle 22cm,AH,koken-tafelen-vrije-tijd,"Koken, tafelen, vrije tijd",Wegwerpborden,1.99,1.99,,,,,10 stuks,,False,,,,,,True,AH,https://www.ah.nl/producten/product/wi514516,2026-08-09,AH Bord jungle 22cm,cooking-dining-free-time
566377,3762,AH Theelichten maxi 10 uur,AH,koken-tafelen-vrije-tijd,"Koken, tafelen, vrije tijd",Theelichten,2.99,2.99,,,,,12 stuks,,False,,,,,,True,AH,https://www.ah.nl/producten/product/wi566377,2026-08-09,AH Theelichten maxi 10 uur,cooking-dining-free-time
598000,0,AH Knoopcel 2032 4-pack,AH,koken-tafelen-vrije-tijd,"Koken, tafelen, vrije tijd",Knoopcelbatterijen,23.77,27.96,15.0,15% volume voordeel,,,4 stuks,,True,AHOO,15% volume voordeel,2026-08-09,2999-12-31,,True,AH,https://www.ah.nl/producten/product/wi598000,2026-08-09,AH Knoopcel 2032 4-pack,cooking-dining-free-time
598077,0,AH Servet jungle 33cm 2-pack,AH,koken-tafelen-vrije-tijd,"Koken, tafelen, vrije tijd",Servetten,3.86,3.98,3.0,3% volume voordeel,,,2 stuks,,True,AHOO,3% volume voordeel,2026-08-09,2999-12-31,,True,AH,https://www.ah.nl/producten/product/wi598077,2026-08-09,AH Servet jungle 33cm 2-pack,cooking-dining-free-time
142805,568809, Linda,,koken-tafelen-vrije-tijd,"Koken, tafelen, vrije tijd",Tijdschriften,7.95,7.95,,,,,per stuk,,False,,,,,,True,AH,https://www.ah.nl/producten/product/wi142805,2026-08-09, Linda,cooking-dining-free-time
514522,25521,AH Beker blad,AH,koken-tafelen-vrije-tijd,"Koken, tafelen, vrije tijd",Wegwerpbekers,1.99,1.99,,,,,12 stuks,,False,,,,,,True,AH,https://www.ah.nl/producten/product/wi514522,2026-08-09,AH Beker blad,cooking-dining-free-time
556852,737663,AH Bord rond wit bagasse 180mm,AH,koken-tafelen-vrije-tijd,"Koken, tafelen, vrije tijd",Wegwerpborden,1.89,1.89,,,,,12 stuks,,False,,,,,,True,AH,https://www.ah.nl/producten/product/wi556852,2026-08-09,AH Bord rond wit bagasse 180mm,cooking-dining-free-time
597531,0,AH Bakje blad 4-pack,AH,koken-tafelen-vrije-tijd,"Koken, tafelen, vrije tijd","Kommen, schaaltjes",7.16,7.96,10.0,10% volume voordeel,,,4 stuks,,True,AHOO,10% volume voordeel,2026-08-09,2999-12-31,,True,AH,https://www.ah.nl/producten/product/wi597531,2026-08-09,AH Bakje blad 4-pack,cooking-dining-free-time
617817,0,AH Elektronische aansteker F2 turbo 3-pack,AH,koken-tafelen-vrije-tijd,"Koken, tafelen, vrije tijd","Lucifers, aanstekers",4.66,5.07,8.0,8% volume voordeel,,,3 stuks,,True,AHOO,8% volume voordeel,2026-08-09,2999-12-31,,True,AH,https://www.ah.nl/producten/product/wi617817,2026-08-09,AH Elektronische aansteker F2 turbo 3-pack,cooking-dining-free-time
620995,0,AH Schaar 3-pack,AH,koken-tafelen-vrije-tijd,"Koken, tafelen, vrije tijd","Schaar, rasp, kaasschaaf",8.25,8.97,8.0,8% volume voordeel,,,3 stuks,,True,AHOO,8% volume voordeel,2026-08-09,2999-12-31,,True,AH,https://www.ah.nl/producten/product/wi620995,2026-08-09,AH Schaar 3-pack,cooking-dining-free-time
514521,25496,AH Bord blad 22cm,AH,koken-tafelen-vrije-tijd,"Koken, tafelen, vrije tijd",Wegwerpborden,1.99,1.99,,,,,10 stuks,,False,,,,,,True,AH,https://www.ah.nl/producten/product/wi514521,2026-08-09,AH Bord blad 22cm,cooking-dining-free-time
617761,0,AH Party cups 2-pack,AH,koken-tafelen-vrije-tijd,"Koken, tafelen, vrije tijd",Wegwerpbekers,5.02,5.18,3.0,3% volume voordeel,,,2 stuks,,True,AHOO,3% volume voordeel,2026-08-09,2999-12-31,,True,AH,https://www.ah.nl/producten/product/wi617761,2026-08-09,AH Party cups 2-pack,cooking-dining-free-time
618791,0,AH Knoopcel 2032 2-pack,AH,koken-tafelen-vrije-tijd,"Koken, tafelen, vrije tijd",Knoopcelbatterijen,13.28,13.98,5.0,5% volume voordeel,,,2 stuks,,True,AHOO,5% volume voordeel,2026-08-09,2999-12-31,,True,AH,https://www.ah.nl/producten/product/wi618791,2026-08-09,AH Knoopcel 2032 2-pack,cooking-dining-free-time
196910,640857,"AH Micro AAA alkaline 1,5V LR03",AH,koken-tafelen-vrije-tijd,"Koken, tafelen, vrije tijd",AAA batterijen,6.79,6.79,,,,,8 stuks,,False,,,,,,True,AH,https://www.ah.nl/producten/product/wi196910,2026-08-09,"AH Micro AAA alkaline 1,5V LR03",cooking-dining-free-time
597561,0,"AH Micro AAA alkaline 1,5V LR03 4-pack",AH,koken-tafelen-vrije-tijd,"Koken, tafelen, vrije tijd",AAA batterijen,23.09,27.16,15.0,15% volume voordeel,,,4 stuks,,True,AHOO,15% volume voordeel,2026-08-09,2999-12-31,,True,AH,https://www.ah.nl/producten/product/wi597561,2026-08-09,"AH Micro AAA alkaline 1,5V LR03 4-pack",cooking-dining-free-time
80586,843271,Bic M10 original balpennen blauw,Bic,koken-tafelen-vrije-tijd,"Koken, tafelen, vrije tijd",Schrijfwaren en plakband,4.99,4.99,,,,,4 stuks,,False,,,,,,True,AH,https://www.ah.nl/producten/product/wi80586,2026-08-09,Bic M10 original balpennen blauw,cooking-dining-free-time
514506,24634,AH Kaarsjes,AH,koken-tafelen-vrije-tijd,"Koken, tafelen, vrije tijd",Taartversiering,0.99,0.99,,,,,24 stuks,,False,,,,,,True,AH,https://www.ah.nl/producten/product/wi514506,2026-08-09,AH Kaarsjes,cooking-dining-free-time
618792,0,AH Knoopcel 2032 3-pack,AH,koken-tafelen-vrije-tijd,"Koken, tafelen, vrije tijd",Knoopcelbatterijen,18.87,20.97,10.0,10% volume voordeel,,,3 stuks,,True,AHOO,10% volume voordeel,2026-08-09,2999-12-31,,True,AH,https://www.ah.nl/producten/product/wi618792,2026-08-09,AH Knoopcel 2032 3-pack,cooking-dining-free-time
619380,0,AH Beker blad 4-pack,AH,koken-tafelen-vrije-tijd,"Koken, tafelen, vrije tijd",Wegwerpbekers,7.16,7.96,10.0,10% volume voordeel,,,4 stuks,,True,AHOO,10% volume voordeel,2026-08-09,2999-12-31,,True,AH,https://www.ah.nl/producten/product/wi619380,2026-08-09,AH Beker blad 4-pack,cooking-dining-free-time
620996,0,AH Schaar 4-pack,AH,koken-tafelen-vrije-tijd,"Koken, tafelen, vrije tijd","Schaar, rasp, kaasschaaf",10.76,11.96,10.0,10% volume voordeel,,,4 stuks,,True,AHOO,10% volume voordeel,2026-08-09,2999-12-31,,True,AH,https://www.ah.nl/producten/product/wi620996,2026-08-09,AH Schaar 4-pack,cooking-dining-free-time
621732,0,AH Servet ruit 3-pack,AH,koken-tafelen-vrije-tijd,"Koken, tafelen, vrije tijd",Servetten,5.67,5.97,5.0,5% volume voordeel,,,3 stuks,,True,AHOO,5% volume voordeel,2026-08-09,2999-12-31,,True,AH,https://www.ah.nl/producten/product/wi621732,2026-08-09,AH Servet ruit 3-pack,cooking-dining-free-time
441067,704701,AH Houtwol brandt schoon & geurloos,AH,koken-tafelen-vrije-tijd,"Koken, tafelen, vrije tijd",Aanmaakblokjes,4.99,4.99,,,,,40 stuks,,False,,,,,,True,AH,https://www.ah.nl/producten/product/wi441067,2026-08-09,AH Houtwol brandt schoon & geurloos,cooking-dining-free-time
587102,32603,AH Mes herbruikbaar,AH,koken-tafelen-vrije-tijd,"Koken, tafelen, vrije tijd",Bestek,2.99,2.99,,,,,10 stuks,,False,,,,,,True,AH,https://www.ah.nl/producten/product/wi587102,2026-08-09,AH Mes herbruikbaar,cooking-dining-free-time
617762,0,AH Party cups 3-pack,AH,koken-tafelen-vrije-tijd,"Koken, tafelen, vrije tijd",Wegwerpbekers,7.38,7.77,5.0,5% volume voordeel,,,3 stuks,,True,AHOO,5% volume voordeel,2026-08-09,2999-12-31,,True,AH,https://www.ah.nl/producten/product/wi617762,2026-08-09,AH Party cups 3-pack,cooking-dining-free-time
621045,0,AH Bakje blad 3-pack,AH,koken-tafelen-vrije-tijd,"Koken, tafelen, vrije tijd","Kommen, schaaltjes",5.67,5.97,5.0,5% volume voordeel,,,3 stuks,,True,AHOO,5% volume voordeel,2026-08-09,2999-12-31,,True,AH,https://www.ah.nl/producten/product/wi621045,2026-08-09,AH Bakje blad 3-pack,cooking-dining-free-time
142807,578321, Tvfilm,,koken-tafelen-vrije-tijd,"Koken, tafelen, vrije tijd",Tijdschriften,2.74,2.74,,,,,per stuk,,False,,,,,,True,AH,https://www.ah.nl/producten/product/wi142807,2026-08-09, Tvfilm,cooking-dining-free-time
146668,88838, Varia 3* bundel,,koken-tafelen-vrije-tijd,"Koken, tafelen, vrije tijd",Puzzelboekjes,5.25,5.25,,,,,per stuk,,False,,,,,,True,AH,https://www.ah.nl/producten/product/wi146668,2026-08-09, Varia 3* bundel,cooking-dining-free-time
514577,29072,Curver Smart fresh bewaardoos rechthoekig 1l,Curver,koken-tafelen-vrije-tijd,Huishouden,Vershoudbakjes,3.69,3.69,,,,,per stuk,,False,,,,,,True,AH,https://www.ah.nl/producten/product/wi514577,2026-08-09,Curver Smart fresh bewaardoos rechthoekig 1l,cooking-dining-free-time
556497,710999,AH Theedoeken grijs,AH,koken-tafelen-vrije-tijd,"Koken, tafelen, vrije tijd",Keukentextiel,4.99,4.99,,,,,per set,,False,,,,,,True,AH,https://www.ah.nl/producten/product/wi556497,2026-08-09,AH Theedoeken grijs,cooking-dining-free-time
384516,843327,Edding Permanent marker zwart,Edding,koken-tafelen-vrije-tijd,"Koken, tafelen, vrije tijd",Schrijfwaren en plakband,3.49,3.49,,,,,per stuk,,False,,,,,,True,AH,https://www.ah.nl/producten/product/wi384516,2026-08-09,Edding Permanent marker zwart,cooking-dining-free-time
437371,63138,Duracell 2032 Lithium-knoopcelbatterijen CR2032,Duracell,koken-tafelen-vrije-tijd,"Koken, tafelen, vrije tijd",Knoopcelbatterijen,5.99,9.99,40.0,40% korting,,,4 stuks,,True,AH,40% korting,2026-08-10,2026-08-16,,True,AH,https://www.ah.nl/producten/product/wi437371,2026-08-09,Duracell 2032 Lithium-knoopcelbatterijen CR2032,cooking-dining-free-time
556848,619541,AH Shot glaasjes,AH,koken-tafelen-vrije-tijd,"Koken, tafelen, vrije tijd",Wegwerpbekers,1.69,1.69,,,,,24 stuks,,False,,,,,,True,AH,https://www.ah.nl/producten/product/wi556848,2026-08-09,AH Shot glaasjes,cooking-dining-free-time
589524,35198,24Basics Lijmstift 2-pack,24Basics,koken-tafelen-vrije-tijd,"Koken, tafelen, vrije tijd","Hobby, vrije tijd",1.87,2.49,25.0,25% korting,,,2 stuks,,True,AH,25% korting,2026-08-10,2026-08-16,,True,AH,https://www.ah.nl/producten/product/wi589524,2026-08-09,24Basics Lijmstift 2-pack,cooking-dining-free-time
597544,0,AH Bord jungle 22cm 2-pack,AH,koken-tafelen-vrije-tijd,"Koken, tafelen, vrije tijd",Wegwerpborden,3.86,3.98,3.0,3% volume voordeel,,,2 stuks,,True,AHOO,3% volume voordeel,2026-08-09,2999-12-31,,True,AH,https://www.ah.nl/producten/product/wi597544,2026-08-09,AH Bord jungle 22cm 2-pack,cooking-dining-free-time
614152,0,Duracell 2032 Lithium-knoopcelbatterij CR2032 2pk,Duracell,koken-tafelen-vrije-tijd,"Koken, tafelen, vrije tijd",Knoopcelbatterijen,15.98,19.98,20.0,20% volume voordeel,,,2 stuks,,True,AHOO,20% volume voordeel,2026-08-09,2026-08-09,,True,AH,https://www.ah.nl/producten/product/wi614152,2026-08-09,Duracell 2032 Lithium-knoopcelbatterij CR2032 2pk,cooking-dining-free-time
617445,0,AH Tapasprikkers 18 cm 3-pack,AH,koken-tafelen-vrije-tijd,"Koken, tafelen, vrije tijd","Prikkers, touw",5.49,5.97,8.0,8% volume voordeel,,,3 stuks,,True,AHOO,8% volume voordeel,2026-08-09,2999-12-31,,True,AH,https://www.ah.nl/producten/product/wi617445,2026-08-09,AH Tapasprikkers 18 cm 3-pack,cooking-dining-free-time
617446,0,AH Tapasprikkers 18 cm 4-pack,AH,koken-tafelen-vrije-tijd,"Koken, tafelen, vrije tijd","Prikkers, touw",7.16,7.96,10.0,10% volume voordeel,,,4 stuks,,True,AHOO,10% volume voordeel,2026-08-09,2999-12-31,,True,AH,https://www.ah.nl/producten/product/wi617446,2026-08-09,AH Tapasprikkers 18 cm 4-pack,cooking-dining-free-time
621044,0,AH Bakje blad 2-pack,AH,koken-tafelen-vrije-tijd,"Koken, tafelen, vrije tijd","Kommen, schaaltjes",3.86,3.98,3.0,3% volume voordeel,,,2 stuks,,True,AHOO,3% volume voordeel,2026-08-09,2999-12-31,,True,AH,https://www.ah.nl/producten/product/wi621044,2026-08-09,AH Bakje blad 2-pack,cooking-dining-free-time
621073,0,AH Lepel herbruikbaar 2-pack,AH,koken-tafelen-vrije-tijd,"Koken, tafelen, vrije tijd",Bestek,5.8,5.98,3.0,3% volume voordeel,,,2 stuks,,True,AHOO,3% volume voordeel,2026-08-09,2999-12-31,,True,AH,https://www.ah.nl/producten/product/wi621073,2026-08-09,AH Lepel herbruikbaar 2-pack,cooking-dining-free-time
481834,736610,Duracell Plus 9V-alkaline batterijen 6LR61,Duracell,koken-tafelen-vrije-tijd,"Koken, tafelen, vrije tijd",9V batterijen en overige batterijen,4.79,7.99,40.0,40% korting,,,per stuk,,True,AH,40% korting,2026-08-10,2026-08-16,,True,AH,https://www.ah.nl/producten/product/wi481834,2026-08-09,Duracell Plus 9V-alkaline batterijen 6LR61,cooking-dining-free-time
619382,0,AH Bord blad 15cm 4-pack,AH,koken-tafelen-vrije-tijd,"Koken, tafelen, vrije tijd",Wegwerpborden,5.36,5.96,10.0,10% volume voordeel,,,4 stuks,,True,AHOO,10% volume voordeel,2026-08-09,2999-12-31,,True,AH,https://www.ah.nl/producten/product/wi619382,2026-08-09,AH Bord blad 15cm 4-pack,cooking-dining-free-time
619575,0,AH Servet jungle 33cm 4-pack,AH,koken-tafelen-vrije-tijd,"Koken, tafelen, vrije tijd",Servetten,7.16,7.96,10.0,10% volume voordeel,,,4 stuks,,True,AHOO,10% volume voordeel,2026-08-09,2999-12-31,,True,AH,https://www.ah.nl/producten/product/wi619575,2026-08-09,AH Servet jungle 33cm 4-pack,cooking-dining-free-time
621074,0,AH Lepel herbruikbaar 3-pack,AH,koken-tafelen-vrije-tijd,"Koken, tafelen, vrije tijd",Bestek,8.52,8.97,5.0,5% volume voordeel,,,3 stuks,,True,AHOO,5% volume voordeel,2026-08-09,2999-12-31,,True,AH,https://www.ah.nl/producten/product/wi621074,2026-08-09,AH Lepel herbruikbaar 3-pack,cooking-dining-free-time
142787,29093, Libelle,,koken-tafelen-vrije-tijd,"Koken, tafelen, vrije tijd",Tijdschriften,5.6,5.6,,,,,per stuk,,False,,,,,,True,AH,https://www.ah.nl/producten/product/wi142787,2026-08-09, Libelle,cooking-dining-free-time
514262,14535,AH Cocktail prikker,AH,koken-tafelen-vrije-tijd,"Koken, tafelen, vrije tijd","Prikkers, touw",0.99,0.99,,,,,8 stuks,,False,,,,,,True,AH,https://www.ah.nl/producten/product/wi514262,2026-08-09,AH Cocktail prikker,cooking-dining-free-time
580258,23813,AH Koekenpan easy chef 28cm,AH,koken-tafelen-vrije-tijd,"Koken, tafelen, vrije tijd",Koekenpannen,19.99,19.99,,,,,per stuk,,False,,,,,,True,AH,https://www.ah.nl/producten/product/wi580258,2026-08-09,AH Koekenpan easy chef 28cm,cooking-dining-free-time
597543,0,AH Bord blad 22cm 2-pack,AH,koken-tafelen-vrije-tijd,"Koken, tafelen, vrije tijd",Wegwerpborden,3.86,3.98,3.0,3% volume voordeel,,,2 stuks,,True,AHOO,3% volume voordeel,2026-08-09,2999-12-31,,True,AH,https://www.ah.nl/producten/product/wi597543,2026-08-09,AH Bord blad 22cm 2-pack,cooking-dining-free-time
619379,0,AH Beker blad 3-pack,AH,koken-tafelen-vrije-tijd,"Koken, tafelen, vrije tijd",Wegwerpbekers,5.67,5.97,5.0,5% volume voordeel,,,3 stuks,,True,AHOO,5% volume voordeel,2026-08-09,2999-12-31,,True,AH,https://www.ah.nl/producten/product/wi619379,2026-08-09,AH Beker blad 3-pack,cooking-dining-free-time
620909,0,AH Koekenpan easy chef 28cm 2-pack,AH,koken-tafelen-vrije-tijd,"Koken, tafelen, vrije tijd",Koekenpannen,38.38,39.98,4.0,4% volume voordeel,,,2 stuks,,True,AHOO,4% volume voordeel,2026-08-09,2999-12-31,,True,AH,https://www.ah.nl/producten/product/wi620909,2026-08-09,AH Koekenpan easy chef 28cm 2-pack,cooking-dining-free-time
142791,29102, Donald duck,,koken-tafelen-vrije-tijd,"Koken, tafelen, vrije tijd",Tijdschriften,4.3,4.3,,,,,per stuk,,False,,,,,,True,AH,https://www.ah.nl/producten/product/wi142791,2026-08-09, Donald duck,cooking-dining-free-time
413841,856695,AH Bindtouw rood,AH,koken-tafelen-vrije-tijd,"Koken, tafelen, vrije tijd","Prikkers, touw",2.69,2.69,,,,,per stuk,,False,,,,,,True,AH,https://www.ah.nl/producten/product/wi413841,2026-08-09,AH Bindtouw rood,cooking-dining-free-time
545166,654018,AH Theelichten 6 uur,AH,koken-tafelen-vrije-tijd,"Koken, tafelen, vrije tijd",Theelichten,4.59,4.59,,,,,50 stuks,,False,,,,,,True,AH,https://www.ah.nl/producten/product/wi545166,2026-08-09,AH Theelichten 6 uur,cooking-dining-free-time
598418,0,AH Mes herbruikbaar 4-pack,AH,koken-tafelen-vrije-tijd,"Koken, tafelen, vrije tijd",Bestek,10.76,11.96,10.0,10% volume voordeel,,,4 stuks,,True,AHOO,10% volume voordeel,2026-08-09,2999-12-31,,True,AH,https://www.ah.nl/producten/product/wi598418,2026-08-09,AH Mes herbruikbaar 4-pack,cooking-dining-free-time
617327,0,AH Bindtouw rood 2-pack,AH,koken-tafelen-vrije-tijd,"Koken, tafelen, vrije tijd","Prikkers, touw",5.11,5.38,5.0,5% volume voordeel,,,2 stuks,,True,AHOO,5% volume voordeel,2026-08-09,2999-12-31,,True,AH,https://www.ah.nl/producten/product/wi617327,2026-08-09,AH Bindtouw rood 2-pack,cooking-dining-free-time
619381,0,AH Bord blad 15cm 3-pack,AH,koken-tafelen-vrije-tijd,"Koken, tafelen, vrije tijd",Wegwerpborden,4.25,4.47,5.0,5% volume voordeel,,,3 stuks,,True,AHOO,5% volume voordeel,2026-08-09,2999-12-31,,True,AH,https://www.ah.nl/producten/product/wi619381,2026-08-09,AH Bord blad 15cm 3-pack,cooking-dining-free-time
2856,13906,AH Haardblok,AH,koken-tafelen-vrije-tijd,"Koken, tafelen, vrije tijd",Haardhout,2.69,2.69,,,,,per stuk,,False,,,,,,True,AH,https://www.ah.nl/producten/product/wi2856,2026-08-09,AH Haardblok,cooking-dining-free-time
514253,7390,AH Papieren uitdeelzakjes,AH,koken-tafelen-vrije-tijd,"Koken, tafelen, vrije tijd",Feestversiering en traktatie,1.69,1.69,,,,,8 stuks,,False,,,,,,True,AH,https://www.ah.nl/producten/product/wi514253,2026-08-09,AH Papieren uitdeelzakjes,cooking-dining-free-time
597775,46386,Blue Home Eierkoker,Blue Home,koken-tafelen-vrije-tijd,"Koken, tafelen, vrije tijd","Keukenmachines, blenders en staafmixers",13.49,13.49,,,,,per stuk,,False,,,,,,True,AH,https://www.ah.nl/producten/product/wi597775,2026-08-09,Blue Home Eierkoker,cooking-dining-free-time
614153,0,Duracell 2032 Lithium-knoopcelbatterij CR2032 3pk,Duracell,koken-tafelen-vrije-tijd,"Koken, tafelen, vrije tijd",Knoopcelbatterijen,20.98,29.97,30.0,30% volume voordeel,,,3 stuks,,True,AHOO,30% volume voordeel,2026-08-09,2026-08-09,,True,AH,https://www.ah.nl/producten/product/wi614153,2026-08-09,Duracell 2032 Lithium-knoopcelbatterij CR2032 3pk,cooking-dining-free-time
620910,0,AH Koekenpan easy chef 28cm 3-pack,AH,koken-tafelen-vrije-tijd,"Koken, tafelen, vrije tijd",Koekenpannen,56.97,59.97,5.0,5% volume voordeel,,,3 stuks,,True,AHOO,5% volume voordeel,2026-08-09,2999-12-31,,True,AH,https://www.ah.nl/producten/product/wi620910,2026-08-09,AH Koekenpan easy chef 28cm 3-pack,cooking-dining-free-time
620911,0,AH Koekenpan easy chef 28cm 4-pack,AH,koken-tafelen-vrije-tijd,"Koken, tafelen, vrije tijd",Koekenpannen,74.36,79.96,7.0,7% volume voordeel,,,4 stuks,,True,AHOO,7% volume voordeel,2026-08-09,2999-12-31,,True,AH,https://www.ah.nl/producten/product/wi620911,2026-08-09,AH Koekenpan easy chef 28cm 4-pack,cooking-dining-free-time
41468,23442,Farmlight Lampolie helder,Farmlight,koken-tafelen-vrije-tijd,"Koken, tafelen, vrije tijd",Buitenkaarsen en lampolie,3.79,3.79,,,,,1 l,prijs per liter €3.79,False,,,,,,True,AH,https://www.ah.nl/producten/product/wi41468,2026-08-09,Farmlight Lampolie helder,cooking-dining-free-time
136832,607128,AH AAA alkaline batterijen,AH,koken-tafelen-vrije-tijd,"Koken, tafelen, vrije tijd",AAA batterijen,3.99,3.99,,,,,4 stuks,,False,,,,,,True,AH,https://www.ah.nl/producten/product/wi136832,2026-08-09,AH AAA alkaline batterijen,cooking-dining-free-time
413813,856665,"AH Bewaardoos 1,2 l vierkant",AH,koken-tafelen-vrije-tijd,Huishouden,Vershoudbakjes,3.99,3.99,,,,,3 stuks,,False,,,,,,True,AH,https://www.ah.nl/producten/product/wi413813,2026-08-09,"AH Bewaardoos 1,2 l vierkant",cooking-dining-free-time
413816,856668,AH Bewaardoos 0.25ltr vierkant,AH,koken-tafelen-vrije-tijd,Huishouden,Vershoudbakjes,2.79,2.79,,,,,4 stuks,,False,,,,,,True,AH,https://www.ah.nl/producten/product/wi413816,2026-08-09,AH Bewaardoos 0.25ltr vierkant,cooking-dining-free-time
589536,35226,24Basics Wit papier 80gram,24Basics,koken-tafelen-vrije-tijd,"Koken, tafelen, vrije tijd",Papierwaren,2.02,2.69,25.0,25% korting,,,100 stuks,,True,AH,25% korting,2026-08-10,2026-08-16,,True,AH,https://www.ah.nl/producten/product/wi589536,2026-08-09,24Basics Wit papier 80gram,cooking-dining-free-time
598079,0,AH Shot glaasjes 4-pack,AH,koken-tafelen-vrije-tijd,"Koken, tafelen, vrije tijd",Wegwerpbekers,6.08,6.76,10.0,10% volume voordeel,,,4 stuks,,True,AHOO,10% volume voordeel,2026-08-09,2999-12-31,,True,AH,https://www.ah.nl/producten/product/wi598079,2026-08-09,AH Shot glaasjes 4-pack,cooking-dining-free-time
617328,0,AH Bindtouw rood 3-pack,AH,koken-tafelen-vrije-tijd,"Koken, tafelen, vrije tijd","Prikkers, touw",7.42,8.07,8.0,8% volume voordeel,,,3 stuks,,True,AHOO,8% volume voordeel,2026-08-09,2999-12-31,,True,AH,https://www.ah.nl/producten/product/wi617328,2026-08-09,AH Bindtouw rood 3-pack,cooking-dining-free-time
617329,0,AH Bindtouw rood 4-pack,AH,koken-tafelen-vrije-tijd,"Koken, tafelen, vrije tijd","Prikkers, touw",9.68,10.76,10.0,10% volume voordeel,,,4 stuks,,True,AHOO,10% volume voordeel,2026-08-09,2999-12-31,,True,AH,https://www.ah.nl/producten/product/wi617329,2026-08-09,AH Bindtouw rood 4-pack,cooking-dining-free-time
619574,0,AH Servet jungle 33cm 3-pack,AH,koken-tafelen-vrije-tijd,"Koken, tafelen, vrije tijd",Servetten,5.67,5.97,5.0,5% volume voordeel,,,3 stuks,,True,AHOO,5% volume voordeel,2026-08-09,2999-12-31,,True,AH,https://www.ah.nl/producten/product/wi619574,2026-08-09,AH Servet jungle 33cm 3-pack,cooking-dining-free-time
413815,856667,AH Bewaardoos 0.45 liter vierkant,AH,koken-tafelen-vrije-tijd,Huishouden,Vershoudbakjes,3.29,3.29,,,,,4 stuks,,False,,,,,,True,AH,https://www.ah.nl/producten/product/wi413815,2026-08-09,AH Bewaardoos 0.45 liter vierkant,cooking-dining-free-time
